
       0.0000000        0.0000000 
       0.0000000        0.0000000 
       0.0000000        0.0000000 
       0.0000000        0.0000000 
       0.0000000        0.0000000 
       0.0000000        0.0000000 
       0.0000000        0.0000000 
       0.0000000        0.0000000 
       0.0000000        0.0000000 
       0.0000000        0.0000000 
       0.0000000        0.0000000 
       0.0000000        0.0000000 
       0.0000000        0.0000000 
       0.0000000        0.0000000 
       0.0000000        0.0000000 
       0.0000000        0.0000000 
       0.0000000        0.0000000 
       0.0000000        0.0000000 
       0.0000000        0.0000000 
       0.0000000        0.0000000 
       0.0000000        0.0000000 
       0.0000000        0.0000000 
       0.0000000        0.0000000 
       0.0000000        0.0000000 
       0.0000000        0.0000000 
       0.0000000        0.0000000 
       0.0000000        0.0000000 
       0.0000000        0.0000000 
       0.0000000        0.0000000 
   0.00032696482    0.00040630829 
   0.00038859400    0.00048289281 
   0.00040378294    0.00050176760 
   0.00047921091    0.00059549942 
   0.00038506502    0.00047850747 
   0.00037831341    0.00047011747 
   0.00026977894    0.00033524530 
   0.00018638638    0.00023161615 
   0.00019571076    0.00024320323 
   0.00015565196    0.00019342350 
   0.00022070126    0.00027425810 
   0.00030457368    0.00037848356 
   0.00031060226    0.00038597508 
   0.00038336873    0.00047639954 
   0.00031413200    0.00039036136 
   0.00042416958    0.00052710140 
   0.00036612856    0.00045497576 
   0.00035724057    0.00044393095 
   0.00043219459    0.00053707381 
   0.00036733862    0.00045647946 
   0.00050679548    0.00062977785 
   0.00068266514    0.00084832521 
   0.00072473862    0.00090060853 
   0.00083861908     0.0010421240 
   0.00072959689    0.00090664573 
   0.00079101896    0.00098297290 
   0.00060700262    0.00075430192 
   0.00056692525    0.00070449911 
   0.00070129688    0.00087147826 
    0.0011829549     0.0014700186 
    0.0024440621     0.0030371545 
    0.0036653867     0.0045548538 
    0.0042759578     0.0053135903 
    0.0049598329     0.0061634191 
    0.0040127829     0.0049865515 
    0.0049410025     0.0061400191 
    0.0047114965     0.0058548197 
    0.0035335752     0.0043910561 
    0.0033515467     0.0041648553 
    0.0026709876     0.0033191472 
    0.0038500109     0.0047842802 
    0.0041905137     0.0052074117 
    0.0038928817     0.0048375543 
    0.0050197343     0.0062378565 
    0.0042458485     0.0052761745 
    0.0045512250     0.0056556556 
    0.0037865401     0.0047054072 
    0.0030132465     0.0037444610 
    0.0029845890     0.0037088493 
    0.0029822915     0.0037059942 
    0.0051415219     0.0063891979 
    0.0065220776     0.0081047685 
    0.0062120452     0.0077195016 
    0.0083861908      0.010421240 
    0.0081066320      0.010073841 
     0.026367299      0.032765763 
      0.14067045       0.17480648 
      0.19958875       0.24802229 
      0.20549630       0.25536340 
      0.14818066       0.18413917 
      0.19209183       0.23870612 
      0.29617164       0.36804263 
      0.37997010       0.47217618 
      0.52713200       0.65504936 
      0.35759369       0.59983458 
      0.91248375        1.2414023 
      0.53387054       0.80644835 
      0.30429259       0.15920794 
      0.25835567       0.22558861 
      0.16575139      0.049372756 
      0.50424296       0.22859014 
      0.40257601       0.14604493 
      0.41754055       0.14882634 
      0.44161006       0.11543606 
      0.44144416       0.13786426 
      0.75182711       0.23733174 
      0.75718399       0.17613153 
       1.3204248       0.69625377 
       2.3326113       0.48493038 
      0.80930053       0.36411879 
       1.6948442       0.87692747 
      0.46629816       0.70655151 
      0.92989576       0.16920122 
      0.58865810      0.052287682 
      0.81076975        0.0000000 
      0.59002442       0.12751443 
      0.67315710      0.038247563 
      0.80620216       0.16652700 
       3.8585154       0.55785765 
       4.3679823       0.58755667 
       4.2534873       0.29271310 
       3.4719108        1.8883711 
       1.8620645        2.2094345 
       5.8170859        5.9910765 
       4.7563877        2.4583127 
       23.011709        2.0439587 
       20.730313        3.8972816 
       10.436424        9.9775436 
       16.257720        28.415711 
       47.486938        30.473252 
       65.357492        36.326415 
       48.570751        20.699855 
       79.610564        17.373683 
       84.545798        11.471866 
       67.115914        60.862913 
       34.634226        47.447760 
       31.005552        44.912280 
       21.305726        11.491155 
       19.730651        45.199585 

       0.0000000 
       0.0000000 
       0.0000000 
       0.0000000 
       0.0000000 
       0.0000000 
       0.0000000 
       0.0000000 
       0.0000000 
       0.0000000 
       0.0000000 
       0.0000000 
       0.0000000 
       0.0000000 
       0.0000000 
       0.0000000 
       0.0000000 
       0.0000000 
       0.0000000 
       0.0000000 
       0.0000000 
       0.0000000 
       0.0000000 
       0.0000000 
       0.0000000 
       0.0000000 
       0.0000000 
       0.0000000 
       0.0000000 
       8.4808414 
       18.560225 
       29.258815 
       42.601552 
       53.507824 
       64.284806 
       71.925808 
       77.174700 
       82.623902 
       86.909319 
       92.918534 
       101.35118 
       109.80820 
       120.24650 
       128.89520 
       140.57345 
       150.37980 
       159.31668 
       170.23954 
       178.94306 
       191.06737 
       207.08801 
       223.47188 
       242.17284 
       258.44264 
       273.73020 
       282.74060 
       288.18688 
       292.65340 
       299.62021 
       309.80756 
       323.67145 
       342.05945 
       365.45989 
       383.53175 
       400.78637 
       416.97424 
       430.25714 
       443.72550 
       453.93581 
       469.30958 
       487.84078 
       505.86743 
       531.09352 
       551.61523 
       573.70246 
       590.01291 
       600.07095 
       608.81456 
       616.28031 
       629.24836 
       645.76098 
       658.77496 
       668.44419 
       668.38439 
       670.01446 
       685.81526 
       697.89113 
       707.26323 
       711.11177 
       718.31375 
       731.91860 
       751.80124 
       782.90003 
       811.83579 
       829.73255 
       831.66982 
       866.38935 
       889.60390 
       910.48575 
       946.94005 
       1000.9263 
       1043.8468 
       1119.0462 
       1216.3897 
       1332.2891 
       1445.0388 
       1667.4607 
       2179.0241 
       2454.8196 
       2730.8210 
       3090.6990 
       3319.3946 
       3543.0596 
       3758.0212 
       4090.3770 
       4429.4408 
       4772.3511 
       4951.8396 
       5120.0285 
       5219.5665 
       5274.9862 
       5321.1072 
       5377.2597 
       5470.3283 
       5543.1605 
       5645.8859 
       5773.6906 
       5858.0726 
       5908.2662 
       5950.3524 
       6025.7192 
       6069.2820 
       6121.0080 
       6153.2495 
       6180.0220 
       6197.7966 
       6204.6378 
       6203.2762 
rc =       1.0000000 
uno-strad

       0.0000000 
       0.0000000 
       0.0000000 
       0.0000000 
       0.0000000 
       0.0000000 
       0.0000000 
       0.0000000 
       0.0000000 
       0.0000000 
       0.0000000 
       0.0000000 
       0.0000000 
       0.0000000 
       0.0000000 
       0.0000000 
       0.0000000 
       0.0000000 
       0.0000000 
       0.0000000 
       0.0000000 
       0.0000000 
       0.0000000 
       0.0000000 
       0.0000000 
       0.0000000 
       0.0000000 
       0.0000000 
       0.0000000 
       4.2613783 
       9.3259782 
       14.701711 
       21.406051 
       26.886139 
       32.301262 
       36.140645 
       38.778062 
       41.516129 
       43.669427 
       46.688884 
       50.926046 
       55.175457 
       60.420399 
       64.766120 
       70.634107 
       75.561515 
       80.052041 
       85.540461 
       89.913728 
       96.005843 
       104.05575 
       112.28818 
       121.68487 
       129.85998 
       137.54153 
       142.06900 
       144.80560 
       147.06095 
       150.59028 
       155.76312 
       162.82112 
       172.19981 
       184.15893 
       193.50691 
       202.52138 
       211.09170 
       218.30518 
       225.73232 
       231.65842 
       240.32875 
       250.74784 
       261.07754 
       275.19231 
       287.10096 
       299.93777 
       309.99693 
       317.01169 
       323.44171 
       329.27965 
       337.90823 
       348.32409 
       356.96493 
       363.89466 
       365.88551 
       368.66018 
       378.48366 
       386.36250 
       392.81631 
       396.43637 
       401.69930 
       410.15437 
       421.74232 
       438.94750 
       436.91258 
       492.90361 
       509.93104 
       510.77354 
       509.69712 
       505.63814 
       504.38196 
       500.74993 
       497.80776 
       494.15923 
       491.91404 
       491.09999 
       486.57951 
       481.80031 
       478.11612 
       473.32536 
       474.18257 
       482.34523 
       494.10873 
       505.89955 
       512.12373 
       535.59646 
       559.91746 
       579.17920 
       588.28418 
       596.27266 
       595.18676 
       588.09757 
       582.47806 
       574.82392 
       585.58089 
       586.60698 
       598.59501 
       598.55579 
       591.82112 
       599.99562 
       609.03040 
       624.12962 
       650.77869 
       654.80276 
       662.14059 
       664.79042 
       660.37070 
       652.84003 
       643.61684 
rc =       1.0000000 
due-fer

       0.0000000 
       0.0000000 
       0.0000000 
       0.0000000 
       0.0000000 
       0.0000000 
       0.0000000 
       0.0000000 
       0.0000000 
       0.0000000 
       0.0000000 
       0.0000000 
       0.0000000 
       0.0000000 
       0.0000000 
       0.0000000 
       0.0000000 
       0.0000000 
       0.0000000 
       0.0000000 
       0.0000000 
       0.0000000 
       0.0000000 
       0.0000000 
       0.0000000 
       0.0000000 
       0.0000000 
       0.0000000 
       0.0000000 
       0.0000000 
       0.0000000 
       0.0000000 
       0.0000000 
       0.0000000 
       0.0000000 
       0.0000000 
       0.0000000 
       0.0000000 
       0.0000000 
       0.0000000 
       0.0000000 
       0.0000000 
       0.0000000 
       0.0000000 
       0.0000000 
       0.0000000 
       0.0000000 
       0.0000000 
       0.0000000 
       0.0000000 
       0.0000000 
       0.0000000 
       0.0000000 
       0.0000000 
       0.0000000 
       0.0000000 
       0.0000000 
       0.0000000 
       0.0000000 
       0.0000000 
       0.0000000 
       0.0000000 
       0.0000000 
       0.0000000 
       0.0000000 
       0.0000000 
       0.0000000 
       0.0000000 
       0.0000000 
       0.0000000 
       0.0000000 
       0.0000000 
       0.0000000 
       0.0000000 
       0.0000000 
       0.0000000 
       0.0000000 
       0.0000000 
       0.0000000 
       0.0000000 
       0.0000000 
       0.0000000 
       0.0000000 
       0.0000000 
       0.0000000 
       0.0000000 
       0.0000000 
       0.0000000 
       0.0000000 
       0.0000000 
       0.0000000 
       0.0000000 
       0.0000000 
       0.0000000 
       0.0000000 
       0.0000000 
       0.0000000 
       0.0000000 
       0.0000000 
       0.0000000 
       0.0000000 
       0.0000000 
       0.0000000 
       0.0000000 
       0.0000000 
       0.0000000 
       0.0000000 
       0.0000000 
       0.0000000 
       0.0000000 
     0.044122621 
     0.044122621 
     0.044122621 
     0.044122621 
     0.044122621 
     0.044122621 
     0.044122621 
     0.044122621 
     0.044122621 
     0.044122621 
     0.044122621 
       2.1853758 
       7.8368432 
       12.233982 
       20.489293 
       21.436439 
       21.964664 
       25.290602 
       28.867070 
       30.745467 
       42.971739 
       61.055774 
       61.058501 
       61.092819 
       61.097161 
       61.097161 
       61.109579 
       61.118743 
rc =       1.0000000 
tre-mar

       0.0000000 
       0.0000000 
       0.0000000 
       0.0000000 
       0.0000000 
       0.0000000 
       0.0000000 
       0.0000000 
       0.0000000 
       0.0000000 
       0.0000000 
       0.0000000 
       0.0000000 
       0.0000000 
       0.0000000 
       0.0000000 
       0.0000000 
       0.0000000 
       0.0000000 
       0.0000000 
       0.0000000 
       0.0000000 
       0.0000000 
       0.0000000 
       0.0000000 
       0.0000000 
       0.0000000 
       0.0000000 
       0.0000000 
     0.013971732 
     0.030576978 
     0.048202330 
     0.070183775 
     0.088151275 
      0.10590578 
      0.11849392 
      0.12714119 
      0.13611845 
      0.14317845 
      0.15307831 
      0.16697064 
      0.18090314 
      0.19809967 
      0.21234793 
      0.23158724 
      0.24774267 
      0.26246571 
      0.28046053 
      0.29479911 
      0.31477326 
      0.34116641 
      0.36815795 
      0.39896679 
      0.42577041 
      0.45095585 
      0.46580000 
      0.47473125 
      0.48201817 
      0.49338618 
      0.50999861 
      0.53260964 
      0.56259124 
      0.60074313 
      0.63001308 
      0.65780951 
      0.68371465 
      0.70468099 
      0.72579120 
      0.74138351 
      0.76533487 
      0.79437462 
      0.82247832 
      0.86238853 
      0.89453034 
      0.92925977 
      0.95453288 
      0.96957472 
      0.98253373 
      0.99348983 
       1.0136019 
       1.0396506 
       1.0600103 
       1.0749369 
       1.0738879 
       1.0756499 
       1.1007557 
       1.1197070 
       1.1341760 
       1.1395101 
       1.1503303 
       1.1717379 
       1.2035245 
       1.2538357 
       1.2347423 
       1.2152525 
       1.1954027 
       1.1751786 
       1.4589144 
       1.4379025 
       1.4164312 
       1.9427618 
       2.2895927 
       2.2665253 
       2.4891242 
       3.1532255 
       3.1513736 
       3.9005467 
       7.0234495 
       29.781078 
       31.073370 
       31.765343 
       38.301205 
       38.302195 
       38.693469 
       39.088772 
       39.057690 
       39.419531 
       39.388053 
       39.356465 
       42.886306 
       44.658783 
       50.013995 
       64.532066 
       77.692732 
       102.42540 
       105.23732 
       106.79248 
       116.73905 
       127.43331 
       133.03349 
       169.67269 
       223.88148 
       223.84075 
       223.88885 
       223.82766 
       223.67555 
       223.51371 
       223.28518 
rc =       1.0000000 
qua-com

       0.0000000 
       0.0000000 
       0.0000000 
       0.0000000 
       0.0000000 
       0.0000000 
       0.0000000 
       0.0000000 
       0.0000000 
       0.0000000 
       0.0000000 
       0.0000000 
       0.0000000 
       0.0000000 
       0.0000000 
       0.0000000 
       0.0000000 
       0.0000000 
       0.0000000 
       0.0000000 
       0.0000000 
       0.0000000 
       0.0000000 
       0.0000000 
       0.0000000 
       0.0000000 
       0.0000000 
       0.0000000 
       0.0000000 
      0.60777034 
       1.3300985 
       2.0968014 
       3.0529942 
       3.8345805 
       4.6069013 
       5.1544854 
       5.5306416 
       5.9211528 
       6.2282626 
       6.6589065 
       7.2632230 
       7.8692864 
       8.6173356 
       9.2371352 
       10.074045 
       10.776806 
       11.417258 
       12.200033 
       12.823761 
       13.692637 
       14.840739 
       16.014871 
       17.355055 
       18.521013 
       19.616579 
       20.262300 
       20.652602 
       20.974266 
       21.477630 
       22.215396 
       23.222028 
       24.559645 
       26.265290 
       27.599773 
       28.888582 
       30.116620 
       31.154870 
       32.228023 
       33.092671 
       34.354161 
       35.871121 
       37.382452 
       39.441395 
       41.195044 
       43.091913 
       44.605000 
       45.697975 
       46.722482 
       47.678910 
       49.049983 
       50.692515 
       52.098595 
       53.276345 
       53.765154 
       54.380261 
       56.014098 
       57.382906 
       58.558660 
       59.338839 
       60.358911 
       61.836893 
       63.762012 
       66.486582 
       71.597895 
       74.749084 
       74.885333 
       77.224029 
       78.668929 
       78.948377 
       79.690194 
       79.830760 
       80.215989 
       80.056813 
       81.106425 
       92.244635 
       92.908054 
       115.72635 
       126.57879 
       135.32712 
       143.22661 
       143.46172 
       145.39233 
       144.70497 
       144.01703 
       143.84771 
       143.01751 
       142.33456 
       141.46188 
       140.56797 
       140.68466 
       143.45314 
       148.97828 
       195.33259 
       203.65691 
       210.17131 
       228.00228 
       242.51921 
       260.70206 
       338.08582 
       485.73287 
       543.14513 
       602.91993 
       658.95358 
       738.85635 
       773.42134 
       796.43210 
       818.26732 
       830.61874 
rc =       1.0000000 
cin-edpub

       0.0000000 
       0.0000000 
       0.0000000 
       0.0000000 
       0.0000000 
       0.0000000 
       0.0000000 
       0.0000000 
       0.0000000 
       0.0000000 
       0.0000000 
       0.0000000 
       0.0000000 
       0.0000000 
       0.0000000 
       0.0000000 
       0.0000000 
       0.0000000 
       0.0000000 
       0.0000000 
       0.0000000 
       0.0000000 
       0.0000000 
       0.0000000 
       0.0000000 
       0.0000000 
       0.0000000 
       0.0000000 
       0.0000000 
       5.4908907 
       12.016752 
       18.943516 
       27.582224 
       34.643451 
       41.620970 
       46.568110 
       49.966486 
       53.494553 
       56.269131 
       60.159776 
       65.619463 
       71.094933 
       77.853170 
       83.452738 
       91.013784 
       97.362870 
       103.14902 
       110.22099 
       115.85605 
       123.70589 
       134.07840 
       144.68608 
       156.79395 
       167.32777 
       177.22565 
       183.05940 
       186.58557 
       189.49165 
       194.03928 
       200.70461 
       209.79901 
       221.88369 
       237.29331 
       249.34968 
       260.99340 
       272.07688 
       281.42897 
       291.07390 
       298.80283 
       310.08863 
       323.64923 
       337.12318 
       355.50801 
       371.08962 
       387.91515 
       401.21196 
       410.63918 
       419.36609 
       427.38508 
       439.05423 
       453.07354 
       464.85286 
       474.46756 
       477.75340 
       482.08484 
       495.52492 
       506.47702 
       515.60077 
       521.07032 
       528.64218 
       540.30194 
       555.97251 
       578.85781 
       581.90146 
       587.21053 
       618.77803 
       634.58995 
       651.02070 
       663.92493 
       677.70626 
       721.57543 
       759.32736 
       786.82480 
       806.17789 
       839.63426 
       867.53105 
       888.45169 
       898.36209 
       914.25572 
       932.97897 
       933.55756 
       943.73370 
       956.17859 
       965.74698 
       975.73727 
       977.64141 
       978.21308 
       975.49617 
       972.18082 
       980.46568 
       980.30835 
       990.80428 
       1006.0521 
       1009.1164 
       1028.1741 
       1071.1697 
       1116.1396 
       1150.7117 
       1180.8892 
       1212.8054 
       1280.1121 
       1384.0060 
       1446.3081 
       1482.7234 
       1531.6065 
       1599.6537 
       1673.6250 
       1731.0113 
rc =       1.0000000 
sei-idr

       0.0000000 
       0.0000000 
       0.0000000 
       0.0000000 
       0.0000000 
       0.0000000 
       0.0000000 
       0.0000000 
       0.0000000 
       0.0000000 
       0.0000000 
       0.0000000 
       0.0000000 
       0.0000000 
       0.0000000 
       0.0000000 
       0.0000000 
       0.0000000 
       0.0000000 
       0.0000000 
       0.0000000 
       0.0000000 
       0.0000000 
       0.0000000 
       0.0000000 
       0.0000000 
       0.0000000 
       0.0000000 
       0.0000000 
       4.4919119 
       9.8304983 
       15.497049 
       22.564084 
       28.340635 
       34.048707 
       38.095794 
       40.875891 
       43.762083 
       46.031872 
       49.214676 
       53.681062 
       58.160358 
       63.689044 
       68.269861 
       74.455297 
       79.649269 
       84.382725 
       90.168060 
       94.777913 
       101.19960 
       109.68500 
       118.36278 
       128.26782 
       136.88519 
       144.98231 
       149.75470 
       152.62610 
       154.96884 
       158.62366 
       163.96455 
       171.23400 
       180.87308 
       193.13892 
       202.54920 
       211.48576 
       219.81426 
       226.55494 
       233.34187 
       238.35480 
       246.05516 
       255.39144 
       264.42678 
       277.25791 
       287.59150 
       298.75702 
       306.88232 
       311.71827 
       315.88459 
       319.40698 
       325.87300 
       334.24766 
       340.79331 
       345.59222 
       345.25496 
       345.82144 
       353.89297 
       359.98580 
       364.63758 
       366.35249 
       369.83120 
       376.71374 
       386.93311 
       403.10818 
       411.18276 
       412.29714 
       410.72659 
       428.49710 
       441.29252 
       467.92355 
       480.05593 
       529.26270 
       557.54019 
       584.22011 
       599.46749 
       656.70156 
       708.02134 
       743.15833 
       762.85534 
       811.68106 
       982.94121 
       1347.3014 
       1638.9442 
       1717.3638 
       1791.9709 
       1905.8788 
       1961.7898 
       2010.7184 
       2064.4201 
       2114.4958 
       2186.8998 
       2269.6341 
       2299.1020 
       2376.3783 
       2618.7020 
       2651.1223 
       2679.5233 
       2715.7083 
       2758.3199 
       2846.8336 
       2938.0503 
       3001.7534 
       3038.4985 
       3078.9465 
       3151.2584 
       3213.5848 
       3255.3917 
       3277.1020 
       3288.6602 
rc =       1.0000000 
set-igien

       0.0000000 
       0.0000000 
       0.0000000 
       0.0000000 
       0.0000000 
       0.0000000 
       0.0000000 
       0.0000000 
       0.0000000 
       0.0000000 
       0.0000000 
       0.0000000 
       0.0000000 
       0.0000000 
       0.0000000 
       0.0000000 
       0.0000000 
       0.0000000 
       0.0000000 
       0.0000000 
       0.0000000 
       0.0000000 
       0.0000000 
       0.0000000 
       0.0000000 
       0.0000000 
       0.0000000 
       0.0000000 
       0.0000000 
       14.495672 
       31.723614 
       50.009918 
       72.815667 
       91.456948 
       109.87724 
       122.93744 
       131.90898 
       141.22290 
       148.54764 
       158.81875 
       173.23204 
       187.68700 
       205.52841 
       220.31098 
       240.27176 
       257.03302 
       272.30817 
       290.97780 
       305.85407 
       326.57725 
       353.96015 
       381.96388 
       413.92804 
       441.73680 
       467.86669 
       483.26750 
       492.57642 
       500.24830 
       512.21175 
       529.69942 
       553.50594 
       585.06771 
       625.23549 
       656.32976 
       686.07021 
       714.04691 
       737.11830 
       760.58213 
       778.55898 
       805.43380 
       837.78195 
       869.32169 
       913.22868 
       949.12375 
       987.70964 
       1016.4306 
       1034.4399 
       1050.1843 
       1063.7195 
       1086.6149 
       1115.5309 
       1138.4133 
       1155.5358 
       1155.9717 
       1159.2541 
       1186.7326 
       1207.8407 
       1224.3344 
       1231.4017 
       1244.2229 
       1268.0153 
       1302.5223 
       1356.1948 
       1386.8734 
       1404.7778 
       1415.5806 
       1457.7582 
       1523.7461 
       1571.0625 
       1674.9786 
       1823.6683 
       1954.3507 
       2111.4879 
       2187.6294 
       2224.5877 
       2250.2896 
       2299.3815 
       2322.4425 
       2368.0944 
       2415.1312 
       2442.0734 
       2523.6716 
       2621.1467 
       2719.6439 
       2812.0842 
       2939.6594 
       3197.2407 
       3453.9017 
       3694.0303 
       3812.1857 
       3917.3283 
       4002.8321 
       4059.6327 
       4116.0993 
       4089.8161 
       4066.1478 
       4068.4472 
       4063.4596 
       4038.5444 
       4012.1500 
       3996.8099 
       3987.7384 
       3951.6113 
       3921.4450 
       3880.7058 
       3834.8085 
       3786.7092 
       3735.7823 
rc =       1.0000000 
ot-bonif

       0.0000000 
       0.0000000 
       0.0000000 
       0.0000000 
       0.0000000 
       0.0000000 
       0.0000000 
       0.0000000 
       0.0000000 
       0.0000000 
       0.0000000 
       0.0000000 
       0.0000000 
       0.0000000 
       0.0000000 
       0.0000000 
       0.0000000 
       0.0000000 
       0.0000000 
       0.0000000 
       0.0000000 
       0.0000000 
       0.0000000 
       0.0000000 
       0.0000000 
       0.0000000 
       0.0000000 
       0.0000000 
       0.0000000 
       2.6196998 
       5.7331833 
       9.0379370 
       13.159458 
       16.528364 
       19.857333 
       22.217609 
       23.838972 
       25.522210 
       26.845959 
       28.702183 
       31.306996 
       33.919338 
       37.143688 
       39.815238 
       43.422607 
       46.451751 
       49.212320 
       52.586349 
       55.274833 
       59.019986 
       63.968701 
       69.029616 
       74.806273 
       79.831952 
       84.554222 
       87.337499 
       89.019835 
       90.406320 
       92.575993 
       95.756017 
       100.08895 
       105.83921 
       113.16282 
       118.86752 
       124.35208 
       129.54494 
       133.88440 
       138.33241 
       141.83099 
       146.98524 
       153.17705 
       159.27121 
       167.64539 
       174.61352 
       182.10355 
       187.83577 
       191.65032 
       195.06266 
       198.07422 
       202.77188 
       208.54418 
       213.20773 
       216.80774 
       217.36689 
       218.41271 
       223.80261 
       228.01743 
       231.38161 
       233.03249 
       235.71887 
       240.38886 
       247.00108 
       257.07796 
       262.70557 
       281.21355 
       290.20007 
       293.55165 
       295.90597 
       296.09898 
       303.34877 
       308.06314 
       312.41552 
       316.47519 
       319.76890 
       325.62489 
       331.30173 
       343.66202 
       373.12208 
       379.63805 
       395.64173 
       396.46050 
       402.07479 
       402.73113 
       403.76968 
       402.43780 
       400.78415 
       399.01124 
       407.85012 
       415.78576 
       420.68738 
       421.97230 
       419.50661 
       422.72557 
       423.65126 
       447.36800 
       467.35449 
       473.97080 
       486.42829 
       531.40104 
       590.66091 
       630.32585 
       696.41575 
       762.10999 
       811.61745 
       832.57821 
       851.41604 
       861.94545 
       870.85497 
rc =       1.0000000 
nov-al
  rc =         1.0000000 

       0.0000000 
       0.0000000 
       0.0000000 
       0.0000000 
       0.0000000 
       0.0000000 
       0.0000000 
       0.0000000 
       0.0000000 
       0.0000000 
       0.0000000 
       0.0000000 
       0.0000000 
       0.0000000 
       0.0000000 
       0.0000000 
       0.0000000 
       0.0000000 
       0.0000000 
       0.0000000 
       0.0000000 
       0.0000000 
       0.0000000 
       0.0000000 
       0.0000000 
       0.0000000 
       0.0000000 
       0.0000000 
       0.0000000 
       8.4738555 
       18.544937 
       29.234713 
       42.566460 
       53.463748 
       64.231853 
       71.866561 
       77.111129 
       82.555843 
       86.837730 
       92.841995 
       101.26770 
       109.71775 
       120.14745 
       128.78902 
       140.45766 
       150.25593 
       159.18545 
       170.09931 
       178.79566 
       190.90998 
       206.91743 
       223.28780 
       241.97336 
       258.22975 
       273.50472 
       282.50770 
       287.94949 
       292.41234 
       299.37341 
       309.55237 
       323.40483 
       341.77769 
       365.15885 
       383.21583 
       400.45624 
       416.63077 
       429.90273 
       443.36000 
       453.56189 
       468.92300 
       487.43893 
       505.45073 
       530.65605 
       551.16086 
       573.22989 
       589.52691 
       599.57665 
       608.31306 
       615.77267 
       628.73004 
       645.22905 
       658.23231 
       667.89358 
       667.83383 
       669.46255 
       685.25034 
       697.31626 
       706.68064 
       710.52601 
       717.72206 
       731.31570 
       751.18196 
       782.25513 
       838.24180 
       866.61963 
       875.44796 
       888.01530 
       906.61917 
       911.03473 
       926.83236 
       941.01348 
       975.68781 
       1017.7243 
       1049.0555 
       1073.8352 
       1100.4613 
       1219.0759 
       1270.7951 
       1297.8652 
       1325.1294 
       1332.8196 
       1362.4332 
       1372.2561 
       1409.5520 
       1481.6239 
       1590.8439 
       1728.0489 
       1806.3944 
       1872.6017 
       1929.0942 
       1994.6385 
       2006.1639 
       2017.3559 
       2073.4052 
       2087.5545 
       2099.6260 
       2160.2542 
       2236.2274 
       2273.2869 
       2296.7960 
       2311.6070 
       2310.3973 
       2315.3363 
       2336.2225 
       2338.8027 
       2329.8977 
       2318.5576 
       2313.5700 
rc =       2.0000000 
uno-strad

       0.0000000 
       0.0000000 
       0.0000000 
       0.0000000 
       0.0000000 
       0.0000000 
       0.0000000 
       0.0000000 
       0.0000000 
       0.0000000 
       0.0000000 
       0.0000000 
       0.0000000 
       0.0000000 
       0.0000000 
       0.0000000 
       0.0000000 
       0.0000000 
       0.0000000 
       0.0000000 
       0.0000000 
       0.0000000 
       0.0000000 
       0.0000000 
       0.0000000 
       0.0000000 
       0.0000000 
       0.0000000 
       0.0000000 
       6.1824914 
       13.530313 
       21.329531 
       31.056321 
       39.006939 
       46.863306 
       52.433558 
       56.259975 
       60.232416 
       63.356464 
       67.737152 
       73.884510 
       80.049638 
       87.659104 
       93.963961 
       102.47735 
       109.62613 
       116.14108 
       124.10378 
       130.44860 
       139.28717 
       150.96614 
       162.90989 
       176.54280 
       188.40341 
       199.54796 
       206.11650 
       210.08681 
       213.35892 
       218.47934 
       225.98420 
       236.22408 
       249.83087 
       267.18140 
       280.74363 
       293.82201 
       306.25599 
       316.72145 
       327.49689 
       336.09460 
       348.67368 
       363.78989 
       378.77643 
       399.25441 
       416.53172 
       435.15562 
       449.74964 
       459.92680 
       469.25560 
       477.72540 
       490.24390 
       505.35545 
       517.89174 
       527.94553 
       530.83389 
       534.85944 
       549.11153 
       560.54232 
       569.90563 
       575.15768 
       582.79324 
       595.06003 
       611.87206 
       636.83367 
       634.31660 
       710.04150 
       736.00249 
       732.29372 
       728.68027 
       732.43052 
       730.28871 
       723.96852 
       719.06100 
       712.75304 
       709.41016 
       704.97122 
       697.56061 
       689.87851 
       682.48234 
       674.31785 
       667.28536 
       668.96620 
       673.14466 
       671.87634 
       662.38554 
       654.58611 
       647.99048 
       639.19045 
       629.51913 
       619.41635 
       608.63260 
       597.82556 
       586.74765 
       574.77971 
       562.93614 
       550.09395 
       537.31240 
       526.35748 
       517.60426 
       572.74597 
       601.60387 
       589.10572 
       599.89560 
       590.95590 
       577.12612 
       563.05232 
       548.57577 
       534.21619 
       520.57053 
rc =       2.0000000 
due-fer

       0.0000000 
       0.0000000 
       0.0000000 
       0.0000000 
       0.0000000 
       0.0000000 
       0.0000000 
       0.0000000 
       0.0000000 
       0.0000000 
       0.0000000 
       0.0000000 
       0.0000000 
       0.0000000 
       0.0000000 
       0.0000000 
       0.0000000 
       0.0000000 
       0.0000000 
       0.0000000 
       0.0000000 
       0.0000000 
       0.0000000 
       0.0000000 
       0.0000000 
       0.0000000 
       0.0000000 
       0.0000000 
       0.0000000 
       0.0000000 
       0.0000000 
       0.0000000 
       0.0000000 
       0.0000000 
       0.0000000 
       0.0000000 
       0.0000000 
       0.0000000 
       0.0000000 
       0.0000000 
       0.0000000 
       0.0000000 
       0.0000000 
       0.0000000 
       0.0000000 
       0.0000000 
       0.0000000 
       0.0000000 
       0.0000000 
       0.0000000 
       0.0000000 
       0.0000000 
       0.0000000 
       0.0000000 
       0.0000000 
       0.0000000 
       0.0000000 
       0.0000000 
       0.0000000 
       0.0000000 
       0.0000000 
       0.0000000 
       0.0000000 
       0.0000000 
       0.0000000 
       0.0000000 
       0.0000000 
       0.0000000 
       0.0000000 
       0.0000000 
       0.0000000 
       0.0000000 
       0.0000000 
       0.0000000 
       0.0000000 
       0.0000000 
       0.0000000 
       0.0000000 
       0.0000000 
       0.0000000 
       0.0000000 
       0.0000000 
       0.0000000 
       0.0000000 
       0.0000000 
       0.0000000 
       0.0000000 
       0.0000000 
       0.0000000 
       0.0000000 
       0.0000000 
       0.0000000 
       0.0000000 
       0.0000000 
       0.0000000 
       0.0000000 
       0.0000000 
       0.0000000 
       0.0000000 
       0.0000000 
       0.0000000 
       0.0000000 
       0.0000000 
       0.0000000 
       0.0000000 
       0.0000000 
       0.0000000 
       0.0000000 
       0.0000000 
       0.0000000 
       0.0000000 
       0.0000000 
       0.0000000 
       0.0000000 
       0.0000000 
       0.0000000 
       0.0000000 
       0.0000000 
       0.0000000 
       0.0000000 
       0.0000000 
       0.0000000 
       0.0000000 
      0.86926746 
       1.9665791 
       3.1797177 
       4.8390529 
       5.2206867 
       5.7230909 
       6.8000388 
       7.8311702 
       11.778379 
       11.796106 
       11.875661 
       12.340226 
       14.663052 
       14.771712 
       15.104690 
rc =       2.0000000 
tre-mar

       0.0000000 
       0.0000000 
       0.0000000 
       0.0000000 
       0.0000000 
       0.0000000 
       0.0000000 
       0.0000000 
       0.0000000 
       0.0000000 
       0.0000000 
       0.0000000 
       0.0000000 
       0.0000000 
       0.0000000 
       0.0000000 
       0.0000000 
       0.0000000 
       0.0000000 
       0.0000000 
       0.0000000 
       0.0000000 
       0.0000000 
       0.0000000 
       0.0000000 
       0.0000000 
       0.0000000 
       0.0000000 
       0.0000000 
     0.013971732 
     0.030576978 
     0.048202330 
     0.070183775 
     0.088151275 
      0.10590578 
      0.11849392 
      0.12714119 
      0.13611845 
      0.14317845 
      0.15307831 
      0.16697064 
      0.18090314 
      0.19809967 
      0.21234793 
      0.23158724 
      0.24774267 
      0.26246571 
      0.28046053 
      0.29479911 
      0.31477326 
      0.34116641 
      0.36815795 
      0.39896679 
      0.42577041 
      0.45095585 
      0.46580000 
      0.47473125 
      0.48201817 
      0.49338618 
      0.50999861 
      0.53260964 
      0.56259124 
      0.60074313 
      0.63001308 
      0.65780951 
      0.68371465 
      0.70468099 
      0.72579120 
      0.74138351 
      0.76533487 
      0.79437462 
      0.82247832 
      0.86238853 
      0.89453034 
      0.92925977 
      0.95453288 
      0.96957472 
      0.98253373 
      0.99348983 
       1.0136019 
       1.0396506 
       1.0600103 
       1.0749369 
       1.0738879 
       1.0756499 
       1.1007557 
       1.1197070 
       1.1341760 
       1.1395101 
       1.1503303 
       1.1717379 
       1.2035245 
       1.2538357 
       1.2347423 
       1.2152525 
       1.1954027 
       1.1751786 
       1.4312462 
       1.4102342 
       1.3887630 
       1.3668114 
       1.3443235 
       1.3212561 
       1.4543011 
       1.4729956 
       1.4479829 
       1.4222311 
       1.5145487 
       25.990791 
       25.995760 
       26.143554 
       26.208053 
       26.224476 
       26.194106 
       26.189954 
       26.158871 
       26.239889 
       26.208410 
       26.176823 
       26.969982 
       27.875691 
       27.846654 
       30.058708 
       32.637642 
       35.896391 
       39.502815 
       44.451467 
       45.563147 
       47.038902 
       50.236299 
       53.295553 
       65.103135 
       65.122997 
       65.326309 
       66.685378 
       73.544892 
       73.732042 
       74.549004 
rc =       2.0000000 
qua-com

       0.0000000 
       0.0000000 
       0.0000000 
       0.0000000 
       0.0000000 
       0.0000000 
       0.0000000 
       0.0000000 
       0.0000000 
       0.0000000 
       0.0000000 
       0.0000000 
       0.0000000 
       0.0000000 
       0.0000000 
       0.0000000 
       0.0000000 
       0.0000000 
       0.0000000 
       0.0000000 
       0.0000000 
       0.0000000 
       0.0000000 
       0.0000000 
       0.0000000 
       0.0000000 
       0.0000000 
       0.0000000 
       0.0000000 
      0.72653007 
       1.5900028 
       2.5065212 
       3.6495563 
       4.5838663 
       5.5071003 
       6.1616837 
       6.6113417 
       7.0781597 
       7.4452794 
       7.9600721 
       8.6824734 
       9.4069631 
       10.301183 
       11.042093 
       12.042536 
       12.882619 
       13.648217 
       14.583947 
       15.329554 
       16.368209 
       17.740653 
       19.144214 
       20.746273 
       22.140061 
       23.449704 
       24.221600 
       24.688167 
       25.072686 
       25.674409 
       26.556335 
       27.759666 
       29.358656 
       31.397588 
       32.992833 
       34.533478 
       36.001476 
       37.242603 
       38.525453 
       39.559055 
       41.067043 
       42.880421 
       44.687069 
       47.148334 
       49.244650 
       51.512171 
       53.320919 
       54.627464 
       55.852163 
       56.995478 
       58.634462 
       60.597949 
       62.278780 
       63.686665 
       64.270988 
       65.006289 
       66.959382 
       68.595658 
       70.001156 
       70.933785 
       72.153181 
       73.919964 
       76.221256 
       79.478213 
       88.160464 
       92.472567 
       92.795447 
       93.754040 
       94.870032 
       94.707465 
       95.273441 
       95.136273 
       94.524599 
       94.071236 
       107.50372 
       111.42782 
       111.69403 
       138.67103 
       153.45591 
       163.86134 
       182.66549 
       190.79005 
       191.43452 
       190.53604 
       189.59607 
       188.66960 
       188.62459 
       192.12242 
       191.41016 
       190.63065 
       190.02805 
       189.14080 
       195.05903 
       206.03856 
       209.44588 
       218.29346 
       223.67483 
       237.25617 
       273.47852 
       300.36368 
       365.50523 
       366.73107 
       443.90475 
       472.76220 
       495.27300 
       532.10115 
       553.40038 
       569.60044 
       581.66306 
rc =       2.0000000 
cin-edpub

       0.0000000 
       0.0000000 
       0.0000000 
       0.0000000 
       0.0000000 
       0.0000000 
       0.0000000 
       0.0000000 
       0.0000000 
       0.0000000 
       0.0000000 
       0.0000000 
       0.0000000 
       0.0000000 
       0.0000000 
       0.0000000 
       0.0000000 
       0.0000000 
       0.0000000 
       0.0000000 
       0.0000000 
       0.0000000 
       0.0000000 
       0.0000000 
       0.0000000 
       0.0000000 
       0.0000000 
       0.0000000 
       0.0000000 
       5.7074525 
       12.490695 
       19.690652 
       28.670072 
       36.009796 
       43.262509 
       48.404765 
       51.937174 
       55.604389 
       58.488397 
       62.532489 
       68.207508 
       73.898931 
       80.923715 
       86.744131 
       94.603387 
       101.20288 
       107.21724 
       114.56813 
       120.42544 
       128.58488 
       139.36648 
       150.39252 
       162.97793 
       173.92721 
       184.21546 
       190.27930 
       193.94455 
       196.96524 
       201.69223 
       208.62044 
       218.07353 
       230.63482 
       246.65220 
       259.18408 
       271.28703 
       282.80765 
       292.52858 
       302.55391 
       310.58767 
       322.31859 
       336.41402 
       350.41939 
       369.52931 
       385.72547 
       403.21460 
       417.03584 
       426.83488 
       435.90597 
       444.24123 
       456.37062 
       470.94285 
       483.18675 
       493.18065 
       496.59609 
       501.09836 
       515.06852 
       526.45258 
       535.93617 
       541.62144 
       549.49194 
       561.61156 
       577.90018 
       601.68808 
       609.66258 
       618.40726 
       668.35530 
       673.99489 
       687.36503 
       684.97631 
       695.32414 
       717.20924 
       726.51765 
       732.72013 
       734.32949 
       739.85396 
       748.30083 
       753.19827 
       746.73754 
       745.25649 
       745.20922 
       738.99164 
       734.36007 
       733.79513 
       735.10447 
       731.66630 
       732.08065 
       730.61114 
       753.19238 
       771.55979 
       770.47201 
       768.60776 
       766.42760 
       768.67893 
       769.12631 
       780.92401 
       786.04648 
       794.74458 
       813.04458 
       836.04969 
       852.24480 
       862.04519 
       899.35807 
       1043.4962 
       1060.9252 
       1098.1964 
       1135.6260 
       1168.8848 
       1200.9316 
rc =       2.0000000 
sei-idr

       0.0000000 
       0.0000000 
       0.0000000 
       0.0000000 
       0.0000000 
       0.0000000 
       0.0000000 
       0.0000000 
       0.0000000 
       0.0000000 
       0.0000000 
       0.0000000 
       0.0000000 
       0.0000000 
       0.0000000 
       0.0000000 
       0.0000000 
       0.0000000 
       0.0000000 
       0.0000000 
       0.0000000 
       0.0000000 
       0.0000000 
       0.0000000 
       0.0000000 
       0.0000000 
       0.0000000 
       0.0000000 
       0.0000000 
       3.0877528 
       6.7575121 
       10.652715 
       15.510614 
       19.481432 
       23.405176 
       26.187156 
       28.098202 
       30.082179 
       31.642437 
       33.830306 
       36.900512 
       39.979593 
       43.780027 
       46.928894 
       51.180779 
       54.751130 
       58.004921 
       61.981777 
       65.150603 
       69.564890 
       75.397776 
       81.362908 
       88.171660 
       94.095261 
       99.661243 
       102.94180 
       104.91561 
       106.52602 
       109.03835 
       112.70969 
       117.70673 
       124.33266 
       132.76423 
       139.23289 
       145.37590 
       151.10094 
       155.73450 
       160.39986 
       163.84576 
       169.13901 
       175.55679 
       181.76771 
       190.58786 
       197.69121 
       205.36641 
       210.95177 
       214.27601 
       217.13995 
       219.56125 
       224.00602 
       229.76278 
       234.26227 
       237.56106 
       237.32922 
       237.71863 
       243.26702 
       247.45525 
       250.65289 
       251.83173 
       254.22300 
       258.95408 
       265.97890 
       277.09769 
       296.72037 
       302.46712 
       305.33648 
       313.55867 
       325.88041 
       323.27718 
       336.62280 
       342.58051 
       348.58471 
       357.39008 
       366.97925 
       390.42991 
       408.89678 
       446.01004 
       449.77373 
       451.34305 
       454.38872 
       474.32909 
       475.07803 
       471.96359 
       473.50213 
       520.69215 
       528.54040 
       530.04511 
       541.99232 
       551.57585 
       551.26246 
       553.79092 
       561.86385 
       592.66293 
       624.51100 
       645.68168 
       665.89329 
       714.76701 
       751.09012 
       770.09928 
       769.51888 
       768.54948 
       764.85752 
       762.13140 
       757.48831 
       754.75347 
       757.89480 
       765.42152 
       892.17463 
rc =       2.0000000 
set-igien

       0.0000000 
       0.0000000 
       0.0000000 
       0.0000000 
       0.0000000 
       0.0000000 
       0.0000000 
       0.0000000 
       0.0000000 
       0.0000000 
       0.0000000 
       0.0000000 
       0.0000000 
       0.0000000 
       0.0000000 
       0.0000000 
       0.0000000 
       0.0000000 
       0.0000000 
       0.0000000 
       0.0000000 
       0.0000000 
       0.0000000 
       0.0000000 
       0.0000000 
       0.0000000 
       0.0000000 
       0.0000000 
       0.0000000 
       15.739156 
       34.444965 
       54.299925 
       79.062023 
       99.302411 
       119.30286 
       133.48340 
       143.22455 
       153.33744 
       161.29052 
       172.44272 
       188.09243 
       203.78738 
       223.15928 
       239.20995 
       260.88302 
       279.08212 
       295.66762 
       315.93879 
       332.09119 
       354.59207 
       384.32396 
       414.72993 
       449.43609 
       479.63037 
       508.00176 
       524.72370 
       534.83117 
       543.16117 
       556.15088 
       575.13870 
       600.98742 
       635.25665 
       678.87015 
       712.63178 
       744.92346 
       775.30009 
       800.35062 
       825.82725 
       845.34621 
       874.52643 
       909.64951 
       943.89483 
       991.56830 
       1030.5426 
       1072.4385 
       1103.6232 
       1123.1774 
       1140.2725 
       1154.9687 
       1179.8281 
       1211.2246 
       1236.0699 
       1254.6613 
       1255.1346 
       1258.6986 
       1288.5342 
       1311.4531 
       1329.3617 
       1337.0352 
       1350.9562 
       1376.7897 
       1414.2567 
       1472.5334 
       1534.9188 
       1564.4598 
       1588.9650 
       1599.9267 
       1652.9533 
       1703.6331 
       1795.7314 
       1905.9542 
       2023.4674 
       2153.9741 
       2238.0875 
       2297.8551 
       2343.4466 
       2385.0964 
       2424.9388 
       2455.2449 
       2485.0972 
       2509.8244 
       2567.3791 
       2640.4116 
       2723.2719 
       3078.9177 
       3400.2929 
       3625.3362 
       4007.7510 
       4338.3256 
       4379.0276 
       4451.8027 
       4547.9234 
       4638.6283 
       4652.1275 
       4616.8968 
       4581.3683 
       4601.0791 
       4619.4257 
       4583.1858 
       4545.2989 
       4506.9696 
       4466.2460 
       4424.9650 
       4381.2297 
       4336.4770 
       4288.1161 
       4240.5735 
       4195.0888 
rc =       2.0000000 
ot-bonif

       0.0000000 
       0.0000000 
       0.0000000 
       0.0000000 
       0.0000000 
       0.0000000 
       0.0000000 
       0.0000000 
       0.0000000 
       0.0000000 
       0.0000000 
       0.0000000 
       0.0000000 
       0.0000000 
       0.0000000 
       0.0000000 
       0.0000000 
       0.0000000 
       0.0000000 
       0.0000000 
       0.0000000 
       0.0000000 
       0.0000000 
       0.0000000 
       0.0000000 
       0.0000000 
       0.0000000 
       0.0000000 
       0.0000000 
       3.2554136 
       7.1244358 
       11.231143 
       16.352820 
       20.539247 
       24.676046 
       27.609083 
       29.623896 
       31.715600 
       33.360579 
       35.667246 
       38.904160 
       42.150431 
       46.157223 
       49.477069 
       53.959826 
       57.724042 
       61.154510 
       65.347303 
       68.688192 
       73.342169 
       79.491773 
       85.780803 
       92.959261 
       99.204506 
       105.07271 
       108.53140 
       110.62198 
       112.34492 
       115.04110 
       118.99281 
       124.37720 
       131.52286 
       140.62367 
       147.71271 
       154.52819 
       160.98117 
       166.37369 
       171.90108 
       176.24864 
       182.65366 
       190.34801 
       197.92102 
       208.32734 
       216.98641 
       226.29401 
       233.41725 
       238.15746 
       242.39786 
       246.14023 
       251.97786 
       259.15090 
       264.94614 
       269.41975 
       270.11458 
       271.41420 
       278.11205 
       283.34967 
       287.53022 
       289.58171 
       292.91998 
       298.72322 
       306.94001 
       319.46221 
       330.18704 
       355.72558 
       370.14154 
       369.57101 
       370.40087 
       367.24300 
       367.77918 
       366.35520 
       364.68001 
       362.09135 
       359.58141 
       357.82431 
       355.12354 
       358.72500 
       360.53088 
       360.07425 
       365.17885 
       367.64348 
       363.77667 
       358.37798 
       352.35055 
       346.96391 
       340.84593 
       335.09303 
       330.53846 
       325.60635 
       319.48185 
       316.27884 
       313.03592 
       315.13502 
       311.42088 
       306.80065 
       304.32652 
       308.91563 
       333.68864 
       358.87869 
       387.59127 
       399.43409 
       407.44730 
       409.35602 
       452.13272 
       481.77726 
       510.60692 
       511.68853 
       539.88909 
rc =       2.0000000 
nov-al
  rc =         2.0000000 
