
       0.0000000        0.0000000        0.0000000 
       0.0000000        0.0000000        0.0000000 
       0.0000000        0.0000000        0.0000000 
       0.0000000        0.0000000        0.0000000 
       0.0000000        0.0000000        0.0000000 
       0.0000000        0.0000000        0.0000000 
       0.0000000        0.0000000        0.0000000 
       0.0000000        0.0000000        0.0000000 
       0.0000000        0.0000000        0.0000000 
       0.0000000        0.0000000        0.0000000 
       0.0000000        0.0000000        0.0000000 
       0.0000000        0.0000000        0.0000000 
       0.0000000        0.0000000        0.0000000 
       0.0000000        0.0000000        0.0000000 
       0.0000000        0.0000000        0.0000000 
       0.0000000        0.0000000        0.0000000 
       0.0000000        0.0000000        0.0000000 
       0.0000000        0.0000000        0.0000000 
       0.0000000        0.0000000        0.0000000 
       0.0000000        0.0000000        0.0000000 
       0.0000000        0.0000000        0.0000000 
       0.0000000        0.0000000        0.0000000 
       0.0000000        0.0000000        0.0000000 
       0.0000000        0.0000000        0.0000000 
       0.0000000        0.0000000        0.0000000 
       0.0000000        0.0000000        0.0000000 
       0.0000000        0.0000000        0.0000000 
       0.0000000        0.0000000        0.0000000 
       0.0000000        0.0000000        0.0000000 
   0.00042370599    0.00054279240    0.00044527962 
   0.00049381937    0.00063261178    0.00051896292 
   0.00057141570    0.00073201726    0.00060051018 
   0.00070166120    0.00089886944    0.00073738733 
   0.00062086203    0.00079536093    0.00065247415 
   0.00045419829    0.00058185484    0.00047732448 
   0.00039934134    0.00051157984    0.00041967440 
   0.00025860220    0.00033128470    0.00027176932 
   0.00032630732    0.00041801895    0.00034292175 
   0.00027152052    0.00034783382    0.00028534539 
   0.00028600154    0.00036638487    0.00030056374 
   0.00038704761    0.00049583084    0.00040675471 
   0.00043955054    0.00056309020    0.00046193091 
   0.00056132895    0.00071909554    0.00058990986 
   0.00050649270    0.00064884707    0.00053228154 
   0.00050925263    0.00065238270    0.00053518199 
   0.00054196324    0.00069428692    0.00056955811 
   0.00049565422    0.00063496234    0.00052089120 
   0.00072059533    0.00092312518    0.00075728552 
   0.00064078842    0.00082088781    0.00067341512 
   0.00065674429    0.00084132822    0.00069018341 
   0.00086752050     0.0011113450    0.00091169161 
    0.0010256179     0.0013138771     0.0010778388 
    0.0012279071     0.0015730215     0.0012904278 
    0.0011763702     0.0015069996     0.0012362668 
   0.00094968734     0.0012166056    0.00099804209 
   0.00089851801     0.0011510546    0.00094426740 
   0.00078658170     0.0010076576    0.00082663169 
    0.0011692679     0.0014979012     0.0012288029 
    0.0020635559     0.0026435370     0.0021686250 
    0.0031672023     0.0040573732     0.0033284651 
    0.0046579177     0.0059670677     0.0048950826 
    0.0060511456     0.0077518750     0.0063592488 
    0.0072621933     0.0093032985     0.0076319587 
    0.0064700358     0.0082884980     0.0067994673 
    0.0059321050     0.0075993768     0.0062341470 
    0.0069742112     0.0089343765     0.0073293136 
    0.0049026668     0.0062806057     0.0051522934 
    0.0055880129     0.0071585746     0.0058725350 
    0.0046592921     0.0059688283     0.0048965269 
    0.0049891380     0.0063913805     0.0052431675 
    0.0053252412     0.0068219486     0.0055963839 
    0.0055090335     0.0070573972     0.0057895341 
    0.0073499009     0.0094156572     0.0077241321 
    0.0068458207     0.0087699007     0.0071943859 
    0.0054641431     0.0069998900     0.0057423581 
    0.0056050409     0.0071803885     0.0058904300 
    0.0041807357     0.0053557693     0.0043936041 
    0.0049761867     0.0063747891     0.0052295567 
    0.0052023332     0.0066644961     0.0054672178 
    0.0066627766     0.0085354104     0.0070020219 
    0.0082881573      0.010617619     0.0087101612 
    0.0087910108      0.011261804     0.0092386183 
     0.012279071      0.015730215      0.012904278 
     0.013070780      0.016744441      0.013736298 
     0.031656245      0.040553519      0.033268070 
      0.20822798       0.26675235       0.21883022 
      0.27691986       0.35475070       0.29101965 
      0.34262269       0.43891990       0.36006784 
      0.25848753       0.33113780       0.27164881 
      0.24892727       0.31889053       0.26160177 
      0.37637043       0.48215275       0.39553389 
      0.53771682       0.68884701       0.56509548 
      0.77182730       0.98875636       0.81112605 
      0.89978657        1.3778783        1.1971519 
      0.79689644        1.3820216        1.3869181 
       1.5727277        1.4843579        1.0117711 
      0.28501830       0.24393458       0.20285086 
     0.097037512       0.14618638       0.10459888 
      0.11044683       0.18057179        0.0000000 
      0.98237380        1.1715427       0.20221506 
      0.97786604        1.3080546       0.50036262 
      0.44780206       0.84737928       0.34032956 
      0.21475144       0.38218476       0.15378387 
      0.29104678       0.47486581      0.066843281 
      0.10850856       0.13998432       0.16317699 
      0.80476617        4.2905083        2.8845344 
       1.1075004        3.8074421        1.1713946 
       3.0302010        2.0597177       0.83398774 
       1.5947014        1.5411090       0.95812796 
      0.58736300       0.66146954      0.042542647 
      0.51275994       0.92606770        1.0306862 
       1.3294699        1.7068677        1.1936638 
       1.8637852        1.4113446        1.7456104 
       1.4841537       0.89978027        1.0004009 
       1.2612049        1.4624609        2.8511280 
       1.7892934        1.7511693        1.5834230 
      0.81311734        1.3853110       0.55576707 
      0.56606144       0.28986721       0.29533640 
      0.85564787       0.35198892       0.40636120 
       2.6697003        1.7288368        7.0133537 
      0.94218415        2.9536506        8.1591489 
       1.0932729        3.5719864        18.005343 
       39.588663        1.2063349        8.1114421 
       16.899894       0.93064913        11.050290 
       33.773413        1.7931033        4.4637151 
       22.010171        2.9744252        3.7331484 
       29.402438        4.0849639        26.959211 
       48.430255        1.7178856        1.9582551 
       17.779008        4.9737488        3.9561235 
       13.238228        7.0556179        6.2434347 
       20.223523        30.240854        66.773856 
       34.970441        28.971526        48.827490 
       30.056034        27.802631        14.042153 
       36.986742        33.693709        36.079287 
       45.313484        55.270624        48.154506 
       29.456914        62.904883        35.606434 
       27.970293        24.660794        18.694963 
       16.711657        21.012063        17.505028 

       0.0000000 
       0.0000000 
       0.0000000 
       0.0000000 
       0.0000000 
       0.0000000 
       0.0000000 
       0.0000000 
       0.0000000 
       0.0000000 
       0.0000000 
       0.0000000 
       0.0000000 
       0.0000000 
       0.0000000 
       0.0000000 
       0.0000000 
       0.0000000 
       0.0000000 
       0.0000000 
       0.0000000 
       0.0000000 
       0.0000000 
       0.0000000 
       0.0000000 
       0.0000000 
       0.0000000 
       0.0000000 
       0.0000000 
       13.268095 
       28.731748 
       47.010089 
       70.595951 
       91.825630 
       107.44620 
       121.10123 
       129.89331 
       140.86191 
       149.88691 
       159.28820 
       172.22545 
       186.67412 
       205.12582 
       221.96100 
       238.88791 
       256.41257 
       271.38217 
       293.36859 
       311.69802 
       330.66624 
       355.24489 
       383.23642 
       416.29398 
       447.96407 
       470.12245 
       486.22469 
       495.34740 
       504.34785 
       519.05154 
       534.98655 
       556.23968 
       587.66874 
       629.08135 
       664.41935 
       689.27676 
       718.32082 
       740.57311 
       768.19245 
       790.49174 
       814.28484 
       842.31561 
       873.17568 
       918.04747 
       959.02996 
       989.91189 
       1019.4958 
       1036.1736 
       1055.5889 
       1073.8363 
       1093.1142 
       1117.1432 
       1139.2889 
       1156.7419 
       1158.4376 
       1158.4715 
       1187.2250 
       1206.9591 
       1228.4362 
       1240.1218 
       1249.7402 
       1268.5975 
       1302.3063 
       1357.6608 
       1394.7738 
       1419.1826 
       1459.1549 
       1484.0050 
       1522.4825 
       1589.6279 
       1599.0302 
       1623.6351 
       1656.8947 
       1697.4070 
       1794.0923 
       1867.0351 
       2334.4545 
       3008.1754 
       3701.6478 
       4165.4659 
       4703.6176 
       4981.7406 
       5187.7179 
       5339.4432 
       5642.2831 
       5793.6108 
       5947.5529 
       6052.3684 
       6139.2540 
       6257.0302 
       6329.9443 
       6396.9654 
       6456.5005 
       6503.6279 
       6557.5856 
       6627.0111 
       6659.9767 
       6730.5497 
       6817.2659 
       6847.2152 
       6881.5363 
       6903.0032 
       6919.3558 
       6938.5303 
       6945.4205 
       6953.6199 
       6948.2247 
       6957.4298 
       6958.6285 
rc =       1.0000000 
uno-strad

       0.0000000 
       0.0000000 
       0.0000000 
       0.0000000 
       0.0000000 
       0.0000000 
       0.0000000 
       0.0000000 
       0.0000000 
       0.0000000 
       0.0000000 
       0.0000000 
       0.0000000 
       0.0000000 
       0.0000000 
       0.0000000 
       0.0000000 
       0.0000000 
       0.0000000 
       0.0000000 
       0.0000000 
       0.0000000 
       0.0000000 
       0.0000000 
       0.0000000 
       0.0000000 
       0.0000000 
       0.0000000 
       0.0000000 
       5.8976994 
       12.771329 
       20.896095 
       31.380066 
       40.816708 
       47.760089 
       53.829781 
       57.737883 
       62.613450 
       66.625084 
       70.803978 
       76.554616 
       82.977083 
       91.178907 
       98.662184 
       106.18624 
       113.97599 
       120.63001 
       130.40303 
       138.55050 
       146.98192 
       157.90719 
       170.34949 
       185.04365 
       199.12108 
       208.97053 
       216.12801 
       220.18308 
       224.19909 
       230.77431 
       237.93346 
       247.51251 
       261.68725 
       280.38843 
       296.48850 
       308.04508 
       321.60077 
       332.29227 
       345.54715 
       356.64233 
       368.62669 
       382.74096 
       398.36336 
       420.46547 
       441.08166 
       457.42741 
       473.39449 
       483.78303 
       495.50903 
       506.80067 
       518.59828 
       532.52792 
       545.60519 
       556.55207 
       560.42684 
       563.47146 
       579.17948 
       590.77347 
       603.03923 
       610.86508 
       617.70602 
       628.61406 
       646.09079 
       673.14928 
       675.22714 
       686.42405 
       726.94413 
       751.24209 
       781.45915 
       779.97708 
       774.59851 
       802.02298 
       851.60979 
       881.60448 
       954.44839 
       982.97987 
       1054.2723 
       1164.7589 
       1235.4219 
       1271.4211 
       1310.1149 
       1338.1939 
       1404.1389 
       1461.7505 
       1499.7929 
       1563.1884 
       1611.8094 
       1640.6844 
       1659.9087 
       1686.9599 
       1685.4805 
       1691.8713 
       1684.4411 
       1686.9163 
       1714.0462 
       1778.8203 
       1869.8911 
       2052.0282 
       2160.0688 
       2281.5035 
       2347.0276 
       2399.3917 
       2417.8876 
       2430.0509 
       2445.2078 
       2461.6203 
       2452.2047 
       2446.9625 
       2435.3277 
rc =       1.0000000 
due-fer

       0.0000000 
       0.0000000 
       0.0000000 
       0.0000000 
       0.0000000 
       0.0000000 
       0.0000000 
       0.0000000 
       0.0000000 
       0.0000000 
       0.0000000 
       0.0000000 
       0.0000000 
       0.0000000 
       0.0000000 
       0.0000000 
       0.0000000 
       0.0000000 
       0.0000000 
       0.0000000 
       0.0000000 
       0.0000000 
       0.0000000 
       0.0000000 
       0.0000000 
       0.0000000 
       0.0000000 
       0.0000000 
       0.0000000 
      0.58769572 
       1.2726413 
       2.0822603 
       3.1269702 
       4.0673155 
       4.7592117 
       5.3640462 
       5.7534819 
       6.2393239 
       6.6390763 
       7.0554961 
       7.6285374 
       8.2685253 
       9.0858231 
       9.8315190 
       10.581278 
       11.357514 
       12.020576 
       12.994440 
       13.806322 
       14.646498 
       15.735183 
       16.975037 
       18.439285 
       19.842077 
       20.823558 
       21.536789 
       21.940870 
       22.341059 
       22.994562 
       23.703601 
       24.649794 
       26.047903 
       27.889356 
       29.463533 
       30.575272 
       31.875257 
       32.877084 
       34.119731 
       35.130278 
       36.210358 
       37.481647 
       38.880897 
       40.903088 
       42.754750 
       44.159691 
       45.508049 
       46.283868 
       47.179776 
       48.022803 
       48.909839 
       50.005829 
       51.016398 
       51.816449 
       51.916425 
       51.940823 
       53.236341 
       54.132335 
       55.105366 
       55.645124 
       56.094423 
       56.954203 
       58.471394 
       60.946101 
       66.456927 
       68.385228 
       69.583244 
       71.529038 
       71.648141 
       70.725721 
       69.784653 
       68.824318 
       67.841904 
       66.836516 
       65.807165 
       64.751978 
       63.670616 
       62.560956 
       61.421634 
       60.250773 
       82.003935 
       83.545630 
       85.841778 
       91.151163 
       100.79825 
       172.20841 
       177.11202 
       294.73910 
       380.56568 
       489.13848 
       541.46639 
       566.52725 
       600.24236 
       611.99342 
       635.77991 
       635.89065 
       638.70364 
       644.76026 
       659.26009 
       687.53970 
       703.78948 
       744.28479 
       764.87370 
       766.80410 
       767.67785 
       775.00297 
       773.80011 
       773.39585 
       780.85811 
rc =       1.0000000 
tre-mar

       0.0000000 
       0.0000000 
       0.0000000 
       0.0000000 
       0.0000000 
       0.0000000 
       0.0000000 
       0.0000000 
       0.0000000 
       0.0000000 
       0.0000000 
       0.0000000 
       0.0000000 
       0.0000000 
       0.0000000 
       0.0000000 
       0.0000000 
       0.0000000 
       0.0000000 
       0.0000000 
       0.0000000 
       0.0000000 
       0.0000000 
       0.0000000 
       0.0000000 
       0.0000000 
       0.0000000 
       0.0000000 
       0.0000000 
      0.16593761 
      0.35933400 
      0.58793233 
      0.88290923 
       1.1484185 
       1.3437774 
       1.5145542 
       1.6245125 
       1.7616914 
       1.8745627 
       1.9921401 
       2.1539400 
       2.3346424 
       2.5654089 
       2.7759583 
       2.9876550 
       3.2068274 
       3.3940449 
       3.6690183 
       3.8982555 
       4.1354819 
       4.4428751 
       4.7929516 
       5.2063864 
       5.6024688 
       5.8795929 
       6.0809758 
       6.1945799 
       6.3063068 
       6.4888484 
       6.6859901 
       6.9488336 
       7.3380454 
       7.8509263 
       8.2865404 
       8.5893905 
       8.9428531 
       9.2094553 
       9.5411055 
       9.8042171 
       10.084043 
       10.415288 
       10.780644 
       11.320373 
       11.811180 
       12.175578 
       12.524396 
       12.712757 
       12.936419 
       13.146697 
       13.370981 
       13.655818 
       13.918289 
       14.122974 
       14.131317 
       14.119208 
       14.466226 
       14.700357 
       14.956021 
       15.088775 
       15.195192 
       15.417565 
       15.826441 
       16.506573 
       16.255601 
       15.999447 
       15.738372 
       15.472501 
       17.636361 
       19.490433 
       46.258712 
       47.223325 
       47.534429 
       47.231154 
       47.390024 
       47.145061 
       46.916220 
       46.944062 
       48.503671 
       98.718628 
       99.504620 
       99.788290 
       131.32103 
       131.22094 
       131.11617 
       130.83483 
       130.42531 
       132.30490 
       134.12687 
       136.52737 
       142.87222 
       152.10236 
       174.31463 
       180.41749 
       190.84754 
       191.13412 
       192.58022 
       195.34236 
       201.68835 
       213.89732 
       220.89608 
       238.21580 
       246.91928 
       247.52119 
       247.54868 
       250.19927 
       248.89190 
       247.69910 
       249.62460 
rc =       1.0000000 
qua-com

       0.0000000 
       0.0000000 
       0.0000000 
       0.0000000 
       0.0000000 
       0.0000000 
       0.0000000 
       0.0000000 
       0.0000000 
       0.0000000 
       0.0000000 
       0.0000000 
       0.0000000 
       0.0000000 
       0.0000000 
       0.0000000 
       0.0000000 
       0.0000000 
       0.0000000 
       0.0000000 
       0.0000000 
       0.0000000 
       0.0000000 
       0.0000000 
       0.0000000 
       0.0000000 
       0.0000000 
       0.0000000 
       0.0000000 
       1.1961336 
       2.5901993 
       4.2380122 
       6.3643041 
       8.2781834 
       9.6863956 
       10.917412 
       11.710028 
       12.698859 
       13.512473 
       14.360010 
       15.526317 
       16.828881 
       18.492322 
       20.010033 
       21.536013 
       23.115881 
       24.465407 
       26.447507 
       28.099925 
       29.809932 
       32.025725 
       34.549193 
       37.529369 
       40.384463 
       42.382066 
       43.833700 
       44.656123 
       45.470625 
       46.804168 
       48.256141 
       50.198903 
       53.073734 
       56.866587 
       60.134353 
       62.484304 
       65.245038 
       67.432783 
       70.150164 
       72.440841 
       74.923539 
       77.851165 
       81.099989 
       85.679704 
       89.977487 
       93.432413 
       96.836901 
       99.140284 
       101.74713 
       104.30038 
       106.99228 
       110.15250 
       113.17668 
       115.80371 
       117.02995 
       118.11989 
       121.80787 
       124.68932 
       127.73038 
       129.88957 
       131.86249 
       134.66748 
       138.80678 
       144.88725 
       148.78897 
       154.32563 
       159.69613 
       165.89713 
       169.58045 
       170.31528 
       174.12482 
       179.02656 
       179.84473 
       183.90615 
       201.31383 
       206.98827 
       285.83123 
       310.02961 
       319.72415 
       327.88794 
       332.17631 
       335.46110 
       337.13031 
       340.64049 
       346.43302 
       345.07229 
       343.39369 
       342.07461 
       340.17336 
       338.22485 
       340.76499 
       341.32115 
       344.89700 
       345.23958 
       348.00542 
       376.65213 
       404.60188 
       459.98985 
       503.72121 
       541.10411 
       575.00436 
       630.21363 
       714.60783 
       758.32542 
       845.99408 
       913.95130 
       973.39127 
       1027.5001 
       1067.4886 
rc =       1.0000000 
cin-edpub

       0.0000000 
       0.0000000 
       0.0000000 
       0.0000000 
       0.0000000 
       0.0000000 
       0.0000000 
       0.0000000 
       0.0000000 
       0.0000000 
       0.0000000 
       0.0000000 
       0.0000000 
       0.0000000 
       0.0000000 
       0.0000000 
       0.0000000 
       0.0000000 
       0.0000000 
       0.0000000 
       0.0000000 
       0.0000000 
       0.0000000 
       0.0000000 
       0.0000000 
       0.0000000 
       0.0000000 
       0.0000000 
       0.0000000 
       3.8787917 
       8.3994323 
       13.742918 
       20.638003 
       26.844283 
       31.410797 
       35.402705 
       37.972980 
       41.179538 
       43.817904 
       46.566274 
       50.348347 
       54.572267 
       59.966433 
       64.888025 
       69.836436 
       74.959591 
       79.335800 
       85.763303 
       91.121723 
       96.666889 
       103.85221 
       112.03524 
       121.69928 
       130.95771 
       137.43548 
       142.14281 
       144.80974 
       147.45099 
       151.77536 
       156.48379 
       162.78372 
       172.10615 
       184.40552 
       195.00215 
       202.62251 
       211.56704 
       218.64183 
       227.41736 
       234.78457 
       242.75116 
       252.13593 
       262.53485 
       277.22234 
       290.96177 
       301.92776 
       312.68363 
       319.81263 
       327.86368 
       335.67005 
       343.85068 
       353.47175 
       362.57092 
       370.30364 
       373.41154 
       375.99904 
       386.93699 
       395.18623 
       403.88723 
       409.66523 
       414.78374 
       422.56049 
       434.63865 
       453.00327 
       461.57000 
       471.83601 
       477.67555 
       496.04079 
       507.87141 
       533.20635 
       563.69880 
       592.85046 
       617.07488 
       627.20774 
       645.23998 
       646.18345 
       710.11691 
       758.08066 
       793.24564 
       827.74532 
       843.15371 
       856.80067 
       865.24708 
       908.04918 
       980.61757 
       1001.4455 
       1007.1603 
       1013.7166 
       1011.4986 
       1010.4100 
       1022.3977 
       1033.0727 
       1044.2701 
       1053.2498 
       1055.9955 
       1075.4324 
       1107.1637 
       1134.4840 
       1176.9924 
       1216.1648 
       1246.4405 
       1277.3224 
       1323.4432 
       1402.3670 
       1460.0658 
       1530.2149 
       1594.5367 
       1758.4794 
       1819.2991 
rc =       1.0000000 
sei-idr

       0.0000000 
       0.0000000 
       0.0000000 
       0.0000000 
       0.0000000 
       0.0000000 
       0.0000000 
       0.0000000 
       0.0000000 
       0.0000000 
       0.0000000 
       0.0000000 
       0.0000000 
       0.0000000 
       0.0000000 
       0.0000000 
       0.0000000 
       0.0000000 
       0.0000000 
       0.0000000 
       0.0000000 
       0.0000000 
       0.0000000 
       0.0000000 
       0.0000000 
       0.0000000 
       0.0000000 
       0.0000000 
       0.0000000 
       4.7430501 
       10.270964 
       16.805066 
       25.236489 
       32.825629 
       38.409638 
       43.291008 
       46.433983 
       50.355014 
       53.581251 
       56.942004 
       61.566784 
       66.731863 
       73.327937 
       79.346141 
       85.397139 
       91.661817 
       97.013117 
       104.87277 
       111.42514 
       118.20586 
       126.99218 
       136.99853 
       148.81588 
       160.13723 
       168.05836 
       173.81456 
       177.06174 
       180.25527 
       185.47292 
       191.10788 
       198.62083 
       209.74580 
       224.40564 
       236.85695 
       245.51341 
       255.61655 
       263.23693 
       272.71660 
       280.23721 
       288.23557 
       297.70365 
       308.14675 
       323.57398 
       337.60289 
       348.01859 
       357.98900 
       363.37297 
       369.76598 
       375.77643 
       382.18721 
       390.32880 
       397.83110 
       403.68167 
       403.92015 
       403.57404 
       413.49296 
       420.18521 
       427.49292 
       431.28747 
       434.32923 
       440.68539 
       452.37243 
       471.81289 
       477.65304 
       483.34441 
       500.58001 
       513.91934 
       526.70639 
       552.93670 
       560.37251 
       578.72800 
       616.14899 
       1055.5532 
       1128.5749 
       1139.3098 
       1244.9812 
       1326.5052 
       1392.0329 
       1471.3351 
       1533.2325 
       1575.7648 
       1604.9355 
       1644.3793 
       1778.4713 
       1855.3460 
       1919.2802 
       1965.5251 
       2006.9718 
       2062.2760 
       2124.8758 
       2169.2498 
       2200.9499 
       2268.5300 
       2305.5376 
       2337.3662 
       2390.1719 
       2465.5037 
       2531.6457 
       2586.8223 
       2608.8054 
       2632.6342 
       2654.2752 
       2682.0928 
       2706.6499 
       2723.3097 
       2743.2153 
       2766.6614 
       2799.4290 
rc =       1.0000000 
set-igien

       0.0000000 
       0.0000000 
       0.0000000 
       0.0000000 
       0.0000000 
       0.0000000 
       0.0000000 
       0.0000000 
       0.0000000 
       0.0000000 
       0.0000000 
       0.0000000 
       0.0000000 
       0.0000000 
       0.0000000 
       0.0000000 
       0.0000000 
       0.0000000 
       0.0000000 
       0.0000000 
       0.0000000 
       0.0000000 
       0.0000000 
       0.0000000 
       0.0000000 
       0.0000000 
       0.0000000 
       0.0000000 
       0.0000000 
       17.914348 
       38.793100 
       63.472194 
       95.317409 
       123.98135 
       145.07197 
       163.50875 
       175.37966 
       190.18927 
       202.37467 
       215.06812 
       232.53577 
       252.04411 
       276.95727 
       299.68783 
       322.54226 
       346.20374 
       366.41543 
       396.10110 
       420.84917 
       446.45973 
       479.64539 
       517.43907 
       562.07280 
       604.83320 
       634.75105 
       656.49201 
       668.80934 
       681.00803 
       700.92834 
       722.54152 
       751.38372 
       794.00136 
       850.13318 
       898.11782 
       932.00624 
       971.63284 
       1002.1709 
       1040.0497 
       1070.8535 
       1103.7769 
       1142.5288 
       1185.1812 
       1246.8224 
       1303.2654 
       1346.0913 
       1387.1924 
       1410.8412 
       1438.1506 
       1463.8480 
       1490.8870 
       1524.2953 
       1555.0999 
       1579.4873 
       1582.5348 
       1583.2785 
       1622.7689 
       1650.0809 
       1679.7412 
       1696.1943 
       1709.8900 
       1736.0981 
       1782.3457 
       1857.7806 
       1917.1810 
       1930.5500 
       1967.5266 
       2006.2834 
       2056.2886 
       2183.6276 
       2304.7181 
       2405.2571 
       2527.3460 
       2674.3384 
       2812.8002 
       2856.6647 
       2959.0999 
       3148.0141 
       3250.6391 
       3329.1505 
       3393.1055 
       3443.9506 
       3546.7807 
       3599.0438 
       3626.9163 
       3826.0036 
       3870.6220 
       3900.1744 
       3910.7640 
       3935.0189 
       3986.7675 
       4012.0507 
       4030.6749 
       4145.8679 
       4318.6508 
       4332.2958 
       4347.0541 
       4439.4997 
       4565.5982 
       4659.2642 
       4739.0841 
       4730.0479 
       4719.4171 
       4698.7366 
       4671.9814 
       4639.6548 
       4587.5197 
       4527.5397 
       4502.1819 
rc =       1.0000000 
ot-bonif

       0.0000000 
       0.0000000 
       0.0000000 
       0.0000000 
       0.0000000 
       0.0000000 
       0.0000000 
       0.0000000 
       0.0000000 
       0.0000000 
       0.0000000 
       0.0000000 
       0.0000000 
       0.0000000 
       0.0000000 
       0.0000000 
       0.0000000 
       0.0000000 
       0.0000000 
       0.0000000 
       0.0000000 
       0.0000000 
       0.0000000 
       0.0000000 
       0.0000000 
       0.0000000 
       0.0000000 
       0.0000000 
       0.0000000 
       3.3948070 
       7.3513748 
       12.028115 
       18.062851 
       23.494729 
       27.491447 
       30.985255 
       33.234819 
       36.041271 
       38.350429 
       40.755866 
       44.066022 
       47.762893 
       52.483990 
       56.791480 
       61.122442 
       65.606344 
       69.436502 
       75.061999 
       79.751811 
       84.605067 
       90.893820 
       98.055802 
       106.51399 
       114.61717 
       120.28667 
       124.40663 
       126.74079 
       129.05247 
       132.83726 
       136.95818 
       142.46425 
       150.60378 
       161.33112 
       170.54163 
       177.11376 
       184.81187 
       190.83465 
       198.30276 
       204.48863 
       211.14167 
       218.96806 
       227.60373 
       239.90401 
       251.27788 
       260.12255 
       268.67883 
       273.95769 
       279.94593 
       285.62744 
       291.55448 
       298.67215 
       305.27428 
       310.63291 
       311.91066 
       312.71158 
       320.81631 
       326.57988 
       332.76655 
       336.43481 
       339.57015 
       345.07648 
       354.38868 
       369.23469 
       386.59655 
       401.05015 
       432.27120 
       433.80338 
       431.17612 
       428.69018 
       444.60154 
       459.59310 
       462.94212 
       461.38971 
       460.61361 
       456.43950 
       460.99435 
       468.93370 
       506.63967 
       521.76882 
       522.54618 
       521.93662 
       529.93471 
       540.19484 
       544.00786 
       544.64240 
       546.45083 
       542.43600 
       536.88068 
       531.71632 
       530.33639 
       524.17469 
       517.92176 
       570.51669 
       586.02995 
       620.99833 
       640.00754 
       666.81770 
       713.12745 
       723.48735 
       727.90467 
       738.03621 
       760.70366 
       777.04525 
       798.44312 
       824.82989 
       839.25818 
       852.02173 
       855.19694 
rc =       1.0000000 
nov-al
  rc =         1.0000000 

       0.0000000 
       0.0000000 
       0.0000000 
       0.0000000 
       0.0000000 
       0.0000000 
       0.0000000 
       0.0000000 
       0.0000000 
       0.0000000 
       0.0000000 
       0.0000000 
       0.0000000 
       0.0000000 
       0.0000000 
       0.0000000 
       0.0000000 
       0.0000000 
       0.0000000 
       0.0000000 
       0.0000000 
       0.0000000 
       0.0000000 
       0.0000000 
       0.0000000 
       0.0000000 
       0.0000000 
       0.0000000 
       0.0000000 
       15.591222 
       33.762424 
       55.241141 
       82.956680 
       107.90349 
       126.25909 
       142.30499 
       152.63649 
       165.52559 
       176.13079 
       187.17816 
       202.38061 
       219.35911 
       241.04154 
       260.82441 
       280.71508 
       301.30816 
       318.89880 
       344.73484 
       366.27359 
       388.56299 
       417.44514 
       450.33775 
       489.18339 
       526.39863 
       552.43675 
       571.35835 
       582.07837 
       592.65472 
       609.93289 
       628.65799 
       653.63235 
       690.56436 
       739.22795 
       780.75333 
       809.96305 
       844.09246 
       870.24094 
       902.69618 
       928.89988 
       956.85894 
       989.79766 
       1026.0611 
       1078.7895 
       1126.9477 
       1163.2367 
       1198.0005 
       1217.5984 
       1240.4132 
       1261.8556 
       1284.5088 
       1312.7451 
       1338.7683 
       1359.2772 
       1361.2699 
       1361.3096 
       1395.0976 
       1418.2870 
       1443.5246 
       1457.2562 
       1468.5587 
       1490.7177 
       1530.3287 
       1595.3753 
       1659.0072 
       1712.3138 
       1745.4024 
       1760.3137 
       1824.7185 
       1857.8654 
       1881.5803 
       1944.5236 
       1997.8977 
       1999.1811 
       2065.1303 
       2129.2561 
       2383.4755 
       2612.2182 
       2795.9332 
       2901.9500 
       3080.3705 
       3259.4482 
       3381.4297 
       3463.2798 
       3564.8005 
       3646.7220 
       3676.9455 
       3776.1922 
       3807.2335 
       3838.6187 
       3848.1988 
       3859.0948 
       3868.9023 
       3873.9050 
       3901.6800 
       3897.7371 
       3928.9644 
       3935.6604 
       3939.6796 
       3930.0569 
       3922.9162 
       3911.6436 
       3894.7277 
       3880.2786 
       3863.4806 
       3843.2923 
       3819.5438 
       3800.1391 
       3792.6019 
rc =       2.0000000 
uno-strad

       0.0000000 
       0.0000000 
       0.0000000 
       0.0000000 
       0.0000000 
       0.0000000 
       0.0000000 
       0.0000000 
       0.0000000 
       0.0000000 
       0.0000000 
       0.0000000 
       0.0000000 
       0.0000000 
       0.0000000 
       0.0000000 
       0.0000000 
       0.0000000 
       0.0000000 
       0.0000000 
       0.0000000 
       0.0000000 
       0.0000000 
       0.0000000 
       0.0000000 
       0.0000000 
       0.0000000 
       0.0000000 
       0.0000000 
       7.0523486 
       15.271695 
       24.987124 
       37.523642 
       48.807787 
       57.110541 
       64.368555 
       69.041782 
       74.871886 
       79.668916 
       84.665953 
       91.542449 
       99.222303 
       109.02988 
       117.97823 
       126.97534 
       136.29016 
       144.24691 
       155.93328 
       165.67586 
       175.75798 
       188.82219 
       203.70044 
       221.27142 
       238.10492 
       249.88270 
       258.44147 
       263.29044 
       268.09270 
       275.95521 
       284.51598 
       295.97041 
       312.92028 
       335.28277 
       354.53490 
       368.35402 
       384.56364 
       397.34831 
       413.19824 
       426.46562 
       440.79628 
       457.67383 
       476.35478 
       502.78404 
       527.43645 
       546.98236 
       566.07547 
       578.49788 
       592.51960 
       606.02190 
       620.12924 
       636.78603 
       652.42356 
       665.51361 
       670.14698 
       673.78767 
       692.57101 
       706.43487 
       721.10202 
       730.46000 
       738.64026 
       751.68387 
       772.58219 
       804.93817 
       810.18935 
       833.01033 
       869.58968 
       888.15681 
       935.57505 
       932.35172 
       929.79531 
       964.72706 
       971.06858 
       966.84688 
       967.62504 
       965.38480 
       1003.3394 
       1118.2642 
       1209.8930 
       1304.0972 
       1376.1656 
       1457.3807 
       1451.6897 
       1483.6835 
       1497.7732 
       1495.8655 
       1496.4220 
       1484.2477 
       1491.9227 
       1499.4842 
       1488.9603 
       1482.2022 
       1470.3108 
       1475.1909 
       1476.6487 
       1501.0809 
       1519.7069 
       1534.9680 
       1530.7344 
       1532.3237 
       1555.1856 
       1572.2791 
       1576.9628 
       1588.1113 
       1594.5161 
       1595.1057 
       1581.9165 
       1582.5704 
       1572.4791 
rc =       2.0000000 
due-fer

       0.0000000 
       0.0000000 
       0.0000000 
       0.0000000 
       0.0000000 
       0.0000000 
       0.0000000 
       0.0000000 
       0.0000000 
       0.0000000 
       0.0000000 
       0.0000000 
       0.0000000 
       0.0000000 
       0.0000000 
       0.0000000 
       0.0000000 
       0.0000000 
       0.0000000 
       0.0000000 
       0.0000000 
       0.0000000 
       0.0000000 
       0.0000000 
       0.0000000 
       0.0000000 
       0.0000000 
       0.0000000 
       0.0000000 
      0.80203180 
       1.7367810 
       2.8416729 
       4.2673946 
       5.5506894 
       6.4949242 
       7.3203454 
       7.8518105 
       8.5148420 
       9.0603865 
       9.6286770 
       10.410710 
       11.284105 
       12.399476 
       13.417132 
       14.440333 
       15.499666 
       16.404550 
       17.733588 
       18.841568 
       19.988162 
       21.473896 
       23.165933 
       25.164201 
       27.078599 
       28.418032 
       29.391383 
       29.942834 
       30.488974 
       31.380813 
       32.348443 
       33.639719 
       35.547726 
       38.060768 
       40.209057 
       41.726254 
       43.500351 
       44.867550 
       46.563397 
       47.942497 
       49.416489 
       51.151424 
       53.060988 
       55.820685 
       58.347659 
       60.264990 
       62.105102 
       63.163867 
       64.386518 
       65.537001 
       66.747545 
       68.243249 
       69.622379 
       70.714212 
       70.850651 
       70.883946 
       72.651948 
       73.874716 
       75.202617 
       75.939229 
       76.552390 
       77.725736 
       79.796256 
       83.173502 
       91.766969 
       95.410322 
       96.175621 
       97.409217 
       97.724090 
       96.465259 
       95.180978 
       93.870403 
       92.529697 
       91.157638 
       89.752877 
       88.312856 
       86.837116 
       85.322756 
       83.767916 
       82.170036 
       99.968674 
       119.60373 
       139.87076 
       164.84684 
       174.37441 
       187.15122 
       194.82319 
       200.16526 
       214.47061 
       228.91061 
       238.71118 
       239.99241 
       245.43767 
       248.70311 
       258.25527 
       272.56214 
       283.51648 
       294.35265 
       304.79662 
       317.25507 
       335.94872 
       348.11302 
       364.26764 
       364.61930 
       363.12035 
       362.66132 
       367.89567 
       371.30518 
       369.94981 
rc =       2.0000000 
tre-mar

       0.0000000 
       0.0000000 
       0.0000000 
       0.0000000 
       0.0000000 
       0.0000000 
       0.0000000 
       0.0000000 
       0.0000000 
       0.0000000 
       0.0000000 
       0.0000000 
       0.0000000 
       0.0000000 
       0.0000000 
       0.0000000 
       0.0000000 
       0.0000000 
       0.0000000 
       0.0000000 
       0.0000000 
       0.0000000 
       0.0000000 
       0.0000000 
       0.0000000 
       0.0000000 
       0.0000000 
       0.0000000 
       0.0000000 
      0.15902355 
      0.34436175 
      0.56343514 
      0.84612135 
       1.1005677 
       1.2877867 
       1.4514478 
       1.5568245 
       1.6882876 
       1.7964560 
       1.9091342 
       2.0641925 
       2.2373657 
       2.4585168 
       2.6602934 
       2.8631694 
       3.0732096 
       3.2526264 
       3.5161425 
       3.7358282 
       3.9631701 
       4.2577553 
       4.5932453 
       4.9894537 
       5.3690326 
       5.6346099 
       5.8276018 
       5.9364724 
       6.0435440 
       6.2184797 
       6.4074072 
       6.6592989 
       7.0322935 
       7.5238044 
       7.9412679 
       8.2314992 
       8.5702343 
       8.8257280 
       9.1435594 
       9.3957081 
       9.6638748 
       9.9813177 
       10.331451 
       10.848690 
       11.319047 
       11.668262 
       12.002547 
       12.183059 
       12.397402 
       12.598918 
       12.813857 
       13.086826 
       13.338360 
       13.534517 
       13.542512 
       13.530908 
       13.863467 
       14.087842 
       14.332853 
       14.460076 
       14.562059 
       14.775166 
       15.167006 
       15.818799 
       15.578284 
       15.332803 
       15.082607 
       14.827813 
       18.220320 
       18.146013 
       29.623459 
       30.391227 
       30.450880 
       30.176271 
       32.900395 
       37.962138 
       44.529991 
       46.652119 
       48.423099 
       124.88133 
       127.44865 
       177.30873 
       196.48928 
       198.66067 
       200.49807 
       200.88112 
       200.48867 
       202.42035 
       203.80829 
       205.21157 
       213.79894 
       218.75803 
       245.38524 
       251.26462 
       255.84910 
       262.47122 
       267.66369 
       272.77844 
       277.71478 
       283.50378 
       291.95019 
       297.56810 
       304.84761 
       305.28634 
       304.85835 
       304.78306 
       306.81500 
       307.83609 
       306.39398 
rc =       2.0000000 
qua-com

       0.0000000 
       0.0000000 
       0.0000000 
       0.0000000 
       0.0000000 
       0.0000000 
       0.0000000 
       0.0000000 
       0.0000000 
       0.0000000 
       0.0000000 
       0.0000000 
       0.0000000 
       0.0000000 
       0.0000000 
       0.0000000 
       0.0000000 
       0.0000000 
       0.0000000 
       0.0000000 
       0.0000000 
       0.0000000 
       0.0000000 
       0.0000000 
       0.0000000 
       0.0000000 
       0.0000000 
       0.0000000 
       0.0000000 
       1.7354309 
       3.7580348 
       6.1487922 
       9.2337591 
       12.010544 
       14.053672 
       15.839713 
       16.989693 
       18.424356 
       19.604802 
       20.834465 
       22.526622 
       24.416469 
       26.829901 
       29.031897 
       31.245892 
       33.538070 
       35.496053 
       38.371816 
       40.769256 
       43.250248 
       46.465069 
       50.126286 
       54.450125 
       58.592486 
       61.490743 
       63.596872 
       64.790098 
       65.971832 
       67.906625 
       70.013245 
       72.831934 
       77.002932 
       82.505858 
       87.246952 
       90.656419 
       94.661876 
       97.836003 
       101.77856 
       105.10203 
       108.70409 
       112.95169 
       117.66530 
       124.30986 
       130.54537 
       135.55801 
       140.49747 
       143.83937 
       147.62157 
       151.32598 
       155.23158 
       159.81663 
       164.20431 
       168.01579 
       169.79489 
       171.37625 
       176.72703 
       180.90762 
       185.31979 
       188.45249 
       191.31494 
       195.38460 
       201.39018 
       210.21214 
       216.25055 
       226.03632 
       230.71163 
       235.56875 
       241.12321 
       248.81392 
       255.34086 
       271.88315 
       292.85500 
       302.38657 
       324.79674 
       338.51933 
       385.16481 
       393.48870 
       401.45817 
       414.67377 
       425.83523 
       430.31004 
       435.11700 
       436.10060 
       434.52922 
       431.97533 
       429.40396 
       429.12200 
       427.72744 
       426.27353 
       493.33492 
       497.04933 
       543.72071 
       572.34153 
       608.34840 
       659.67900 
       720.60138 
       788.82965 
       871.50197 
       940.64932 
       996.25885 
       1119.6609 
       1170.4887 
       1193.5675 
       1234.9950 
       1283.8758 
       1350.7334 
       1409.3912 
       1439.7125 
rc =       2.0000000 
cin-edpub

       0.0000000 
       0.0000000 
       0.0000000 
       0.0000000 
       0.0000000 
       0.0000000 
       0.0000000 
       0.0000000 
       0.0000000 
       0.0000000 
       0.0000000 
       0.0000000 
       0.0000000 
       0.0000000 
       0.0000000 
       0.0000000 
       0.0000000 
       0.0000000 
       0.0000000 
       0.0000000 
       0.0000000 
       0.0000000 
       0.0000000 
       0.0000000 
       0.0000000 
       0.0000000 
       0.0000000 
       0.0000000 
       0.0000000 
       4.2798076 
       9.2678228 
       15.163755 
       22.771701 
       29.619627 
       34.658260 
       39.062878 
       41.898886 
       45.436958 
       48.348097 
       51.380613 
       55.553702 
       60.214319 
       66.166171 
       71.596591 
       77.056602 
       82.709424 
       87.538075 
       94.630097 
       100.54251 
       106.66097 
       114.58915 
       123.61821 
       134.28138 
       144.49701 
       151.64450 
       156.83850 
       159.78116 
       162.69547 
       167.46694 
       172.66215 
       179.61341 
       189.89966 
       203.47062 
       215.16280 
       223.57101 
       233.44028 
       241.24651 
       250.92931 
       259.05819 
       267.84842 
       278.20346 
       289.67749 
       305.88348 
       321.04338 
       333.14311 
       345.01099 
       352.87704 
       361.76046 
       370.37391 
       379.40031 
       390.01606 
       400.05598 
       408.58815 
       412.01736 
       414.87238 
       426.94117 
       436.04327 
       445.64384 
       452.01921 
       457.66691 
       466.24767 
       479.57455 
       499.83783 
       514.41502 
       534.54132 
       539.46244 
       554.27712 
       573.67339 
       584.44861 
       591.23025 
       620.63127 
       649.00005 
       662.67486 
       681.74521 
       691.36773 
       737.13076 
       791.12834 
       822.06374 
       863.88863 
       897.44216 
       920.05681 
       949.76012 
       1000.1446 
       1029.3756 
       1045.1946 
       1066.7808 
       1078.8541 
       1078.7555 
       1078.5352 
       1086.8703 
       1094.9856 
       1106.1132 
       1109.8530 
       1110.7220 
       1119.9124 
       1141.3802 
       1162.7905 
       1180.2511 
       1192.2595 
       1202.2449 
       1215.6115 
       1230.7430 
       1243.5664 
       1277.3719 
       1319.7186 
       1374.7180 
       1425.9401 
       1476.7402 
rc =       2.0000000 
sei-idr

       0.0000000 
       0.0000000 
       0.0000000 
       0.0000000 
       0.0000000 
       0.0000000 
       0.0000000 
       0.0000000 
       0.0000000 
       0.0000000 
       0.0000000 
       0.0000000 
       0.0000000 
       0.0000000 
       0.0000000 
       0.0000000 
       0.0000000 
       0.0000000 
       0.0000000 
       0.0000000 
       0.0000000 
       0.0000000 
       0.0000000 
       0.0000000 
       0.0000000 
       0.0000000 
       0.0000000 
       0.0000000 
       0.0000000 
       6.4093403 
       13.879276 
       22.708886 
       34.102369 
       44.357665 
       51.903403 
       58.499657 
       62.746796 
       68.045332 
       72.404986 
       76.946410 
       83.195931 
       90.175564 
       99.088918 
       107.22139 
       115.39817 
       123.86371 
       131.09498 
       141.71583 
       150.57012 
       159.73299 
       171.60605 
       185.12776 
       201.09668 
       216.39536 
       227.09928 
       234.87769 
       239.26565 
       243.58110 
       250.63177 
       258.24637 
       268.39870 
       283.43200 
       303.24203 
       320.06762 
       331.76521 
       345.41770 
       355.71521 
       368.52520 
       378.68789 
       389.49617 
       402.29050 
       416.40238 
       437.24939 
       456.20682 
       470.28168 
       483.75481 
       491.03024 
       499.66918 
       507.79118 
       516.45415 
       527.45597 
       537.59392 
       545.49987 
       545.82212 
       545.35442 
       558.75798 
       567.80130 
       577.67630 
       582.80392 
       586.91428 
       595.50344 
       611.29627 
       637.56639 
       647.77783 
       660.43993 
       673.65754 
       681.38342 
       701.68748 
       750.85929 
       775.18151 
       832.46503 
       898.57014 
       943.72882 
       1009.1694 
       1014.4242 
       1060.1886 
       1112.7936 
       1236.1581 
       1307.4937 
       1358.1404 
       1382.2870 
       1431.8163 
       1549.6342 
       1585.0374 
       1627.4090 
       1712.4700 
       1828.2897 
       1912.3386 
       1997.2542 
       2079.4342 
       2154.7284 
       2198.1247 
       2226.0485 
       2263.1587 
       2279.7575 
       2301.5461 
       2327.1021 
       2348.6811 
       2362.0942 
       2361.8433 
       2378.9928 
       2376.5936 
       2383.7806 
       2396.2849 
       2398.2517 
       2394.7258 
       2386.1310 
       2390.6972 
rc =       2.0000000 
set-igien

       0.0000000 
       0.0000000 
       0.0000000 
       0.0000000 
       0.0000000 
       0.0000000 
       0.0000000 
       0.0000000 
       0.0000000 
       0.0000000 
       0.0000000 
       0.0000000 
       0.0000000 
       0.0000000 
       0.0000000 
       0.0000000 
       0.0000000 
       0.0000000 
       0.0000000 
       0.0000000 
       0.0000000 
       0.0000000 
       0.0000000 
       0.0000000 
       0.0000000 
       0.0000000 
       0.0000000 
       0.0000000 
       0.0000000 
       23.252008 
       50.351677 
       82.384017 
       123.71766 
       160.92214 
       188.29681 
       212.22691 
       227.63482 
       246.85701 
       262.67310 
       279.14863 
       301.82084 
       327.14177 
       359.47792 
       388.98116 
       418.64516 
       449.35669 
       475.59054 
       514.12119 
       546.24306 
       579.48440 
       622.55787 
       671.61235 
       729.54490 
       785.04594 
       823.87796 
       852.09673 
       868.08406 
       883.91741 
       909.77306 
       937.82598 
       975.26184 
       1030.5776 
       1103.4342 
       1165.7160 
       1209.7017 
       1261.1352 
       1300.7722 
       1349.9371 
       1389.9191 
       1432.6522 
       1482.9503 
       1538.3112 
       1618.3186 
       1691.5791 
       1747.1652 
       1800.5126 
       1831.2076 
       1866.6540 
       1900.0081 
       1935.1034 
       1978.4659 
       2018.4488 
       2050.1026 
       2054.0581 
       2055.0234 
       2106.2802 
       2141.7299 
       2180.2276 
       2201.5830 
       2219.3594 
       2253.3763 
       2313.4035 
       2411.3146 
       2508.0920 
       2542.5920 
       2568.1413 
       2589.6243 
       2670.0648 
       2835.9255 
       2876.7051 
       3028.9114 
       3186.0740 
       3297.4063 
       3420.0936 
       3438.5481 
       3488.2502 
       3561.6306 
       3596.2029 
       3620.0933 
       3640.3350 
       3696.4532 
       3743.6698 
       3855.3026 
       3931.7307 
       3958.9027 
       3985.9623 
       3949.8723 
       3927.7479 
       3905.4159 
       3908.4747 
       3923.5526 
       3892.2221 
       3877.0388 
       3841.2211 
       3791.5781 
       3741.3034 
       3706.7096 
       3689.0574 
       3648.4830 
       3601.6693 
       3551.1717 
       3491.5146 
       3426.5199 
       3361.6460 
       3293.7213 
       3219.0156 
       3139.9601 
       3058.7023 
rc =       2.0000000 
ot-bonif

       0.0000000 
       0.0000000 
       0.0000000 
       0.0000000 
       0.0000000 
       0.0000000 
       0.0000000 
       0.0000000 
       0.0000000 
       0.0000000 
       0.0000000 
       0.0000000 
       0.0000000 
       0.0000000 
       0.0000000 
       0.0000000 
       0.0000000 
       0.0000000 
       0.0000000 
       0.0000000 
       0.0000000 
       0.0000000 
       0.0000000 
       0.0000000 
       0.0000000 
       0.0000000 
       0.0000000 
       0.0000000 
       0.0000000 
       4.3489483 
       9.4175453 
       15.408726 
       23.139580 
       30.098135 
       35.218167 
       39.693942 
       42.575766 
       46.170997 
       49.129165 
       52.210671 
       56.451177 
       61.187087 
       67.235091 
       72.753240 
       78.301458 
       84.045602 
       88.952260 
       96.158855 
       102.16678 
       108.38409 
       116.44035 
       125.61527 
       136.45071 
       146.83137 
       154.09433 
       159.37224 
       162.36244 
       165.32383 
       170.17238 
       175.45152 
       182.50512 
       192.93233 
       206.67470 
       218.47390 
       226.89319 
       236.75492 
       244.47046 
       254.03755 
       261.96201 
       270.48494 
       280.51102 
       291.57383 
       307.33120 
       321.90181 
       333.23235 
       344.19345 
       350.95598 
       358.62727 
       365.90562 
       373.49851 
       382.61666 
       391.07439 
       397.93911 
       399.57598 
       400.60200 
       410.98464 
       418.36811 
       426.29361 
       430.99286 
       435.00942 
       442.06335 
       453.99283 
       473.01145 
       500.65840 
       527.70600 
       555.65439 
       554.99581 
       552.11040 
       549.77374 
       568.30645 
       588.64945 
       598.17963 
       598.07709 
       598.72301 
       593.38841 
       640.79999 
       680.70477 
       702.73507 
       715.42616 
       715.32789 
       717.61210 
       727.89924 
       732.11091 
       729.72126 
       729.59020 
       729.15318 
       725.47037 
       716.75733 
       707.86718 
       701.96176 
       697.52388 
       693.23079 
       684.56166 
       675.24068 
       666.78805 
       659.61800 
       653.50989 
       644.33315 
       638.44904 
       634.16761 
       651.19548 
       665.80260 
       677.55090 
       693.46612 
       724.95844 
       764.07486 
       771.06537 
       774.46443 
rc =       2.0000000 
nov-al
  rc =         2.0000000 

       0.0000000 
       0.0000000 
       0.0000000 
       0.0000000 
       0.0000000 
       0.0000000 
       0.0000000 
       0.0000000 
       0.0000000 
       0.0000000 
       0.0000000 
       0.0000000 
       0.0000000 
       0.0000000 
       0.0000000 
       0.0000000 
       0.0000000 
       0.0000000 
       0.0000000 
       0.0000000 
       0.0000000 
       0.0000000 
       0.0000000 
       0.0000000 
       0.0000000 
       0.0000000 
       0.0000000 
       0.0000000 
       0.0000000 
       11.394383 
       24.674268 
       40.371353 
       60.626434 
       78.858071 
       92.272717 
       103.99939 
       111.54986 
       120.96948 
       128.71997 
       136.79362 
       147.90388 
       160.31211 
       176.15808 
       190.61580 
       205.15231 
       220.20215 
       233.05775 
       251.93926 
       267.68021 
       283.96976 
       305.07742 
       329.11601 
       357.50520 
       384.70286 
       403.73205 
       417.56034 
       425.39475 
       433.12416 
       445.75140 
       459.43608 
       477.68786 
       504.67852 
       540.24286 
       570.59046 
       591.93752 
       616.87999 
       635.98983 
       659.70879 
       678.85898 
       699.29203 
       723.36432 
       749.86635 
       788.40137 
       823.59634 
       850.11714 
       875.52321 
       889.84577 
       906.51928 
       922.18983 
       938.74526 
       959.38092 
       978.39918 
       993.38752 
       994.84380 
       994.87285 
       1019.5658 
       1036.5131 
       1054.9572 
       1064.9926 
       1073.2527 
       1089.4469 
       1118.3954 
       1165.9328 
       1224.3334 
       1284.1303 
       1305.5221 
       1320.2627 
       1366.4422 
       1348.1912 
       1403.1184 
       1428.1107 
       1459.5586 
       1497.5109 
       1588.5744 
       1616.2536 
       1808.3572 
       2024.0945 
       2267.7647 
       2477.3884 
       2711.1224 
       2924.2240 
       3105.3123 
       3254.5962 
       3361.1588 
       3431.2996 
       3449.9818 
       3463.8027 
       3483.7045 
       3510.5726 
       3587.8119 
       3689.4041 
       3789.6809 
       3917.1069 
       3984.6873 
       4018.2705 
       4050.8120 
       4091.2513 
       4132.4134 
       4143.3584 
       4144.2828 
       4163.1715 
       4163.6686 
       4155.1154 
       4140.3831 
       4131.8259 
       4119.3282 
       4103.3011 
       4082.6530 
rc =       3.0000000 
uno-strad

       0.0000000 
       0.0000000 
       0.0000000 
       0.0000000 
       0.0000000 
       0.0000000 
       0.0000000 
       0.0000000 
       0.0000000 
       0.0000000 
       0.0000000 
       0.0000000 
       0.0000000 
       0.0000000 
       0.0000000 
       0.0000000 
       0.0000000 
       0.0000000 
       0.0000000 
       0.0000000 
       0.0000000 
       0.0000000 
       0.0000000 
       0.0000000 
       0.0000000 
       0.0000000 
       0.0000000 
       0.0000000 
       0.0000000 
       5.4275428 
       11.753216 
       19.230286 
       28.878490 
       37.562855 
       43.952720 
       49.538544 
       53.135097 
       57.621991 
       61.313823 
       65.159581 
       70.451786 
       76.362263 
       83.910249 
       90.796969 
       97.721216 
       104.88998 
       111.01355 
       120.00747 
       127.50544 
       135.26472 
       145.31904 
       156.76946 
       170.29222 
       183.24742 
       192.31169 
       198.89858 
       202.63039 
       206.32625 
       212.37729 
       218.96573 
       227.78115 
       240.82590 
       258.03625 
       272.85284 
       283.48814 
       295.96320 
       305.80238 
       318.00060 
       328.21128 
       339.24027 
       352.22937 
       366.60638 
       386.94654 
       405.91923 
       420.96192 
       435.65612 
       445.21650 
       456.00773 
       466.39921 
       477.25633 
       490.07552 
       502.11029 
       512.18450 
       515.75037 
       518.55228 
       533.00808 
       543.67782 
       554.96577 
       562.16774 
       568.46333 
       578.50181 
       594.58531 
       619.48673 
       624.75870 
       649.44650 
       673.67886 
       689.58167 
       723.35328 
       716.59866 
       798.83464 
       794.66251 
       794.16629 
       789.80908 
       789.89236 
       783.60690 
       782.36291 
       795.35933 
       795.48056 
       792.99358 
       794.62166 
       802.11319 
       806.57523 
       825.68003 
       836.79023 
       897.24531 
       962.27484 
       953.23419 
       967.37312 
       985.02308 
       994.62552 
       1101.8938 
       1110.1347 
       1133.7550 
       1166.3550 
       1231.8073 
       1275.0527 
       1291.4723 
       1305.2171 
       1396.3580 
       1426.8191 
       1425.2919 
       1501.2600 
       1509.0532 
       1514.1640 
       1514.4231 
       1528.1181 
       1527.2305 
       1524.0864 
rc =       3.0000000 
due-fer

       0.0000000 
       0.0000000 
       0.0000000 
       0.0000000 
       0.0000000 
       0.0000000 
       0.0000000 
       0.0000000 
       0.0000000 
       0.0000000 
       0.0000000 
       0.0000000 
       0.0000000 
       0.0000000 
       0.0000000 
       0.0000000 
       0.0000000 
       0.0000000 
       0.0000000 
       0.0000000 
       0.0000000 
       0.0000000 
       0.0000000 
       0.0000000 
       0.0000000 
       0.0000000 
       0.0000000 
       0.0000000 
       0.0000000 
      0.69140673 
       1.4972250 
       2.4497180 
       3.6787885 
       4.7850771 
       5.5990726 
       6.3106426 
       6.7688022 
       7.3403810 
       7.8106781 
       8.3005836 
       8.9747499 
       9.7276768 
       10.689204 
       11.566493 
       12.448563 
       13.361781 
       14.141854 
       15.287576 
       16.242731 
       17.231175 
       18.511980 
       19.970632 
       21.693277 
       23.343620 
       24.498304 
       25.337399 
       25.812788 
       26.283598 
       27.052425 
       27.886589 
       28.999757 
       30.644591 
       32.811007 
       34.662980 
       35.970909 
       37.500303 
       38.678923 
       40.140860 
       41.329739 
       42.600421 
       44.096056 
       45.742231 
       48.121280 
       50.299706 
       51.952578 
       53.538881 
       54.451609 
       55.505619 
       56.497415 
       57.540987 
       58.830387 
       60.019292 
       60.960528 
       61.078147 
       61.106850 
       62.630990 
       63.685100 
       64.829842 
       65.464852 
       65.993439 
       67.004945 
       68.789876 
       71.701295 
       79.158256 
       82.990118 
       83.307793 
       84.291757 
       84.334229 
       83.249029 
       82.141890 
       81.012085 
       79.856304 
       78.673494 
       77.462493 
       76.221096 
       74.948906 
       73.643424 
       72.303044 
       70.925562 
       81.375452 
       91.096077 
       101.98440 
       111.85232 
       131.96044 
       144.15260 
       153.05523 
       157.57982 
       175.01105 
       195.29249 
       344.83381 
       550.90772 
       579.27475 
       595.12067 
       678.29584 
       762.31480 
       804.33879 
       836.17903 
       913.17607 
       928.98739 
       935.41636 
       946.74587 
       975.83560 
       976.76578 
       975.32339 
       990.13857 
       1003.1449 
       1037.9574 
       1062.9162 
rc =       3.0000000 
tre-mar

       0.0000000 
       0.0000000 
       0.0000000 
       0.0000000 
       0.0000000 
       0.0000000 
       0.0000000 
       0.0000000 
       0.0000000 
       0.0000000 
       0.0000000 
       0.0000000 
       0.0000000 
       0.0000000 
       0.0000000 
       0.0000000 
       0.0000000 
       0.0000000 
       0.0000000 
       0.0000000 
       0.0000000 
       0.0000000 
       0.0000000 
       0.0000000 
       0.0000000 
       0.0000000 
       0.0000000 
       0.0000000 
       0.0000000 
      0.11062508 
      0.23955600 
      0.39195488 
      0.58860616 
      0.76561234 
      0.89585162 
       1.0097028 
       1.0830083 
       1.1744610 
       1.2497085 
       1.3280934 
       1.4359600 
       1.5564283 
       1.7102726 
       1.8506389 
       1.9917700 
       2.1378849 
       2.2626966 
       2.4460122 
       2.5988370 
       2.7569879 
       2.9619167 
       3.1953011 
       3.4709243 
       3.7349792 
       3.9197286 
       4.0539839 
       4.1297199 
       4.2042045 
       4.3258989 
       4.4573267 
       4.6325558 
       4.8920303 
       5.2339509 
       5.5243603 
       5.7262603 
       5.9619021 
       6.1396369 
       6.3607370 
       6.5361447 
       6.7226955 
       6.9435254 
       7.1870961 
       7.5469150 
       7.8741199 
       8.1170517 
       8.3495976 
       8.4751714 
       8.6242793 
       8.7644648 
       8.9139874 
       9.1038787 
       9.2788594 
       9.4153159 
       9.4208781 
       9.4128056 
       9.6441507 
       9.8002381 
       9.9706804 
       10.059183 
       10.130128 
       10.278377 
       10.550961 
       11.004382 
       10.837067 
       10.666298 
       10.492248 
       10.315000 
       12.762818 
       12.578825 
       24.666203 
       28.024580 
       29.119998 
       28.917815 
       28.934174 
       28.763708 
       30.194510 
       30.213071 
       30.472128 
       93.825205 
       94.189659 
       94.819965 
       111.69284 
       112.88237 
       114.76614 
       114.50969 
       114.23669 
       115.99778 
       117.28597 
       118.81051 
       123.99633 
       127.64160 
       128.97533 
       130.37377 
       166.50704 
       203.00338 
       221.50966 
       235.62246 
       269.06967 
       276.27451 
       279.43652 
       284.66863 
       297.47333 
       298.15369 
       297.75588 
       304.24941 
       309.69445 
       324.30644 
       334.48409 
rc =       3.0000000 
qua-com

       0.0000000 
       0.0000000 
       0.0000000 
       0.0000000 
       0.0000000 
       0.0000000 
       0.0000000 
       0.0000000 
       0.0000000 
       0.0000000 
       0.0000000 
       0.0000000 
       0.0000000 
       0.0000000 
       0.0000000 
       0.0000000 
       0.0000000 
       0.0000000 
       0.0000000 
       0.0000000 
       0.0000000 
       0.0000000 
       0.0000000 
       0.0000000 
       0.0000000 
       0.0000000 
       0.0000000 
       0.0000000 
       0.0000000 
       1.2307040 
       2.6650605 
       4.3604981 
       6.5482435 
       8.5174373 
       9.9663493 
       11.232944 
       12.048468 
       13.065878 
       13.903007 
       14.775039 
       15.975055 
       17.315265 
       19.026783 
       20.588357 
       22.158441 
       23.783970 
       25.172500 
       27.211886 
       28.912062 
       30.671491 
       32.951324 
       35.547724 
       38.614033 
       41.551644 
       43.606981 
       45.100570 
       45.946763 
       46.784805 
       48.156889 
       49.650827 
       51.649738 
       54.607657 
       58.510130 
       61.872340 
       64.290209 
       67.130733 
       69.381707 
       72.177625 
       74.534507 
       77.088959 
       80.101199 
       83.443920 
       88.155996 
       92.577992 
       96.132772 
       99.635655 
       102.00561 
       104.68780 
       107.31484 
       110.08454 
       113.33610 
       116.44768 
       119.15064 
       120.41231 
       121.53376 
       125.32833 
       128.29306 
       131.42201 
       133.64360 
       135.67354 
       138.55960 
       142.81854 
       149.07474 
       154.46513 
       164.60817 
       167.77468 
       171.92461 
       175.94211 
       174.97619 
       179.20133 
       188.69393 
       200.74294 
       209.65972 
       223.36044 
       225.30456 
       230.86528 
       239.52475 
       246.40307 
       266.00895 
       276.02981 
       283.74002 
       291.35024 
       294.98223 
       293.43082 
       292.26721 
       293.17539 
       294.32739 
       292.88266 
       291.46381 
       291.61240 
       289.91743 
       289.47984 
       288.65050 
       288.52719 
       309.44921 
       323.16702 
       336.07825 
       346.80938 
       364.29489 
       409.75860 
       554.95442 
       605.88243 
       629.98509 
       660.31960 
       694.91519 
       720.66682 
       739.91691 
       750.74423 
rc =       3.0000000 
cin-edpub

       0.0000000 
       0.0000000 
       0.0000000 
       0.0000000 
       0.0000000 
       0.0000000 
       0.0000000 
       0.0000000 
       0.0000000 
       0.0000000 
       0.0000000 
       0.0000000 
       0.0000000 
       0.0000000 
       0.0000000 
       0.0000000 
       0.0000000 
       0.0000000 
       0.0000000 
       0.0000000 
       0.0000000 
       0.0000000 
       0.0000000 
       0.0000000 
       0.0000000 
       0.0000000 
       0.0000000 
       0.0000000 
       0.0000000 
       3.1942991 
       6.9171795 
       11.317697 
       16.996003 
       22.107056 
       25.867716 
       29.155169 
       31.271866 
       33.912560 
       36.085333 
       38.348696 
       41.463344 
       44.941867 
       49.384121 
       53.437197 
       57.512359 
       61.731428 
       65.335364 
       70.628602 
       75.041419 
       79.608026 
       85.525346 
       92.264319 
       100.22294 
       107.84752 
       113.18216 
       117.05878 
       119.25508 
       121.43022 
       124.99148 
       128.86900 
       134.05719 
       141.73448 
       151.86337 
       160.59001 
       166.86560 
       174.23168 
       180.05798 
       187.28488 
       193.35200 
       199.91272 
       207.64135 
       216.20517 
       228.30075 
       239.61558 
       248.64639 
       257.50417 
       263.37511 
       270.00539 
       276.43416 
       283.17115 
       291.09438 
       298.58782 
       304.95594 
       307.51538 
       309.64627 
       318.65399 
       325.44748 
       332.61301 
       337.37136 
       341.58661 
       347.99099 
       357.93771 
       373.06151 
       386.20803 
       407.44075 
       410.52145 
       423.17584 
       437.04113 
       433.47212 
       442.17988 
       458.49889 
       471.75650 
       474.65494 
       486.13490 
       488.10369 
       521.79349 
       555.68600 
       580.28314 
       607.83250 
       639.69763 
       662.95924 
       681.77308 
       719.34783 
       742.32704 
       764.90907 
       783.61342 
       794.11611 
       805.34086 
       818.99582 
       826.76020 
       831.58641 
       830.91375 
       826.81067 
       824.24977 
       830.45576 
       841.95967 
       857.76125 
       876.30490 
       884.77362 
       896.06906 
       919.19928 
       970.63875 
       1037.1254 
       1097.7543 
       1156.4907 
       1227.3244 
       1259.3450 
       1293.5235 
rc =       3.0000000 
sei-idr

       0.0000000 
       0.0000000 
       0.0000000 
       0.0000000 
       0.0000000 
       0.0000000 
       0.0000000 
       0.0000000 
       0.0000000 
       0.0000000 
       0.0000000 
       0.0000000 
       0.0000000 
       0.0000000 
       0.0000000 
       0.0000000 
       0.0000000 
       0.0000000 
       0.0000000 
       0.0000000 
       0.0000000 
       0.0000000 
       0.0000000 
       0.0000000 
       0.0000000 
       0.0000000 
       0.0000000 
       0.0000000 
       0.0000000 
       3.7266822 
       8.0700428 
       13.203980 
       19.828670 
       25.791566 
       30.179001 
       34.014364 
       36.483844 
       39.564654 
       42.099555 
       44.740146 
       48.373902 
       52.432178 
       57.614808 
       62.343397 
       67.097752 
       72.019999 
       76.224592 
       82.400036 
       87.548322 
       92.876031 
       99.779570 
       107.64171 
       116.92676 
       125.82211 
       132.04586 
       136.56858 
       139.11994 
       141.62914 
       145.72872 
       150.15619 
       156.05922 
       164.80027 
       176.31872 
       186.10189 
       192.90340 
       200.84158 
       206.82902 
       214.27733 
       220.18638 
       226.47080 
       233.91001 
       242.11530 
       254.23670 
       265.25942 
       273.44318 
       281.27707 
       285.50734 
       290.53041 
       295.25291 
       300.28995 
       306.68692 
       312.58158 
       317.17846 
       317.36583 
       317.09389 
       324.88733 
       330.14552 
       335.88730 
       338.86873 
       341.25868 
       346.25281 
       355.43548 
       370.71012 
       382.39465 
       399.28466 
       409.30486 
       418.27426 
       434.35270 
       428.15441 
       437.81752 
       466.86987 
       502.56669 
       522.57300 
       545.96313 
       547.70695 
       586.09745 
       601.74775 
       655.42261 
       685.55047 
       765.70234 
       798.88843 
       820.82045 
       857.12976 
       926.03974 
       1022.7695 
       1098.9660 
       1154.0428 
       1186.5050 
       1225.2017 
       1304.0002 
       1385.1626 
       1447.5142 
       1492.7276 
       1537.0579 
       1554.8284 
       1575.9707 
       1620.2016 
       1667.4105 
       1670.6727 
       1668.8864 
       1677.3251 
       1681.2120 
       1681.7145 
       1688.4476 
       1688.9861 
       1698.3245 
       1699.8511 
       1712.6102 
rc =       3.0000000 
set-igien

       0.0000000 
       0.0000000 
       0.0000000 
       0.0000000 
       0.0000000 
       0.0000000 
       0.0000000 
       0.0000000 
       0.0000000 
       0.0000000 
       0.0000000 
       0.0000000 
       0.0000000 
       0.0000000 
       0.0000000 
       0.0000000 
       0.0000000 
       0.0000000 
       0.0000000 
       0.0000000 
       0.0000000 
       0.0000000 
       0.0000000 
       0.0000000 
       0.0000000 
       0.0000000 
       0.0000000 
       0.0000000 
       0.0000000 
       13.987158 
       30.288862 
       49.557796 
       74.421891 
       96.802110 
       113.26924 
       127.66430 
       136.93287 
       148.49591 
       158.01002 
       167.92081 
       181.55919 
       196.79090 
       216.24259 
       233.99015 
       251.83442 
       270.30883 
       286.08970 
       309.26767 
       328.59046 
       348.58666 
       374.49735 
       404.00588 
       438.85499 
       472.24143 
       495.60069 
       512.57558 
       522.19270 
       531.71719 
       547.27056 
       564.14569 
       586.66509 
       619.94008 
       663.76666 
       701.23209 
       727.69148 
       758.63113 
       782.47461 
       812.04959 
       836.10062 
       861.80653 
       892.06320 
       925.36534 
       973.49349 
       1017.5631 
       1051.0007 
       1083.0916 
       1101.5561 
       1122.8787 
       1142.9427 
       1164.0542 
       1190.1387 
       1214.1903 
       1233.2315 
       1235.6109 
       1236.1916 
       1267.0249 
       1288.3496 
       1311.5077 
       1324.3540 
       1335.0473 
       1355.5100 
       1391.6192 
       1450.5172 
       1543.3473 
       1591.4733 
       1611.6429 
       1637.4416 
       1699.6890 
       1677.7354 
       1717.8814 
       1829.1456 
       1947.9345 
       2037.3669 
       2155.5948 
       2797.9932 
       2864.4005 
       2964.8390 
       3043.4695 
       3112.6739 
       3148.7291 
       3195.0953 
       3202.6342 
       3364.7638 
       3437.9939 
       3538.8941 
       3619.0832 
       3648.5908 
       3682.3836 
       3726.0173 
       3718.7983 
       3822.9581 
       3801.4236 
       3833.9722 
       3832.3014 
       3908.3735 
       3933.4561 
       4004.4288 
       4062.5869 
       4064.4722 
       4115.4964 
       4192.2260 
       4230.6305 
       4213.6775 
       4187.7549 
       4155.8803 
       4110.0229 
       4061.6189 
       4037.3383 
rc =       3.0000000 
ot-bonif

       0.0000000 
       0.0000000 
       0.0000000 
       0.0000000 
       0.0000000 
       0.0000000 
       0.0000000 
       0.0000000 
       0.0000000 
       0.0000000 
       0.0000000 
       0.0000000 
       0.0000000 
       0.0000000 
       0.0000000 
       0.0000000 
       0.0000000 
       0.0000000 
       0.0000000 
       0.0000000 
       0.0000000 
       0.0000000 
       0.0000000 
       0.0000000 
       0.0000000 
       0.0000000 
       0.0000000 
       0.0000000 
       0.0000000 
       3.5676587 
       7.7256810 
       12.640545 
       18.982549 
       24.690998 
       28.891215 
       32.562916 
       34.927019 
       37.876366 
       40.303099 
       42.831011 
       46.309709 
       50.194812 
       55.156291 
       59.683103 
       64.234583 
       68.946789 
       72.971965 
       78.883893 
       83.812494 
       88.912860 
       95.521815 
       103.04846 
       111.93731 
       120.45308 
       126.41125 
       130.74098 
       133.19399 
       135.62337 
       139.60087 
       143.93161 
       149.71803 
       158.27199 
       169.54554 
       179.22501 
       186.13177 
       194.22185 
       200.55129 
       208.39964 
       214.90047 
       221.89226 
       230.11714 
       239.19252 
       252.11908 
       264.07207 
       273.36708 
       282.35901 
       287.90665 
       294.19980 
       300.17059 
       306.39941 
       313.87949 
       320.81778 
       326.44925 
       327.79206 
       328.63376 
       337.15115 
       343.20818 
       349.70986 
       353.56489 
       356.85988 
       362.64656 
       372.43291 
       388.03483 
       412.31861 
       440.48808 
       458.73818 
       458.25716 
       455.55367 
       450.42283 
       449.47165 
       454.38606 
       455.41174 
       452.51369 
       447.85529 
       444.10568 
       474.89782 
       483.33483 
       489.06916 
       495.39891 
       489.30405 
       494.26345 
       500.43161 
       509.26470 
       509.20929 
       519.27578 
       519.66472 
       514.17589 
       507.23918 
       500.30559 
       509.14985 
       516.85766 
       539.14291 
       542.97037 
       549.81863 
       546.72251 
       542.43605 
       565.83459 
       558.91014 
       553.92527 
       550.84456 
       604.42227 
       639.21956 
       641.46911 
       661.68197 
       689.93413 
       709.07842 
       713.89965 
       717.40556 
rc =       3.0000000 
nov-al
  rc =         3.0000000 
