
       0.0000000        0.0000000        0.0000000        0.0000000 
       0.0000000 
       0.0000000        0.0000000        0.0000000        0.0000000 
       0.0000000 
       0.0000000        0.0000000        0.0000000        0.0000000 
       0.0000000 
       0.0000000        0.0000000        0.0000000        0.0000000 
       0.0000000 
       0.0000000        0.0000000        0.0000000        0.0000000 
       0.0000000 
       0.0000000        0.0000000        0.0000000        0.0000000 
       0.0000000 
       0.0000000        0.0000000        0.0000000        0.0000000 
       0.0000000 
       0.0000000        0.0000000        0.0000000        0.0000000 
       0.0000000 
       0.0000000        0.0000000        0.0000000        0.0000000 
       0.0000000 
       0.0000000        0.0000000        0.0000000        0.0000000 
       0.0000000 
       0.0000000        0.0000000        0.0000000        0.0000000 
       0.0000000 
       0.0000000        0.0000000        0.0000000        0.0000000 
       0.0000000 
       0.0000000        0.0000000        0.0000000        0.0000000 
       0.0000000 
       0.0000000        0.0000000        0.0000000        0.0000000 
       0.0000000 
       0.0000000        0.0000000        0.0000000        0.0000000 
       0.0000000 
       0.0000000        0.0000000        0.0000000        0.0000000 
       0.0000000 
       0.0000000        0.0000000        0.0000000        0.0000000 
       0.0000000 
       0.0000000        0.0000000        0.0000000        0.0000000 
       0.0000000 
       0.0000000        0.0000000        0.0000000        0.0000000 
       0.0000000 
       0.0000000        0.0000000        0.0000000        0.0000000 
       0.0000000 
       0.0000000        0.0000000        0.0000000        0.0000000 
       0.0000000 
       0.0000000        0.0000000        0.0000000        0.0000000 
       0.0000000 
       0.0000000        0.0000000        0.0000000        0.0000000 
       0.0000000 
       0.0000000        0.0000000        0.0000000        0.0000000 
       0.0000000 
       0.0000000        0.0000000        0.0000000        0.0000000 
       0.0000000 
       0.0000000        0.0000000        0.0000000        0.0000000 
       0.0000000 
       0.0000000        0.0000000        0.0000000        0.0000000 
       0.0000000 
       0.0000000        0.0000000        0.0000000        0.0000000 
       0.0000000 
       0.0000000        0.0000000        0.0000000        0.0000000 
       0.0000000 
   0.00073174149    0.00023899621     0.0015195438    0.00038357417 
   0.00075534606 
   0.00065906005    0.00021525752     0.0013686126    0.00034547503 
   0.00068032006 
   0.00076757013    0.00025069831     0.0015939460    0.00040235531 
   0.00079233046 
   0.00094136724    0.00030746269     0.0019548554    0.00049345863 
   0.00097173392 
   0.00076843519    0.00025098085     0.0015957424    0.00040280877 
   0.00079322342 
   0.00076131515    0.00024865535     0.0015809569    0.00039907649 
   0.00078587370 
   0.00059657786    0.00019485003     0.0012388613    0.00031272227 
   0.00061582231 
   0.00039884799    0.00013026890    0.00082825288    0.00020907354 
   0.00041171405 
   0.00044260974    0.00014456205    0.00091912910    0.00023201317 
   0.00045688747 
   0.00047784422    0.00015607009    0.00099229748    0.00025048286 
   0.00049325855 
   0.00049392551    0.00016132244     0.0010256921    0.00025891257 
   0.00050985859 
   0.00051656058    0.00016871535     0.0010726964    0.00027077773 
   0.00053322383 
   0.00059043856    0.00019284485     0.0012261123    0.00030950409 
   0.00060948497 
   0.00075309380    0.00024597015     0.0015638843    0.00039476691 
   0.00077738715 
   0.00062688134    0.00020474753     0.0013017899    0.00032860715 
   0.00064710331 
   0.00085359577    0.00027879539     0.0017725880    0.00044744940 
   0.00088113112 
   0.00080964140    0.00026443933     0.0016813118    0.00042440880 
   0.00083575886 
   0.00076445864    0.00024968206     0.0015874847    0.00040072429 
   0.00078911859 
   0.00097742984    0.00031924120     0.0020297434    0.00051236241 
    0.0010089598 
    0.0011277124    0.00036832541     0.0023418220    0.00059113954 
    0.0011640902 
    0.0011341993    0.00037044413     0.0023552929    0.00059453996 
    0.0011707864 
    0.0011578082    0.00037815510     0.0024043195    0.00060691560 
    0.0011951569 
    0.0013776900    0.00044997132     0.0028609288    0.00072217620 
    0.0014221316 
    0.0016473927    0.00053805971     0.0034209969    0.00086355262 
    0.0017005344 
    0.0014559825    0.00047554266     0.0030235120    0.00076321661 
    0.0015029496 
    0.0015918408    0.00051991574     0.0033056371    0.00083443266 
    0.0016431905 
    0.0013423002    0.00043841257     0.0027874379    0.00070362511 
    0.0013856002 
    0.0012131626    0.00039623456     0.0025192691    0.00063593202 
    0.0012522969 
    0.0015860182    0.00051801402     0.0032935459    0.00083138053 
    0.0016371801 
    0.0036316161     0.0011861327     0.0075414608     0.0019036697 
    0.0037487650 
    0.0054697676     0.0017864967      0.011358590     0.0028672169 
    0.0056462117 
    0.0062165394     0.0020304020      0.012909346     0.0032586699 
    0.0064170730 
    0.0081283708     0.0026548308      0.016879480     0.0042608395 
    0.0083905763 
    0.0097431511     0.0031822389      0.020232753     0.0051072970 
     0.010057446 
    0.0080079035     0.0026154846      0.016629316     0.0041976914 
    0.0082662230 
    0.0099432373     0.0032475896      0.020648255     0.0052121808 
     0.010263987 
     0.010418806     0.0034029165      0.021635827     0.0054614710 
     0.010754897 
    0.0075614932     0.0024696812      0.015702294     0.0039636859 
    0.0078054123 
    0.0075796918     0.0024756251      0.015740086     0.0039732255 
    0.0078241980 
    0.0081998069     0.0026781627      0.017027825     0.0042982858 
    0.0084643167 
    0.0086162561     0.0028141804      0.017892629     0.0045165859 
    0.0088941999 
    0.0071071611     0.0023212905      0.014758822     0.0037255280 
    0.0073364244 
    0.0074001634     0.0024169888      0.015367275     0.0038791179 
    0.0076388783 
    0.0098608220     0.0032206717      0.020477110     0.0051689793 
     0.010178913 
    0.0084730090     0.0027673941      0.017595160     0.0044414967 
    0.0087463319 
    0.0091588519     0.0029913992      0.019019390     0.0048010111 
    0.0094542988 
    0.0083733964     0.0027348593      0.017388303     0.0043892804 
    0.0086435060 
    0.0064480425     0.0021060139      0.013390088     0.0033800223 
    0.0066560438 
    0.0067497985     0.0022045713      0.014016719     0.0035382008 
    0.0069675339 
    0.0091554953     0.0029903029      0.019012420     0.0047992516 
    0.0094508339 
     0.011506635     0.0037582154      0.023894827     0.0060317038 
     0.011877817 
     0.011061521     0.0036128356      0.022970498     0.0057983781 
     0.011418345 
     0.011808771     0.0038568971      0.024522247     0.0061900818 
     0.012189700 
     0.016473927     0.0053805971      0.034209969     0.0086355262 
     0.017005344 
     0.016177583     0.0052838073      0.033594577     0.0084801846 
     0.016699440 
     0.053061359      0.017330524       0.11018790      0.027814422 
     0.054773015 
      0.31107274       0.10160037       0.64597767       0.16306233 
      0.32110735 
      0.42709972       0.13949628       0.88692079       0.22388292 
      0.44087713 
      0.46474023       0.15179015       0.96508555       0.24361383 
      0.47973185 
      0.45490770       0.14857872       0.94466719       0.23845968 
      0.46958214 
      0.42989813       0.14041028       0.89273200       0.22534983 
      0.44376581 
      0.50231063       0.16406113        1.0431047       0.26330799 
      0.51851420 
      0.72230318       0.23591354        1.4999441       0.37862667 
      0.74560328 
       1.0355040       0.33820896        2.1503409       0.54280451 
       1.0689073 
      0.77542719       0.33836823        2.4454795       0.41270670 
      0.81131472 
      0.58227934       0.23078953        2.0465991       0.51463413 
       1.3621888 
      0.56368614       0.26099072        2.7605822       0.36592513 
       1.2188536 
      0.56998780       0.29911522        2.2183309       0.39796445 
      0.89606190 
      0.82299987       0.17266613        2.3732140       0.31130317 
      0.80661549 
       2.6420816       0.63309996       0.21658683        1.1134784 
      0.97880586 
       1.8873877       0.71403384       0.77249275       0.25332195 
       1.0132878 
       3.9292435       0.77594304       0.98040593        2.3951368 
       1.3410734 
       4.5944083       0.94258407       0.53881633        2.6871914 
       1.3325713 
       7.7476391        4.5516708       0.40402622        5.5785149 
       3.7758331 
       5.4156983       0.86757008       0.85921467        3.0747909 
       2.5191561 
       4.4844080       0.81489427       0.57922220        2.6803549 
       1.9086118 
       3.5769962       0.63159709       0.15096711        2.7220294 
       1.5789927 
       3.1595632        1.7042798       0.38022433        2.6868064 
       2.0357143 
       2.8600332        1.2028963       0.13038387        3.0338783 
       2.1197893 
       1.7432512       0.89299747       0.54527142        2.1129267 
       1.9465728 
       2.0653502       0.83986332       0.25113560        2.2684544 
       1.5356324 
       5.5714155       0.58965612       0.23111708        1.2830074 
       1.1687670 
       6.1141550       0.69531820       0.15241839        2.4590168 
       1.6911184 
       5.7751391        1.3779337       0.41486176        3.7518649 
       2.5599604 
       8.4463244       0.77787455       0.61146358        2.2039779 
       4.4292409 
       11.605768        1.7263300       0.73346665        3.3721577 
       6.2076324 
       14.034111        2.4855285        1.0795470        17.969317 
       10.337948 
       13.935035        2.9048944       0.77181907        19.356271 
       12.383467 
       17.605331        4.6597520        2.7291271        11.859944 
       14.818777 
       33.710276        4.8972938        3.0108654        15.842003 
       20.185640 
       15.546463        4.6860232        4.8951040        11.828746 
       20.665022 
       25.033123        11.159996        6.7973441        9.6754275 
       43.648952 
       19.626403        4.0741918        8.0029729        19.118812 
       37.103958 
       16.560426        4.8438984        111.73213        20.439256 
       44.524195 
       46.714781        57.868696        2.8936351        28.773442 
       50.728748 
       98.992677        48.247866        5.0563520        1.2141948 
       5.3915124 
       39.023205        25.975158        34.049024      0.021595576 
       2.2229046 
       78.253955        2.5904931       0.70735552        19.100171 
       14.852894 
       50.507854        22.613224       0.46729178        17.713384 
       14.778523 
       14.224924        13.018908        4.7382771        3.5743127 
       11.560589 
       11.724621        3.2304554        4.6443439       0.52366241 
       14.534341 
       70.029914        4.0490079       0.16381041        5.0973945 
       42.937599 
       24.199620        3.3281181       0.22048410        4.0193656 
       31.134441 
      0.74259849        1.1491071        0.0000000        6.7890147 
       15.472936 
       12.601108        9.0829843      0.011318361        12.940659 
       18.365926 
       18.069726        12.273742        0.0000000        18.583317 
       12.964558 
       9.9545577       0.38371092        2.7645458        7.4385103 
       9.9253226 
       20.608288        8.3629492        3.9757346        18.293713 
       16.384903 
       22.446206        2.3537328        3.3412076        19.772110 
       35.703621 
