
       0.0000000        0.0000000        0.0000000        0.0000000 
       0.0000000 
       0.0000000        0.0000000        0.0000000        0.0000000 
       0.0000000 
       0.0000000        0.0000000        0.0000000        0.0000000 
       0.0000000 
       0.0000000        0.0000000        0.0000000        0.0000000 
       0.0000000 
       0.0000000        0.0000000        0.0000000        0.0000000 
       0.0000000 
       0.0000000        0.0000000        0.0000000        0.0000000 
       0.0000000 
       0.0000000        0.0000000        0.0000000        0.0000000 
       0.0000000 
       0.0000000        0.0000000        0.0000000        0.0000000 
       0.0000000 
       0.0000000        0.0000000        0.0000000        0.0000000 
       0.0000000 
       0.0000000        0.0000000        0.0000000        0.0000000 
       0.0000000 
       0.0000000        0.0000000        0.0000000        0.0000000 
       0.0000000 
       0.0000000        0.0000000        0.0000000        0.0000000 
       0.0000000 
       0.0000000        0.0000000        0.0000000        0.0000000 
       0.0000000 
       0.0000000        0.0000000        0.0000000        0.0000000 
       0.0000000 
       0.0000000        0.0000000        0.0000000        0.0000000 
       0.0000000 
       0.0000000        0.0000000        0.0000000        0.0000000 
       0.0000000 
       0.0000000        0.0000000        0.0000000        0.0000000 
       0.0000000 
       0.0000000        0.0000000        0.0000000        0.0000000 
       0.0000000 
       0.0000000        0.0000000        0.0000000        0.0000000 
       0.0000000 
       0.0000000        0.0000000        0.0000000        0.0000000 
       0.0000000 
       0.0000000        0.0000000        0.0000000        0.0000000 
       0.0000000 
       0.0000000        0.0000000        0.0000000        0.0000000 
       0.0000000 
       0.0000000        0.0000000        0.0000000        0.0000000 
       0.0000000 
       0.0000000        0.0000000        0.0000000        0.0000000 
       0.0000000 
       0.0000000        0.0000000        0.0000000        0.0000000 
       0.0000000 
       0.0000000        0.0000000        0.0000000        0.0000000 
       0.0000000 
       0.0000000        0.0000000        0.0000000        0.0000000 
       0.0000000 
       0.0000000        0.0000000        0.0000000        0.0000000 
       0.0000000 
       0.0000000        0.0000000        0.0000000        0.0000000 
       0.0000000 
   1.9670470e-06        0.0000000    3.9340940e-06    9.8352351e-07 
   1.9670470e-06 
   1.7716668e-06        0.0000000    3.5433336e-06    8.8583340e-07 
   1.7716668e-06 
   2.0633606e-06        0.0000000    4.1267211e-06    1.0316803e-06 
   2.0633606e-06 
   2.5305571e-06        0.0000000    5.0611142e-06    1.2652785e-06 
   2.5305571e-06 
   2.0656860e-06        0.0000000    4.1313720e-06    1.0328430e-06 
   2.0656860e-06 
   2.0465461e-06        0.0000000    4.0930922e-06    1.0232731e-06 
   2.0465461e-06 
   1.6037039e-06        0.0000000    3.2074079e-06    8.0185197e-07 
   1.6037039e-06 
   1.0721720e-06        0.0000000    2.1443440e-06    5.3608600e-07 
   1.0721720e-06 
   1.1898111e-06        0.0000000    2.3796223e-06    5.9490556e-07 
   1.1898111e-06 
   1.2845275e-06        0.0000000    2.5690550e-06    6.4226374e-07 
   1.2845275e-06 
   1.3277567e-06        0.0000000    2.6555135e-06    6.6387837e-07 
   1.3277567e-06 
   1.3886037e-06        0.0000000    2.7772074e-06    6.9430186e-07 
   1.3886037e-06 
   1.5872004e-06        0.0000000    3.1744009e-06    7.9360022e-07 
   1.5872004e-06 
   2.0244457e-06        0.0000000    4.0488914e-06    1.0122229e-06 
   2.0244457e-06 
   1.6851649e-06        0.0000000    3.3703298e-06    8.4258244e-07 
   1.6851649e-06 
   2.2946123e-06        0.0000000    4.5892246e-06    1.1473061e-06 
   2.2946123e-06 
   2.1764554e-06        0.0000000    4.3529107e-06    1.0882277e-06 
   2.1764554e-06 
   2.0549963e-06        0.0000000    4.1099927e-06    1.0274982e-06 
   2.0549963e-06 
   2.6274996e-06        0.0000000    5.2549991e-06    1.3137498e-06 
   2.6274996e-06 
   3.0314848e-06        0.0000000    6.0629697e-06    1.5157424e-06 
   3.0314848e-06 
   3.0489229e-06        0.0000000    6.0978458e-06    1.5244614e-06 
   3.0489229e-06 
   3.1123877e-06        0.0000000    6.2247753e-06    1.5561938e-06 
   3.1123877e-06 
   3.7034677e-06        0.0000000    7.4069354e-06    1.8517338e-06 
   3.7034677e-06 
   4.4284750e-06        0.0000000    8.8569499e-06    2.2142375e-06 
   4.4284750e-06 
   3.9139314e-06        0.0000000    7.8278627e-06    1.9569657e-06 
   3.9139314e-06 
   4.2791419e-06        0.0000000    8.5582837e-06    2.1395709e-06 
   4.2791419e-06 
   3.6083339e-06        0.0000000    7.2166678e-06    1.8041669e-06 
   3.6083339e-06 
   3.2611898e-06        0.0000000    6.5223797e-06    1.6305949e-06 
   3.2611898e-06 
   4.2634899e-06        0.0000000    8.5269798e-06    2.1317449e-06 
   4.2634899e-06 
   9.7624088e-06        0.0000000    1.9524818e-05    4.8812044e-06 
   9.7624088e-06 
   1.4703676e-05        0.0000000    2.9407353e-05    7.3518382e-06 
   1.4703676e-05 
   1.6711128e-05        0.0000000    3.3422255e-05    8.3555638e-06 
   1.6711128e-05 
   2.1850459e-05        0.0000000    4.3700918e-05    1.0925230e-05 
   2.1850459e-05 
   2.6191266e-05        0.0000000    5.2382533e-05    1.3095633e-05 
   2.6191266e-05 
   2.1526622e-05        0.0000000    4.3053245e-05    1.0763311e-05 
   2.1526622e-05 
   2.6729132e-05        0.0000000    5.3458265e-05    1.3364566e-05 
   2.6729132e-05 
   2.8007543e-05        0.0000000    5.6015087e-05    1.4003772e-05 
   2.8007543e-05 
   2.0326595e-05        0.0000000    4.0653189e-05    1.0163297e-05 
   2.0326595e-05 
   2.0375516e-05        0.0000000    4.0751031e-05    1.0187758e-05 
   2.0375516e-05 
   2.2042492e-05        0.0000000    4.4084983e-05    1.1021246e-05 
   2.2042492e-05 
   2.3161979e-05        0.0000000    4.6323958e-05    1.1580989e-05 
   2.3161979e-05 
   1.9105272e-05        0.0000000    3.8210544e-05    9.5526359e-06 
   1.9105272e-05 
   1.9892912e-05        0.0000000    3.9785824e-05    9.9464561e-06 
   1.9892912e-05 
   2.6507586e-05        0.0000000    5.3015172e-05    1.3253793e-05 
   2.6507586e-05 
   2.2776906e-05        0.0000000    4.5553812e-05    1.1388453e-05 
   2.2776906e-05 
   2.4620570e-05        0.0000000    4.9241139e-05    1.2310285e-05 
   2.4620570e-05 
   2.2509130e-05        0.0000000    4.5018260e-05    1.1254565e-05 
   2.2509130e-05 
   1.7333448e-05        0.0000000    3.4666895e-05    8.6667238e-06 
   1.7333448e-05 
   1.8144620e-05        0.0000000    3.6289239e-05    9.0723098e-06 
   1.8144620e-05 
   2.4611547e-05        0.0000000    4.9223093e-05    1.2305773e-05 
   2.4611547e-05 
   3.0931814e-05        0.0000000    6.1863629e-05    1.5465907e-05 
   3.0931814e-05 
   2.9735272e-05        0.0000000    5.9470545e-05    1.4867636e-05 
   2.9735272e-05 
   3.1744009e-05        0.0000000    6.3488019e-05    1.5872005e-05 
   3.1744009e-05 
   4.4284750e-05        0.0000000    8.8569499e-05    2.2142375e-05 
   4.4284750e-05 
   4.3488126e-05        0.0000000    8.6976252e-05    2.1744063e-05 
   4.3488126e-05 
   0.00014263806        0.0000000    0.00028527612    7.1319030e-05 
   0.00014263806 
   0.00083621705        0.0000000     0.0016724341    0.00041810853 
   0.00083621705 
    0.0011481175        0.0000000     0.0022962351    0.00057405877 
    0.0011481175 
    0.0012493017        0.0000000     0.0024986034    0.00062465084 
    0.0012493017 
    0.0012228702        0.0000000     0.0024457403    0.00061143508 
    0.0012228702 
    0.0011556401        0.0000000     0.0023112803    0.00057782007 
    0.0011556401 
    0.0013502974        0.0000000     0.0027005948    0.00067514870 
    0.0013502974 
    0.0019416752        0.0000000     0.0038833504    0.00097083760 
    0.0019416752 
    0.0027836129        0.0000000     0.0055672257     0.0013918064 
    0.0027836129 
       0.0000000        0.0000000        0.0000000        0.0000000 
       0.0000000 
       0.0000000        0.0000000        0.0000000        0.0000000 
       0.0000000 
       0.0000000        0.0000000        0.0000000        0.0000000 
       0.0000000 
       0.0000000        0.0000000        0.0000000        0.0000000 
       0.0000000 
     0.011343030     0.0025206734      0.032768754     0.0037810101 
     0.011343030 
       0.0000000        0.0000000        0.0000000     0.0013883771 
       0.0000000 
     0.022270061        0.0000000        0.0000000        0.0000000 
       0.0000000 
      0.11048616        0.0000000       0.80642198        0.0000000 
     0.041908544 
     0.079926719        0.0000000       0.31143860     0.0027560938 
     0.030317031 
       0.0000000        0.0000000        0.0000000     0.0067113991 
       0.0000000 
     0.011140547       0.16432306       0.63779630     0.0027851367 
       0.0000000 
    0.0049789874       0.20911747        1.3824988        0.0000000 
     0.091281436 
       0.0000000        0.0000000       0.36355345      0.043133460 
     0.063159709 
     0.023553719        0.0000000       0.79073201        0.0000000 
       0.0000000 
      0.15982538     0.0070098852       0.41638718      0.037853380 
     0.015421747 
       3.4426035       0.75321391        11.859653        1.8714824 
       4.0756728 
      0.13586024      0.082339541       0.71772634      0.010978606 
      0.15918978 
     0.014939127      0.074695634       0.32514570     0.0070301773 
     0.015817899 
    0.0058064150       0.14661198        1.2164440      0.085644622 
       3.4577202 
    0.0016462768      0.054327135       0.18932183     0.0049388304 
     0.019755322 
    0.0038700226      0.077400453       0.57082834      0.048375283 
    0.0096750566 
     0.024597967       0.20572845       0.45618048      0.015653252 
     0.015653252 
      0.11823610       0.40097461       0.42153741     0.0077110502 
      0.15422100 
     0.081939695        0.0000000       0.70838188      0.050221104 
      0.10308542 
      0.49769652      0.032815155        1.5532507       0.12032224 
      0.63442633 
      0.95320287      0.034246810        1.7151944       0.15981845 
      0.86473195 
      0.56451813       0.34367655        3.9738417       0.34498330 
       1.3028347 
      0.10556931       0.34046103        1.8395453       0.31142947 
     0.093692765 
      0.18580253       0.14810347        2.2579047       0.32717403 
       4.8147092 
       2.5982597       0.64492517        4.8415785       0.58692830 
       8.3005117 
     0.025371051      0.020029777       0.83991530     0.0080119107 
      0.43798445 
     0.013711108      0.024375303       0.50578754      0.031992586 
      0.16148638 
     0.028794101     0.0043191151       0.76448337      0.014397050 
      0.12381463 
     0.026722320      0.053444639       0.55645301       0.39611909 
     0.070735552 
     0.047065359      0.038660831        1.0690560       0.58495518 
      0.76145028 
      0.11606004      0.035322620        1.8838730       0.41882535 
       1.0748169 
      0.29433439       0.12278981        2.0549235      0.028891719 
       1.1412229 
      0.37580035      0.092504702        2.4359572      0.015417450 
      0.67836782 
     0.058100540       0.28603343      0.072998114      0.090875204 
      0.25772804 
    0.0096025667      0.038410267       0.30408128     0.0080021389 
      0.17924791 
     0.030182295      0.015091147       0.87340015     0.0075455737 
      0.18486655 
      0.21158506     0.0018084193        1.0778179     0.0054252580 
     0.063294677 
     0.049334262      0.010963169       0.51709615     0.0054815846 
      0.12059486 
     0.020954998     0.0019049998       0.22288498      0.028574997 
      0.51244495 
     0.020729433     0.0018844939       0.83671528      0.011306963 
      0.34674687 
