
       0.0000000        0.0000000        0.0000000        0.0000000 
       0.0000000 
       0.0000000        0.0000000        0.0000000        0.0000000 
       0.0000000 
       0.0000000        0.0000000        0.0000000        0.0000000 
       0.0000000 
       0.0000000        0.0000000        0.0000000        0.0000000 
       0.0000000 
       0.0000000        0.0000000        0.0000000        0.0000000 
       0.0000000 
       0.0000000        0.0000000        0.0000000        0.0000000 
       0.0000000 
       0.0000000        0.0000000        0.0000000        0.0000000 
       0.0000000 
       0.0000000        0.0000000        0.0000000        0.0000000 
       0.0000000 
       0.0000000        0.0000000        0.0000000        0.0000000 
       0.0000000 
       0.0000000        0.0000000        0.0000000        0.0000000 
       0.0000000 
       0.0000000        0.0000000        0.0000000        0.0000000 
       0.0000000 
       0.0000000        0.0000000        0.0000000        0.0000000 
       0.0000000 
       0.0000000        0.0000000        0.0000000        0.0000000 
       0.0000000 
       0.0000000        0.0000000        0.0000000        0.0000000 
       0.0000000 
       0.0000000        0.0000000        0.0000000        0.0000000 
       0.0000000 
       0.0000000        0.0000000        0.0000000        0.0000000 
       0.0000000 
       0.0000000        0.0000000        0.0000000        0.0000000 
       0.0000000 
       0.0000000        0.0000000        0.0000000        0.0000000 
       0.0000000 
       0.0000000        0.0000000        0.0000000        0.0000000 
       0.0000000 
       0.0000000        0.0000000        0.0000000        0.0000000 
       0.0000000 
       0.0000000        0.0000000        0.0000000        0.0000000 
       0.0000000 
       0.0000000        0.0000000        0.0000000        0.0000000 
       0.0000000 
       0.0000000        0.0000000        0.0000000        0.0000000 
       0.0000000 
       0.0000000        0.0000000        0.0000000        0.0000000 
       0.0000000 
       0.0000000        0.0000000        0.0000000        0.0000000 
       0.0000000 
       0.0000000        0.0000000        0.0000000        0.0000000 
       0.0000000 
       0.0000000        0.0000000        0.0000000        0.0000000 
       0.0000000 
       0.0000000        0.0000000        0.0000000        0.0000000 
       0.0000000 
       0.0000000        0.0000000        0.0000000        0.0000000 
       0.0000000 
   0.00090779220    0.00044651967     0.0031738304    0.00047209128 
    0.0012500584 
   0.00081762423    0.00040216837     0.0028585844    0.00042520003 
    0.0011258943 
   0.00095224090    0.00046838285     0.0033292323    0.00049520654 
    0.0013112656 
    0.0011678521    0.00057443646     0.0040830539    0.00060733370 
    0.0016081690 
   0.00095331409    0.00046891072     0.0033329844    0.00049576464 
    0.0013127434 
   0.00094448103    0.00046456596     0.0033021021    0.00049117106 
    0.0013005800 
   0.00074010937    0.00036404079     0.0025875763    0.00038488894 
    0.0010191539 
   0.00049480738    0.00024338305     0.0017299495    0.00025732128 
   0.00068136531 
   0.00054909784    0.00027008713     0.0019197603    0.00028555467 
   0.00075612497 
   0.00059280943    0.00029158774     0.0020725851    0.00030828659 
   0.00081631721 
   0.00061275974    0.00030140078     0.0021423355    0.00031866162 
   0.00084378941 
   0.00064084062    0.00031521304     0.0022405121    0.00033326489 
   0.00088245767 
   0.00073249300    0.00036029450     0.0025609479    0.00038092811 
    0.0010086659 
   0.00093428169    0.00045954917     0.0032664431    0.00048586697 
    0.0012865352 
   0.00077770359    0.00038253243     0.0027190135    0.00040443957 
    0.0010709223 
    0.0010589636    0.00052087699     0.0037023569    0.00055070695 
    0.0014582261 
    0.0010044342    0.00049405537     0.0035117107    0.00052234929 
    0.0013831374 
   0.00094838081    0.00046648417     0.0033157366    0.00049319912 
    0.0013059502 
    0.0012125910    0.00059644240     0.0042394705    0.00063059989 
    0.0016697760 
    0.0013990303    0.00068814706     0.0048913008    0.00072755636 
    0.0019265086 
    0.0014070779    0.00069210550     0.0049194371    0.00073174150 
    0.0019375905 
    0.0014363669    0.00070651200     0.0050218375    0.00074697304 
    0.0019779224 
    0.0017091503    0.00084068717     0.0059755451    0.00088883225 
    0.0023535537 
    0.0020437412     0.0010052638     0.0071453444     0.0010628340 
    0.0028142958 
    0.0018062793    0.00088846242     0.0063151282    0.00093934352 
    0.0024873034 
    0.0019748240    0.00097136520     0.0069043954     0.0010269940 
    0.0027193947 
    0.0016652461    0.00081909179     0.0058220467    0.00086600013 
    0.0022930962 
    0.0015050391    0.00074029009     0.0052619298    0.00078268556 
    0.0020724861 
    0.0019676006    0.00096781220     0.0068791409     0.0010232376 
    0.0027094478 
    0.0045053517     0.0022160668      0.015751647     0.0023429781 
    0.0062040108 
    0.0067857467     0.0033377345      0.023724382     0.0035288823 
    0.0093441864 
    0.0077121853     0.0037934259      0.026963404     0.0040106706 
     0.010619922 
     0.010083987     0.0049600542      0.035255716     0.0052441102 
     0.013885967 
     0.012087269     0.0059454175      0.042259608     0.0062859039 
     0.016644550 
    0.0099345362     0.0048865433      0.034733205     0.0051663894 
     0.013680168 
     0.012335495     0.0060675131      0.043127455     0.0064149918 
     0.016986364 
     0.012925481     0.0063577124      0.045190171     0.0067218104 
     0.017798794 
    0.0093807234     0.0046141370      0.032796960     0.0048783827 
     0.012917551 
    0.0094033004     0.0046252420      0.032875894     0.0048901237 
     0.012948640 
     0.010172610     0.0050036456      0.035565560     0.0052901980 
     0.014008003 
     0.010689253     0.0052577692      0.037371853     0.0055588749 
     0.014719438 
    0.0088170829     0.0043368967      0.030826356     0.0045852652 
     0.012141400 
    0.0091805790     0.0045156911      0.032097214     0.0047742989 
     0.012641946 
     0.012233251     0.0060172221      0.042769990     0.0063618207 
     0.016845571 
     0.010511542     0.0051703577      0.036750538     0.0054664574 
     0.014474724 
     0.011362393     0.0055888693      0.039725289     0.0059089367 
     0.015646372 
     0.010387964     0.0051095725      0.036318482     0.0054021912 
     0.014304552 
    0.0079993860     0.0039346926      0.027967518     0.0041600274 
     0.011015406 
    0.0083737420     0.0041188287      0.029276344     0.0043547087 
     0.011530906 
     0.011358229     0.0055868211      0.039710730     0.0059067712 
     0.015640638 
     0.014275032     0.0070215219      0.049908482     0.0074236354 
     0.019657168 
     0.013722828     0.0067499068      0.047977862     0.0071364654 
     0.018896766 
     0.014649860     0.0072058901      0.051218959     0.0076185622 
     0.020173318 
     0.020437412      0.010052638      0.071453444      0.010628340 
     0.028142958 
     0.020069770     0.0098718046      0.070168091      0.010437150 
     0.027636704 
     0.065827465      0.032378840       0.23014651      0.034233135 
     0.090646488 
      0.38591417       0.18982127        1.3492362       0.20069209 
      0.53141594 
      0.52985624       0.26062268        1.8524876       0.27554821 
      0.72962869 
      0.57655273       0.28359148        2.0157483       0.29983240 
      0.79393122 
      0.56435458       0.27759152        1.9731010       0.29348884 
      0.77713398 
      0.53332792       0.26233031        1.8646254       0.27735363 
      0.73440930 
      0.62316225       0.30651751        2.1787049       0.32407138 
      0.85811400 
      0.89608311       0.44076027        3.1328929       0.46600205 
       1.2339346 
       1.2846373       0.63188012        4.4913593       0.66806709 
       1.7689860 
       1.1073869       0.48320008        3.4887815       0.58829930 
       1.1560914 
      0.80643699       0.31965677        2.8331405       0.71226425 
       1.8874339 
      0.27578916       0.12780473        1.3547302       0.18027194 
      0.59866428 
       1.0282888       0.54046140        4.0027522       0.71761977 
       1.6175329 
       2.0417455       0.42725414        5.8819914       0.77258640 
       1.9988940 
       2.0006514        1.7326946        7.9290216       0.80109359 
       2.7878612 
       1.7509836       0.81424912        10.359754       0.44957686 
       2.0265756 
       1.6598323        1.2242375        6.5580521       0.57021018 
       1.5810951 
       2.8787399        1.0817668        7.0680025        2.0009241 
       1.4290346 
       2.7355663        1.5046957        7.3973041        1.6067089 
       4.4858991 
       2.5038379        1.4886556        9.6226472        1.1251952 
       3.0246584 
       3.4139257        1.1219318        11.003562        1.2032553 
       3.5201441 
       3.1225544        2.8052154        8.0182021        1.7838767 
       5.4841113 
       4.3927687        3.0216057        7.2646400        1.8018595 
       8.6644039 
       3.5904632        2.6721682        7.5931077        1.0262472 
       3.8245934 
       2.1152372       0.96346687        4.8115582        1.4579079 
       2.5484507 
       4.1622638        1.4340803        5.6663328       0.98944682 
       4.1883380 
       3.3481219        1.1863424        5.8130779        1.4517316 
       44.001001 
       2.7812728        2.0409549        7.7080160        3.3140114 
       6.6004423 
       2.5467902        3.1081706        14.113531        2.8151334 
       13.935733 
       4.3924757       0.96557065        10.992799       0.95202557 
       5.3773965 
       6.7823304       0.40698455        22.983446        1.8582646 
       1.5474357 
       12.299125       0.77110502        16.072399        3.1743823 
       3.9274949 
       12.674221       0.75067334        19.385346        3.6899295 
       2.7040099 
       10.465300       0.28713261        24.936783        6.6669457 
       8.1737082 
       20.040092       0.30251349        27.520166        8.9070244 
       11.133067 
       15.586973        5.0858902        23.432729        5.9195998 
       11.183209 
       9.2386344        7.4756269        16.134950        8.7675314 
       21.947860 
       10.225871        11.623430        24.354942        13.442409 
       11.872513 
       12.537763        10.069416        56.082971        20.127233 
       17.977869 
       6.8074534        10.817415        32.659219        19.699953 
       11.876322 
       13.872595        6.6864504        134.49226        33.602879 
       120.68517 
       33.068585        7.9759659        72.271753        29.073403 
       16.792720 
       29.308097        11.135348        103.62758        30.284248 
       33.261428 
       43.320301        17.647829        79.679972        18.493324 
       17.447801 
       43.736131        21.677996        187.26876        15.383842 
       43.048181 
       54.816620        19.066729        430.45412        27.020981 
       27.275589 
       42.924109        12.914042        198.93907        56.703455 
       55.543292 
       27.977645        23.788447        190.74407        27.030159 
       35.071870 
       52.863730        9.5561543        93.573812        20.980008 
       38.437474 
       61.471902        19.563786        143.12821        44.922573 
       75.700968 
       39.667678        24.974271        118.80049        56.077275 
       106.66781 
       68.932754        28.915359        216.06762        40.560072 
       90.749461 
       66.080634        43.039661        259.50479        69.185783 
       106.28946 
       74.951974        33.266970        343.91825        95.687060 
       150.47495 
