
       0.0000000        0.0000000        0.0000000        0.0000000 
       0.0000000 
       0.0000000        0.0000000        0.0000000        0.0000000 
       0.0000000 
       0.0000000        0.0000000        0.0000000        0.0000000 
       0.0000000 
       0.0000000        0.0000000        0.0000000        0.0000000 
       0.0000000 
       0.0000000        0.0000000        0.0000000        0.0000000 
       0.0000000 
       0.0000000        0.0000000        0.0000000        0.0000000 
       0.0000000 
       0.0000000        0.0000000        0.0000000        0.0000000 
       0.0000000 
       0.0000000        0.0000000        0.0000000        0.0000000 
       0.0000000 
       0.0000000        0.0000000        0.0000000        0.0000000 
       0.0000000 
       0.0000000        0.0000000        0.0000000        0.0000000 
       0.0000000 
       0.0000000        0.0000000        0.0000000        0.0000000 
       0.0000000 
       0.0000000        0.0000000        0.0000000        0.0000000 
       0.0000000 
       0.0000000        0.0000000        0.0000000        0.0000000 
       0.0000000 
       0.0000000        0.0000000        0.0000000        0.0000000 
       0.0000000 
       0.0000000        0.0000000        0.0000000        0.0000000 
       0.0000000 
       0.0000000        0.0000000        0.0000000        0.0000000 
       0.0000000 
       0.0000000        0.0000000        0.0000000        0.0000000 
       0.0000000 
       0.0000000        0.0000000        0.0000000        0.0000000 
       0.0000000 
       0.0000000        0.0000000        0.0000000        0.0000000 
       0.0000000 
       0.0000000        0.0000000        0.0000000        0.0000000 
       0.0000000 
       0.0000000        0.0000000        0.0000000        0.0000000 
       0.0000000 
       0.0000000        0.0000000        0.0000000        0.0000000 
       0.0000000 
       0.0000000        0.0000000        0.0000000        0.0000000 
       0.0000000 
       0.0000000        0.0000000        0.0000000        0.0000000 
       0.0000000 
       0.0000000        0.0000000        0.0000000        0.0000000 
       0.0000000 
       0.0000000        0.0000000        0.0000000        0.0000000 
       0.0000000 
       0.0000000        0.0000000        0.0000000        0.0000000 
       0.0000000 
       0.0000000        0.0000000        0.0000000        0.0000000 
       0.0000000 
       0.0000000        0.0000000        0.0000000        0.0000000 
       0.0000000 
   0.00057536125    0.00016719900     0.0015539671    0.00027243601 
   0.00080747280 
   0.00051821254    0.00015059168     0.0013996168    0.00024537585 
   0.00072726923 
   0.00060353297    0.00017538565     0.0016300548    0.00028577544 
   0.00084700951 
   0.00074018795    0.00021509735     0.0019991401    0.00035048216 
    0.0010387937 
   0.00060421315    0.00017558331     0.0016318919    0.00028609751 
   0.00084796410 
   0.00059861473    0.00017395642     0.0016167714    0.00028344663 
   0.00084010717 
   0.00046908340    0.00013631483     0.0012669261    0.00022211300 
   0.00065832047 
   0.00031361031    9.1134621e-05    0.00084701589    0.00014849582 
   0.00044012661 
   0.00034801976    0.00010113395    0.00093995079    0.00016478884 
   0.00048841747 
   0.00037572429    0.00010918484     0.0010147767    0.00017790706 
   0.00052729853 
   0.00038836885    0.00011285932     0.0010489278    0.00018389431 
   0.00054504414 
   0.00040616659    0.00011803132     0.0010969969    0.00019232162 
   0.00057002183 
   0.00046425613    0.00013491204     0.0012538883    0.00021982726 
   0.00065154578 
   0.00059215037    0.00017207788     0.0015993121    0.00028038573 
   0.00083103496 
   0.00049291073    0.00014323901     0.0013312803    0.00023339534 
   0.00069176018 
   0.00067117409    0.00019504204     0.0018127437    0.00031780380 
   0.00094193834 
   0.00063661320    0.00018499871     0.0017193997    0.00030143907 
   0.00089343493 
   0.00060108643    0.00017467469     0.0016234471    0.00028461699 
   0.00084357600 
   0.00076854362    0.00022333746     0.0020757247    0.00036390869 
    0.0010785886 
   0.00088670931    0.00025767621     0.0023948730    0.00041986065 
    0.0012444245 
   0.00089180995    0.00025915845     0.0024086491    0.00042227582 
    0.0012515828 
   0.00091037339    0.00026455295     0.0024587863    0.00043106569 
    0.0012776351 
    0.0010832643    0.00031479475     0.0029257395    0.00051293028 
    0.0015202735 
    0.0012953289    0.00037642037     0.0034984952    0.00061334378 
    0.0018178890 
    0.0011448249    0.00033268416     0.0030920058    0.00054207949 
    0.0016066688 
    0.0012516490    0.00036372706     0.0033805221    0.00059266115 
    0.0017565877 
    0.0010554377    0.00030670838     0.0028505838    0.00049975424 
    0.0014812211 
   0.00095389803    0.00027720114     0.0025763400    0.00045167479 
    0.0013387184 
    0.0012470708    0.00036239664     0.0033681570    0.00059049335 
    0.0017501626 
    0.0028555046    0.00082980475     0.0077123029     0.0013520936 
    0.0040074688 
    0.0043008253     0.0012498125      0.011615904     0.0020364592 
    0.0060358592 
    0.0048880048     0.0014204458      0.013201791     0.0023144912 
    0.0068599178 
    0.0063912593     0.0018572890      0.017261863     0.0030262886 
    0.0089696135 
    0.0076609454     0.0022262576      0.020691100     0.0036274904 
     0.010751515 
    0.0062965370     0.0018297629      0.017006032     0.0029814372 
    0.0088366785 
    0.0078182712     0.0022719763      0.021116015     0.0037019848 
     0.010972309 
    0.0081922065     0.0023806412      0.022125959     0.0038790448 
     0.011497097 
    0.0059455289     0.0017277605      0.016058010     0.0028152333 
    0.0083440671 
    0.0059598383     0.0017319188      0.016096657     0.0028220089 
    0.0083641491 
    0.0064474288     0.0018736118      0.017413568     0.0030528851 
    0.0090484428 
    0.0067748788     0.0019687682      0.018297963     0.0032079341 
    0.0095079923 
    0.0055882920     0.0016239481      0.015093165     0.0026460801 
    0.0078427141 
    0.0058186768     0.0016908975      0.015715401     0.0027551683 
    0.0081660405 
    0.0077534689     0.0022531448      0.020940993     0.0036713007 
     0.010881364 
    0.0066622450     0.0019360370      0.017993756     0.0031546015 
    0.0093499199 
    0.0072015166     0.0020927484      0.019450250     0.0034099489 
     0.010106744 
    0.0065839206     0.0019132761      0.017782213     0.0031175145 
    0.0092399979 
    0.0050700334     0.0014733430      0.013693424     0.0024006825 
    0.0071153802 
    0.0053073012     0.0015422927      0.014334250     0.0025130298 
    0.0074483664 
    0.0071988774     0.0020919815      0.019443122     0.0034086992 
     0.010103040 
    0.0090475557     0.0026292042      0.024436133     0.0042840563 
     0.012697510 
    0.0086975672     0.0025274981      0.023490865     0.0041183352 
     0.012206329 
    0.0092851227     0.0026982408      0.025077767     0.0043965453 
     0.013030916 
     0.012953289     0.0037642037      0.034984952     0.0061334378 
     0.018178890 
     0.012720277     0.0036964907      0.034355620     0.0060231054 
     0.017851876 
     0.041721633      0.012124235       0.11268407      0.019755371 
     0.058552924 
      0.24459349      0.071078450       0.66061147       0.11581606 
      0.34326710 
      0.33582438      0.097589990       0.90701285       0.15901428 
      0.47130225 
      0.36542074       0.10619064       0.98694833       0.17302828 
      0.51283834 
      0.35768952       0.10394396       0.96606742       0.16936752 
      0.50198820 
      0.33802474      0.098229411       0.91295570       0.16005616 
      0.47439027 
      0.39496199       0.11477528        1.0667350       0.18701619 
      0.55429708 
      0.56794000       0.16504239        1.5339234       0.26892202 
      0.79705767 
      0.81420676       0.23660709        2.1990542       0.38553038 
       1.1426731 
      0.80362454       0.35118520        2.5313532       0.42680538 
      0.83951208 
       1.1698642       0.46423182        4.1130939        1.0332474 
       2.7389677 
      0.43991734       0.20448757        2.1565367       0.28655166 
      0.95248159 
      0.26830507       0.14121319        1.0436939       0.18742842 
      0.42235582 
      0.60118061       0.12603367        1.7329630       0.22812094 
      0.58857724 
       1.3731050      0.043039690       0.85385192      0.013883771 
      0.97602910 
       0.0000000        0.0000000       0.48715759        0.0000000 
      0.57762971 
      0.60068913       0.26034095        1.4426699      0.097786602 
       6.4564556 
      0.57602360       0.10335352        2.6320696      0.027560938 
       6.3335035 
      0.75167670       0.26577140        2.0926142      0.026845596 
       4.7570397 
      0.47625837       0.55424220        2.2684938       0.18381902 
       7.9808092 
     0.021575612       0.22073511        1.4488853      0.068046161 
       8.7431019 
     0.043133460        0.0000000        2.3600164       0.15866951 
       7.9288542 
      0.22207792        0.0000000        2.5051063        1.5444510 
       7.0711630 
       1.7426575      0.014019770        4.4807186      0.091128508 
       5.5728587 
      0.78209481      0.033501846        5.0483816     0.0080866524 
       4.9143742 
       1.7552046        0.0000000        7.9059683        0.0000000 
       6.6749922 
       1.0606780        0.0000000        7.9607970        0.0000000 
       6.4414000 
       1.0495095       0.84628499        14.373780       0.12048311 
       6.2999603 
      0.76387244      0.051034581        6.2624370      0.090545225 
       6.2657296 
      0.27670662      0.092880543        4.7930230       0.38119723 
       5.0813397 
       4.3873828      0.011180894        31.387006       0.14311544 
       3.8462276 
       22.814427        0.0000000        10.643820       0.31358271 
       5.2794990 
       8.3314168        0.0000000        10.313829       0.19559798 
       6.6212560 
       3.8995343        0.0000000        74.315388        0.0000000 
       3.1693971 
       7.4658045        0.0000000        82.015402        0.0000000 
       4.3179519 
       1.7601989       0.12022145        40.743312        0.0000000 
      0.95131759 
      0.37477106      0.084455450        47.749000      0.076537751 
      0.59910585 
       4.1280476        4.9506951        56.330481        4.0364927 
       5.0126292 
       1.5334372       0.22038810        16.396874        1.1228194 
       4.1235773 
       33.907741       0.58353416        31.223751        1.7719676 
       13.836570 
       28.849695        1.7656860        21.109013        5.0350236 
       29.663221 
       49.047871        6.3663757        170.35166        1.5088109 
       43.071656 
       58.911711        2.8105593        11.718523        0.0000000 
       9.3826780 
       42.377313       0.59167880        243.42708       0.21515593 
       1.9700215 
       154.39012        122.30541        308.01493        0.0000000 
       66.968323 
       194.82409        47.404089        46.105767        24.435172 
       67.592178 
       0.0000000        3.1914122        100.26353      0.073232889 
       10.034833 
       140.76122        28.394777        54.471491        7.1478562 
       81.894946 
       44.186211       0.95705581        72.945898        1.0434789 
       63.753041 
       9.6809710        22.053825        20.512642        14.408273 
       33.091113 
       19.827510        12.033222        97.415933        2.8500689 
       7.5447255 
       378.30791      0.067606210        12.254996       0.24118972 
       5.4011881 
       586.15320        2.4326848        90.575121       0.22478998 
       10.382249 
       651.42619        0.0000000        122.67113      0.047112347 
       7.1290403 
