
       0.0000000        0.0000000        0.0000000        0.0000000 
       0.0000000 
       0.0000000        0.0000000        0.0000000        0.0000000 
       0.0000000 
       0.0000000        0.0000000        0.0000000        0.0000000 
       0.0000000 
       0.0000000        0.0000000        0.0000000        0.0000000 
       0.0000000 
       0.0000000        0.0000000        0.0000000        0.0000000 
       0.0000000 
       0.0000000        0.0000000        0.0000000        0.0000000 
       0.0000000 
       0.0000000        0.0000000        0.0000000        0.0000000 
       0.0000000 
       0.0000000        0.0000000        0.0000000        0.0000000 
       0.0000000 
       0.0000000        0.0000000        0.0000000        0.0000000 
       0.0000000 
       0.0000000        0.0000000        0.0000000        0.0000000 
       0.0000000 
       0.0000000        0.0000000        0.0000000        0.0000000 
       0.0000000 
       0.0000000        0.0000000        0.0000000        0.0000000 
       0.0000000 
       0.0000000        0.0000000        0.0000000        0.0000000 
       0.0000000 
       0.0000000        0.0000000        0.0000000        0.0000000 
       0.0000000 
       0.0000000        0.0000000        0.0000000        0.0000000 
       0.0000000 
       0.0000000        0.0000000        0.0000000        0.0000000 
       0.0000000 
       0.0000000        0.0000000        0.0000000        0.0000000 
       0.0000000 
       0.0000000        0.0000000        0.0000000        0.0000000 
       0.0000000 
       0.0000000        0.0000000        0.0000000        0.0000000 
       0.0000000 
       0.0000000        0.0000000        0.0000000        0.0000000 
       0.0000000 
       0.0000000        0.0000000        0.0000000        0.0000000 
       0.0000000 
       0.0000000        0.0000000        0.0000000        0.0000000 
       0.0000000 
       0.0000000        0.0000000        0.0000000        0.0000000 
       0.0000000 
       0.0000000        0.0000000        0.0000000        0.0000000 
       0.0000000 
       0.0000000        0.0000000        0.0000000        0.0000000 
       0.0000000 
       0.0000000        0.0000000        0.0000000        0.0000000 
       0.0000000 
       0.0000000        0.0000000        0.0000000        0.0000000 
       0.0000000 
       0.0000000        0.0000000        0.0000000        0.0000000 
       0.0000000 
       0.0000000        0.0000000        0.0000000        0.0000000 
       0.0000000 
   0.00012490749    5.9994934e-05    0.00042291511    6.9830169e-05 
   0.00022030927 
   0.00011250084    5.4035838e-05    0.00038090836    6.2894172e-05 
   0.00019842668 
   0.00013102340    6.2932497e-05    0.00044362252    7.3249300e-05 
   0.00023109638 
   0.00016069038    7.7181991e-05    0.00054406978    8.9834777e-05 
   0.00028342239 
   0.00013117106    6.3003423e-05    0.00044412249    7.3331853e-05 
   0.00023135683 
   0.00012995568    6.2419656e-05    0.00044000741    7.2652387e-05 
   0.00022921316 
   0.00010183520    4.8912970e-05    0.00034479635    5.6931490e-05 
   0.00017961484 
   6.8082922e-05    3.2701246e-05    0.00023051698    3.8062106e-05 
   0.00012008326 
   7.5553007e-05    3.6289239e-05    0.00025580939    4.2238295e-05 
   0.00013325885 
   8.1567495e-05    3.9178088e-05    0.00027617341    4.5600726e-05 
   0.00014386708 
   8.4312553e-05    4.0496581e-05    0.00028546770    4.7135364e-05 
   0.00014870876 
   8.8176336e-05    4.2352414e-05    0.00029854980    4.9295432e-05 
   0.00015552362 
   0.00010078723    4.8409613e-05    0.00034124809    5.6345616e-05 
   0.00017776645 
   0.00012855230    6.1745594e-05    0.00043525583    7.1867822e-05 
   0.00022673792 
   0.00010700797    5.1397529e-05    0.00036231045    5.9823353e-05 
   0.00018873847 
   0.00014570788    6.9985675e-05    0.00049334164    8.1458736e-05 
   0.00025699658 
   0.00013820492    6.6381889e-05    0.00046793790    7.7264166e-05 
   0.00024376300 
   0.00013049227    6.2677388e-05    0.00044182421    7.2952370e-05 
   0.00023015959 
   0.00016684622    8.0138737e-05    0.00056491240    9.3276234e-05 
   0.00029427995 
   0.00019249929    9.2460287e-05    0.00065176924    0.00010761771 
   0.00033952630 
   0.00019360660    9.2992148e-05    0.00065551842    0.00010823676 
   0.00034147936 
   0.00019763662    9.4927824e-05    0.00066916335    0.00011048976 
   0.00034858742 
   0.00023517020    0.00011295576    0.00079624555    0.00013147310 
   0.00041478838 
   0.00028120816    0.00013506849    0.00095212212    0.00015721086 
   0.00049598920 
   0.00024853464    0.00011937491    0.00084149524    0.00013894456 
   0.00043836031 
   0.00027172551    0.00013051383    0.00092001550    0.00015190954 
   0.00047926389 
   0.00022912920    0.00011005418    0.00077579179    0.00012809585 
   0.00040413340 
   0.00020708555    9.9466290e-05    0.00070115581    0.00011577224 
   0.00036525326 
   0.00027073161    0.00013003644    0.00091665032    0.00015135389 
   0.00047751087 
   0.00061991296    0.00029775347     0.0020989179    0.00034656551 
    0.0010933898 
   0.00093368345    0.00044846213     0.0031612904    0.00052198051 
    0.0016468118 
    0.0010611566    0.00050968939     0.0035928924    0.00059324503 
    0.0018716463 
    0.0013875042    0.00066643901     0.0046978487    0.00077569130 
    0.0024472514 
    0.0016631454    0.00079883363     0.0056311223    0.00092978996 
    0.0029334218 
    0.0013669405    0.00065656198     0.0046282238    0.00076419509 
    0.0024109817 
    0.0016972999    0.00081523854     0.0057467635    0.00094888420 
    0.0029936628 
    0.0017784790    0.00085423008     0.0060216218    0.00099426779 
    0.0031368449 
    0.0012907388    0.00061996113     0.0043702178    0.00072159411 
    0.0022765786 
    0.0012938452    0.00062145323     0.0043807359    0.00072333080 
    0.0022820577 
    0.0013996982    0.00067229599     0.0047391357    0.00078250845 
    0.0024687591 
    0.0014707857    0.00070644035     0.0049798255    0.00082225025 
    0.0025941416 
    0.0012131848    0.00058271079     0.0041076334    0.00067823715 
    0.0021397904 
    0.0012631999    0.00060673382     0.0042769761    0.00070619838 
    0.0022280062 
    0.0016832317    0.00080848138     0.0056991310    0.00094101931 
    0.0029688496 
    0.0014463335    0.00069469563     0.0048970348    0.00080858016 
    0.0025510135 
    0.0015634062    0.00075092738     0.0052934225    0.00087403023 
    0.0027575038 
    0.0014293298    0.00068652847     0.0048394630    0.00079907412 
    0.0025210226 
    0.0011006739    0.00052867015     0.0037266912    0.00061533739 
    0.0019413461 
    0.0011521833    0.00055341090     0.0039010932    0.00064413400 
    0.0020321974 
    0.0015628332    0.00075065217     0.0052914825    0.00087370990 
    0.0027564932 
    0.0019641702    0.00094342034     0.0066503401     0.0010980794 
    0.0034643632 
    0.0018881898    0.00090692581     0.0063930836     0.0010556022 
    0.0033303505 
    0.0020157446    0.00096819228     0.0068249620     0.0011269123 
    0.0035553290 
    0.0028120816     0.0013506849     0.0095212212     0.0015721086 
    0.0049598920 
    0.0027614960     0.0013263878     0.0093499471     0.0015438285 
    0.0048706701 
    0.0090575168     0.0043504608      0.030667183     0.0050636512 
     0.015975463 
     0.053099783      0.025504620       0.17978667      0.029685705 
     0.093656310 
     0.072905463      0.035017585       0.24684527      0.040758172 
      0.12858916 
     0.079330657      0.038103701       0.26859986      0.044350210 
      0.13992179 
     0.077652255      0.037297540       0.26291708      0.043411890 
      0.13696146 
     0.073383148      0.035247024       0.24846263      0.041025225 
      0.12943169 
     0.085743885      0.041184071       0.29031394      0.047935558 
      0.15123331 
      0.12329638      0.059221094       0.41746017      0.068929470 
      0.21746762 
      0.17675942      0.084900192       0.59847676      0.098818256 
      0.31176464 
      0.12560639      0.055113007       0.39476293      0.066648287 
      0.13073318 
      0.12467940      0.049075935       0.43770429       0.11008926 
      0.29047648 
      0.13856724      0.064575023       0.68072837      0.090135970 
      0.30000479 
      0.26573756       0.13992944        1.0334238       0.18486091 
      0.41722080 
      0.26719138      0.055454815       0.76880539       0.10082694 
      0.26088970 
     0.065253724       0.11384692      0.029155919        0.0000000 
      0.37069669 
      0.22687625       0.68062875       0.32987528        0.0000000 
      0.24775443 
      0.25907100       0.41527557       0.12572563       0.16128440 
      0.17525391 
      0.40927992       0.15158516      0.049609688     0.0055121875 
      0.29490203 
      0.19060373       0.13154342      0.021476477       0.19731513 
      0.29530156 
      0.41916307       0.34814208       0.24787716       0.27433596 
      0.38434886 
      0.11119739       0.23899140       0.81821360      0.087962111 
      0.99745715 
     0.043133460        0.0000000        2.3600164       0.15866951 
       7.9288542 
      0.86475798       0.39873082       0.35330579       0.16824085 
      0.27591500 
      0.52994732       0.21029656       0.51031964       0.30563100 
      0.64771339 
      0.48288867       0.14787022       0.51408005      0.017328541 
       1.0362467 
      0.21408281      0.023329537       0.66969494       0.54206865 
      0.90161798 
      0.31372166       0.30141885       0.33041833       0.27681323 
      0.70741159 
     0.063870565       0.40499745      0.076934999       0.35273971 
     0.078386603 
      0.50540698       0.13334842       0.10206916      0.026340429 
      0.22389365 
      0.44892263        0.0000000       0.11029565     0.0019350113 
      0.16834598 
      0.96379307        0.0000000       0.78937112      0.011180894 
       1.4199736 
      0.97673302        0.0000000       0.28273851      0.030844201 
       0.0000000 
       3.1718592     0.0026432160        1.0731457      0.047577888 
       0.0000000 
       3.2979231        0.0000000      0.098445466        0.0000000 
      0.32815155 
       6.3156825        0.0000000       0.10844823        0.0000000 
      0.44806243 
       4.3279723       0.46912502        90.789412        1.3041414 
      0.80888130 
       11.545324       0.10952816        112.97500       0.26656251 
      0.79440907 
       29.619348       0.43488564        126.25417        3.9597482 
      0.98152208 
       29.514606       0.30622346        154.84004        1.5543160 
       1.3559668 
       48.657669       0.49540314        218.41670        1.7238961 
      0.99881820 
       93.540227        3.3668388        192.15966        7.0566503 
       13.116960 
       99.729808        7.3309780        249.68229        9.9814750 
       16.615636 
       76.050150        5.0630936        357.31200        3.6892520 
       4.3966075 
       81.394496        17.508314        379.26275        11.739445 
       11.157852 
       66.636963        1.0445403        369.76223        4.7113646 
       13.207296 
       58.467811        6.6288439        483.18692        5.3485796 
       13.340751 
       106.71766        5.9106650        315.41213        52.448239 
       134.36115 
       23.970197        2.3478577        189.11279        97.389913 
       79.906120 
       45.674608        20.823166        244.00282        69.496976 
       55.626068 
       44.526430        24.504251        91.225986        75.802833 
       93.533045 
       48.595844        47.047837        47.042412        44.015118 
       73.423633 
       43.017649        27.470048        42.178967        27.515728 
       35.401901 
       52.911370        28.776927        43.935011        27.115767 
       32.116392 
       44.394906        30.700290        71.522196        33.928428 
       51.774584 
