
       0.0000000        0.0000000        0.0000000        0.0000000 
       0.0000000 
       0.0000000        0.0000000        0.0000000        0.0000000 
       0.0000000 
       0.0000000        0.0000000        0.0000000        0.0000000 
       0.0000000 
       0.0000000        0.0000000        0.0000000        0.0000000 
       0.0000000 
       0.0000000        0.0000000        0.0000000        0.0000000 
       0.0000000 
       0.0000000        0.0000000        0.0000000        0.0000000 
       0.0000000 
       0.0000000        0.0000000        0.0000000        0.0000000 
       0.0000000 
       0.0000000        0.0000000        0.0000000        0.0000000 
       0.0000000 
       0.0000000        0.0000000        0.0000000        0.0000000 
       0.0000000 
       0.0000000        0.0000000        0.0000000        0.0000000 
       0.0000000 
       0.0000000        0.0000000        0.0000000        0.0000000 
       0.0000000 
       0.0000000        0.0000000        0.0000000        0.0000000 
       0.0000000 
       0.0000000        0.0000000        0.0000000        0.0000000 
       0.0000000 
       0.0000000        0.0000000        0.0000000        0.0000000 
       0.0000000 
       0.0000000        0.0000000        0.0000000        0.0000000 
       0.0000000 
       0.0000000        0.0000000        0.0000000        0.0000000 
       0.0000000 
       0.0000000        0.0000000        0.0000000        0.0000000 
       0.0000000 
       0.0000000        0.0000000        0.0000000        0.0000000 
       0.0000000 
       0.0000000        0.0000000        0.0000000        0.0000000 
       0.0000000 
       0.0000000        0.0000000        0.0000000        0.0000000 
       0.0000000 
       0.0000000        0.0000000        0.0000000        0.0000000 
       0.0000000 
       0.0000000        0.0000000        0.0000000        0.0000000 
       0.0000000 
       0.0000000        0.0000000        0.0000000        0.0000000 
       0.0000000 
       0.0000000        0.0000000        0.0000000        0.0000000 
       0.0000000 
       0.0000000        0.0000000        0.0000000        0.0000000 
       0.0000000 
       0.0000000        0.0000000        0.0000000        0.0000000 
       0.0000000 
       0.0000000        0.0000000        0.0000000        0.0000000 
       0.0000000 
       0.0000000        0.0000000        0.0000000        0.0000000 
       0.0000000 
       0.0000000        0.0000000        0.0000000        0.0000000 
       0.0000000 
    0.0010592548    0.00036980484     0.0032633310    0.00059896582 
    0.0013562789 
   0.00095404258    0.00033307336     0.0029391952    0.00053947254 
    0.0012215643 
    0.0011111197    0.00038791179     0.0034231152    0.00062829329 
    0.0014226871 
    0.0013627050    0.00047574473     0.0041981942    0.00077055463 
    0.0017448191 
    0.0011123719    0.00038834897     0.0034269731    0.00062900139 
    0.0014242905 
    0.0011020651    0.00038475067     0.0033952200    0.00062317329 
    0.0014110935 
   0.00086359457    0.00030149634     0.0026605448    0.00048832785 
    0.0011057539 
   0.00057736463    0.00020156834     0.0017787334    0.00032647638 
   0.00073926260 
   0.00064071329    0.00022368449     0.0019738967    0.00036229749 
   0.00082037477 
   0.00069171805    0.00024149117     0.0021310311    0.00039113862 
   0.00088568170 
   0.00071499701    0.00024961827     0.0022027484    0.00040430193 
   0.00091548828 
   0.00074776310    0.00026105750     0.0023036936    0.00042282983 
   0.00095744227 
   0.00085470744    0.00029839368     0.0026331655    0.00048330253 
    0.0010943747 
    0.0010901640    0.00038059579     0.0033585554    0.00061644372 
    0.0013958553 
   0.00090746129    0.00031681100     0.0027956885    0.00051313271 
    0.0011619212 
    0.0012356487    0.00043138711     0.0038067618    0.00069870944 
    0.0015821352 
    0.0011720212    0.00040917361     0.0036107395    0.00066273066 
    0.0015006660 
    0.0011066155    0.00038633931     0.0034092389    0.00062574639 
    0.0014169200 
    0.0014149085    0.00049396992     0.0043590218    0.00080007362 
    0.0018116609 
    0.0016324546    0.00056991915     0.0050292333    0.00092308713 
    0.0020902088 
    0.0016418450    0.00057319750     0.0050581631    0.00092839702 
    0.0021022323 
    0.0016760208    0.00058512888     0.0051634512    0.00094772205 
    0.0021459913 
    0.0019943174    0.00069625193     0.0061440529     0.0011277059 
    0.0025535410 
    0.0023847338    0.00083255329     0.0073468400     0.0013484706 
    0.0030534335 
    0.0021076520    0.00073581909     0.0064932121     0.0011917921 
    0.0026986557 
    0.0023043179    0.00080447867     0.0070990963     0.0013029987 
    0.0029504683 
    0.0019430878    0.00067836677     0.0059862259     0.0010987377 
    0.0024879462 
    0.0017561507    0.00061310369     0.0054103139    0.00099303230 
    0.0022485904 
    0.0022958893    0.00080153610     0.0070731297     0.0012982327 
    0.0029396763 
    0.0052570571     0.0018353329      0.016195836     0.0029726535 
    0.0067311809 
    0.0079179297     0.0027642912      0.024393399     0.0044772695 
     0.010138185 
    0.0089989422     0.0031416920      0.027723761     0.0050885383 
     0.011522322 
     0.011766472     0.0041078863      0.036249912     0.0066534648 
     0.015065892 
     0.014103997     0.0049239581      0.043451311     0.0079752406 
     0.018058878 
     0.011592086     0.0040470050      0.035712666     0.0065548565 
     0.014842606 
     0.014393638     0.0050250769      0.044343631     0.0081390208 
     0.018429737 
     0.015082062     0.0052654182      0.046464515     0.0085282970 
     0.019311201 
     0.010945871     0.0038213998      0.033721820     0.0061894480 
     0.014015187 
     0.010972215     0.0038305969      0.033802980     0.0062043445 
     0.014048918 
     0.011869882     0.0041439884      0.036568493     0.0067119387 
     0.015198298 
     0.012472726     0.0043544520      0.038425723     0.0070528226 
     0.015970184 
     0.010288189     0.0035917911      0.031695646     0.0058175553 
     0.013173085 
     0.010712333     0.0037398675      0.033002341     0.0060573918 
     0.013716163 
     0.014274335     0.0049834262      0.043976085     0.0080715600 
     0.018276981 
     0.012265364     0.0042820583      0.037786887     0.0069355679 
     0.015704677 
     0.013258177     0.0046286671      0.040845525     0.0074969635 
     0.016975883 
     0.012121167     0.0042317165      0.037342647     0.0068540301 
     0.015520045 
    0.0093340615     0.0032586881      0.028756189     0.0052780348 
     0.011951412 
    0.0097708777     0.0034111885      0.030101924     0.0055250367 
     0.012510715 
     0.013253318     0.0046269708      0.040830556     0.0074942159 
     0.016969661 
     0.016656782     0.0058151811      0.051315880     0.0094187375 
     0.021327486 
     0.016012444     0.0055902312      0.049330817     0.0090543904 
     0.020502470 
     0.017094149     0.0059678737      0.052663311     0.0096660508 
     0.021887494 
     0.023847338     0.0083255329      0.073468400      0.013484706 
     0.030534335 
     0.023418356     0.0081757677      0.072146801      0.013242134 
     0.029985063 
     0.076810596      0.026815955       0.23663654      0.043433289 
     0.098348943 
      0.45030288       0.15720881        1.3872841       0.25462809 
      0.57657166 
      0.61826129       0.21584610        1.9047270       0.34960179 
      0.79162704 
      0.67274896       0.23486872        2.0725915       0.38041236 
      0.86139351 
      0.65851558       0.22989959        2.0287416       0.37236396 
      0.84316897 
      0.62231221       0.21726034        1.9172070       0.35189242 
      0.79681387 
      0.72713515       0.25385591        2.2401434       0.41116556 
      0.93103006 
       1.0455921       0.36503494        3.2212392       0.59124010 
       1.3387851 
       1.4989755       0.52331922        4.6180137       0.84761012 
       1.9193011 
       1.1753169       0.51267913        3.7053884       0.62546854 
       1.2291482 
       1.4139175       0.56238369        4.9725860        1.2494468 
       3.3106361 
       1.1300629       0.52467206        5.5386535       0.73454089 
       2.4457790 
      0.42620709       0.22465735        1.6611807       0.29783146 
      0.67140455 
       1.7619507       0.36927866        5.0766363       0.66671812 
       1.7254010 
       2.6504119       0.79276333        5.3188727        1.2759186 
       1.5383218 
       1.7440242       0.48298195        4.2675005        1.1023680 
      0.98823397 
       2.1601949       0.96262655        7.4724203        2.1614649 
      0.73784436 
       2.3633504       0.91364508        7.9168794        3.0468617 
      0.76619407 
       1.3812059       0.46577110        4.9114018        3.0214719 
       2.6765059 
      0.97479784        1.0388560        5.8014397        1.9287071 
       2.6180285 
       2.1724982       0.50287773        5.0835462        1.8389060 
       2.4977920 
       3.4352720        1.0752555        6.5932574        1.2431679 
       5.7937479 
       3.0014168     0.0040747934        14.596576        2.3940673 
       12.360655 
       3.6759838     0.0025712259        9.2474406        1.8450018 
       11.082629 
       2.2665731       0.81906236        6.3514878        1.9165366 
       6.0765417 
       2.4152932       0.58049377        6.2440819        1.4779948 
       6.6036312 
       2.5748024       0.60811034        3.4157874        2.1670522 
       3.8305679 
       3.3285274        1.0843480        6.0923810        2.9119171 
       12.801694 
       3.0917079       0.76057989        3.8391175        2.5846546 
       9.7097407 
       4.3886057        5.3309562        25.118382        7.4188334 
       18.154276 
       6.5005718        2.8623089        29.662912        7.4800182 
       19.524077 
       10.888003        10.062920        79.703985        19.632334 
       40.053765 
       11.260100        8.4873665        71.253173        23.130783 
       32.189084 
       10.779778        7.6322582        57.978910        28.787095 
       36.238870 
       20.642265        8.0194613        63.984456        38.453460 
       49.361068 
       28.529074        29.383691        149.59992        11.856187 
       43.563289 
       27.382040        20.076644        171.33635        21.904313 
       44.672974 
       22.525191        61.932832        253.29598        21.737550 
       66.005677 
       64.167734        69.212302        195.23022        59.431710 
       66.295059 
       171.56973        22.506792        301.86876        37.732093 
       166.51288 
       158.68475        4.7806064        349.74142        11.598074 
       90.543588 
       100.28121        17.894094        161.67024        12.791779 
       79.958338 
       151.46997        14.103097        160.84793        23.624102 
       85.099585 
       95.532594        42.587427        113.72336        27.518107 
       89.008999 
       99.777990        20.251635        81.988846        11.027385 
       81.689445 
       44.139324        10.095850        76.756270        6.0419808 
       19.371898 
       29.187161        9.4836592        315.91898        15.841430 
       48.591949 
       14.151206        13.339288        39.417492        17.538914 
       64.718042 
       11.185390        7.0754912        37.923737        19.289956 
       34.071507 
       24.990940        9.7469948        14.100791        9.1716448 
       44.062377 
       20.612364        11.340598        23.833158        15.172638 
       69.512022 
       30.260174        16.950887        44.519603        14.336171 
       51.024417 
       39.883076        19.290028        49.568095        26.639517 
       59.900814 
       28.035615        16.342331        96.755568        22.627118 
       55.119561 
