
       0.0000000        0.0000000        0.0000000        0.0000000 
       0.0000000 
       0.0000000        0.0000000        0.0000000        0.0000000 
       0.0000000 
       0.0000000        0.0000000        0.0000000        0.0000000 
       0.0000000 
       0.0000000        0.0000000        0.0000000        0.0000000 
       0.0000000 
       0.0000000        0.0000000        0.0000000        0.0000000 
       0.0000000 
       0.0000000        0.0000000        0.0000000        0.0000000 
       0.0000000 
       0.0000000        0.0000000        0.0000000        0.0000000 
       0.0000000 
       0.0000000        0.0000000        0.0000000        0.0000000 
       0.0000000 
       0.0000000        0.0000000        0.0000000        0.0000000 
       0.0000000 
       0.0000000        0.0000000        0.0000000        0.0000000 
       0.0000000 
       0.0000000        0.0000000        0.0000000        0.0000000 
       0.0000000 
       0.0000000        0.0000000        0.0000000        0.0000000 
       0.0000000 
       0.0000000        0.0000000        0.0000000        0.0000000 
       0.0000000 
       0.0000000        0.0000000        0.0000000        0.0000000 
       0.0000000 
       0.0000000        0.0000000        0.0000000        0.0000000 
       0.0000000 
       0.0000000        0.0000000        0.0000000        0.0000000 
       0.0000000 
       0.0000000        0.0000000        0.0000000        0.0000000 
       0.0000000 
       0.0000000        0.0000000        0.0000000        0.0000000 
       0.0000000 
       0.0000000        0.0000000        0.0000000        0.0000000 
       0.0000000 
       0.0000000        0.0000000        0.0000000        0.0000000 
       0.0000000 
       0.0000000        0.0000000        0.0000000        0.0000000 
       0.0000000 
       0.0000000        0.0000000        0.0000000        0.0000000 
       0.0000000 
       0.0000000        0.0000000        0.0000000        0.0000000 
       0.0000000 
       0.0000000        0.0000000        0.0000000        0.0000000 
       0.0000000 
       0.0000000        0.0000000        0.0000000        0.0000000 
       0.0000000 
       0.0000000        0.0000000        0.0000000        0.0000000 
       0.0000000 
       0.0000000        0.0000000        0.0000000        0.0000000 
       0.0000000 
       0.0000000        0.0000000        0.0000000        0.0000000 
       0.0000000 
       0.0000000        0.0000000        0.0000000        0.0000000 
       0.0000000 
   0.00029013944    0.00011802282     0.0010356503    0.00017900128 
   0.00044848672 
   0.00026132085    0.00010630001    0.00093278258    0.00016122168 
   0.00040394003 
   0.00030434568    0.00012380163     0.0010863593    0.00018776581 
   0.00047044621 
   0.00037325717    0.00015183343     0.0013323383    0.00023028070 
   0.00057696702 
   0.00030468868    0.00012394116     0.0010875837    0.00018797743 
   0.00047097641 
   0.00030186555    0.00012279277     0.0010775065    0.00018623570 
   0.00046661251 
   0.00023654633    9.6222236e-05    0.00084435012    0.00014593706 
   0.00036564450 
   0.00015814537    6.4330320e-05    0.00056449856    9.7567653e-05 
   0.00024445522 
   0.00017549714    7.1388668e-05    0.00062643556    0.00010827281 
   0.00027127694 
   0.00018946780    7.7071649e-05    0.00067630372    0.00011689200 
   0.00029287227 
   0.00019584412    7.9665405e-05    0.00069906393    0.00012082586 
   0.00030272854 
   0.00020481905    8.3316223e-05    0.00073109986    0.00012636294 
   0.00031660165 
   0.00023411207    9.5232026e-05    0.00083566103    0.00014443524 
   0.00036188170 
   0.00029860574    0.00012146674     0.0010658707    0.00018422456 
   0.00046157362 
   0.00024856182    0.00010110989    0.00088723931    0.00015335000 
   0.00038421759 
   0.00033845531    0.00013767674     0.0012081134    0.00020880972 
   0.00052317160 
   0.00032102717    0.00013058732     0.0011459038    0.00019805744 
   0.00049623182 
   0.00030311196    0.00012329978     0.0010819556    0.00018700467 
   0.00046853917 
   0.00038755618    0.00015764997     0.0013833785    0.00023910246 
   0.00059906990 
   0.00044714401    0.00018188909     0.0015960768    0.00027586512 
   0.00069117854 
   0.00044971613    0.00018293537     0.0016052579    0.00027745198 
   0.00069515442 
   0.00045907718    0.00018674326     0.0016386721    0.00028322728 
   0.00070962439 
   0.00054626148    0.00022220806     0.0019498757    0.00033701556 
   0.00084439063 
   0.00065320006    0.00026570850     0.0023315921    0.00040299122 
    0.0010096923 
   0.00057730487    0.00023483588     0.0020606849    0.00035616775 
   0.00089237635 
   0.00063117342    0.00025674851     0.0022529682    0.00038940191 
   0.00097564434 
   0.00053222925    0.00021650003     0.0018997878    0.00032835838 
   0.00082270013 
   0.00048102550    0.00019567139     0.0017170164    0.00029676827 
   0.00074355128 
   0.00062886476    0.00025580939     0.0022447274    0.00038797758 
   0.00097207569 
    0.0014399553    0.00058574453     0.0051399082    0.00088837920 
    0.0022258292 
    0.0021687923    0.00088222058     0.0077414856     0.0013380346 
    0.0033524382 
    0.0024648913     0.0010026677     0.0087984086     0.0015207126 
    0.0038101371 
    0.0032229427     0.0013110276      0.011504267     0.0019883918 
    0.0049819047 
    0.0038632118     0.0015714760      0.013789702     0.0023834052 
    0.0059716087 
    0.0031751768     0.0012915973      0.011333767     0.0019589226 
    0.0049080699 
    0.0039425470     0.0016037479      0.014072888     0.0024323510 
    0.0060942422 
    0.0041311127     0.0016804526      0.014745972     0.0025486865 
    0.0063857199 
    0.0029981727     0.0012195957      0.010701952     0.0018497201 
    0.0046344636 
    0.0030053885     0.0012225309      0.010727709     0.0018541719 
    0.0046456176 
    0.0032512675     0.0013225495      0.011605372     0.0020058667 
    0.0050256881 
    0.0034163919     0.0013897187      0.012194782     0.0021077401 
    0.0052809312 
    0.0028180276     0.0011463163      0.010058926     0.0017385797 
    0.0043560020 
    0.0029342046     0.0011935747      0.010473618     0.0018102550 
    0.0045355840 
    0.0039098690     0.0015904552      0.013956244     0.0024121903 
    0.0060437296 
    0.0033595936     0.0013666144      0.011992041     0.0020726984 
    0.0051931346 
    0.0036315340     0.0014772342      0.012962730     0.0022404718 
    0.0056134899 
    0.0033200967     0.0013505478      0.011851057     0.0020483308 
    0.0051320817 
    0.0025566835     0.0010400069     0.0091260601     0.0015773437 
    0.0039520260 
    0.0026763314     0.0010886772     0.0095531422     0.0016511604 
    0.0041369733 
    0.0036302031     0.0014766928      0.012957979     0.0022396507 
    0.0056114326 
    0.0045624426     0.0018559089      0.016285600     0.0028147951 
    0.0070524537 
    0.0043859527     0.0017841163      0.015655621     0.0027059098 
    0.0067796421 
    0.0046822414     0.0019046406      0.016713221     0.0028887048 
    0.0072376341 
    0.0065320006     0.0026570850      0.023315921     0.0040299122 
     0.010096923 
    0.0064144986     0.0026092876      0.022896498     0.0039574195 
    0.0099152927 
     0.021039114     0.0085582836      0.075098939      0.012980064 
     0.032521478 
      0.12334202      0.050173023       0.44026828      0.076095752 
      0.19065749 
      0.16934734      0.068887052       0.60448388       0.10447870 
      0.26177080 
      0.18427200      0.074958101       0.65775734       0.11368645 
      0.28484078 
      0.18037335      0.073372209       0.64384114       0.11128118 
      0.27881440 
      0.17045692      0.069338408       0.60844453       0.10516325 
      0.26348595 
      0.19916887      0.081017844       0.71093158       0.12287706 
      0.30786781 
      0.28639709       0.11650051        1.0222920       0.17669244 
      0.44270195 
      0.41058290       0.16701677        1.4655722       0.25330877 
      0.63466373 
      0.59727119       0.26018466        1.8815324       0.31786106 
      0.62418684 
      0.44035704       0.17508172        1.5492079       0.38995473 
       1.0319210 
      0.34574544       0.16009224        1.6924037       0.22466727 
      0.74799402 
      0.45830100       0.24134619        1.7857050       0.31965532 
      0.72147104 
      0.45246088      0.094525253        1.3031882       0.17140579 
      0.44237818 
       0.0000000        0.0000000        0.0000000        0.0000000 
       0.0000000 
       0.0000000        0.0000000        0.0000000        0.0000000 
       0.0000000 
       0.0000000        0.0000000        0.0000000        0.0000000 
       0.0000000 
       0.0000000        0.0000000        0.0000000        0.0000000 
       0.0000000 
       0.0000000        0.0000000        0.0000000        0.0000000 
       0.0000000 
       0.0000000        0.0000000        0.0000000        0.0000000 
       0.0000000 
       0.0000000        0.0000000        0.0000000        0.0000000 
       0.0000000 
       0.0000000        0.0000000        0.0000000        0.0000000 
       0.0000000 
       0.0000000        0.0000000        0.0000000        0.0000000 
       0.0000000 
       0.0000000        0.0000000        0.0000000        0.0000000 
       0.0000000 
       0.0000000        0.0000000        0.0000000        0.0000000 
       0.0000000 
       0.0000000        4.3557617        0.0000000        2.9765744 
       0.0000000 
       0.0000000        0.0000000        2.4016843        0.0000000 
       1.0949501 
       0.0000000        0.0000000        4.8556146        0.0000000 
      0.61693160 
       0.0000000        0.0000000        4.9915113        0.0000000 
      0.26505057 
       0.0000000        0.0000000        3.8255174        0.0000000 
      0.68305900 
       0.0000000        0.0000000        2.9316304        0.0000000 
       1.0174614 
       0.0000000        0.0000000        3.9480577        0.0000000 
       7.7007688 
       0.0000000        0.0000000        9.6186630        0.0000000 
       17.302492 
       0.0000000        0.0000000        21.649799        0.0000000 
       21.365401 
       0.0000000        0.0000000        23.892858        0.0000000 
       29.101227 
       0.0000000        0.0000000        20.057381        0.0000000 
       8.1136414 
       0.0000000        0.0000000        12.952035        0.0000000 
       4.5988632 
       0.0000000        0.0000000        38.591725        0.0000000 
       8.0164369 
       0.0000000        0.0000000        21.431002        0.0000000 
       5.8797224 
      0.60222862       0.49139719        20.148620       0.20163309 
       10.496938 
      0.32297277       0.57129617        12.123666       0.76172823 
       3.8604387 
      0.67378196       0.10365876        18.350480       0.33401157 
       2.9643527 
      0.64133567        1.2810994        13.373735        9.5241491 
       1.7070847 
       1.1144405       0.92281722        25.677515        14.033882 
       18.286573 
       2.7837588       0.83765069        45.197815        10.055172 
       25.807379 
       7.0856942        2.9361210        49.298302       0.68256687 
       27.380321 
       9.0095726        2.1989139        58.457190       0.37580035 
       16.294318 
       1.4122900        6.8573535        1.7340777        2.1824946 
       6.1884524 
      0.22085903       0.92984854        7.3059528       0.19205133 
       4.3131529 
      0.73946622       0.35841475        20.938967       0.19241213 
       4.4311381 
       5.0617657      0.047018903        25.887523       0.12658935 
       1.5154554 
       1.1821951       0.27773362        12.397517       0.14069401 
       2.8833135 
      0.51053995      0.040004996        5.3511445       0.67055993 
       12.319634 
      0.50315986      0.033920890        20.098127       0.25629117 
       8.3256939 
