
       0.0000000        0.0000000        0.0000000        0.0000000 
       0.0000000 
       0.0000000        0.0000000        0.0000000        0.0000000 
       0.0000000 
       0.0000000        0.0000000        0.0000000        0.0000000 
       0.0000000 
       0.0000000        0.0000000        0.0000000        0.0000000 
       0.0000000 
       0.0000000        0.0000000        0.0000000        0.0000000 
       0.0000000 
       0.0000000        0.0000000        0.0000000        0.0000000 
       0.0000000 
       0.0000000        0.0000000        0.0000000        0.0000000 
       0.0000000 
       0.0000000        0.0000000        0.0000000        0.0000000 
       0.0000000 
       0.0000000        0.0000000        0.0000000        0.0000000 
       0.0000000 
       0.0000000        0.0000000        0.0000000        0.0000000 
       0.0000000 
       0.0000000        0.0000000        0.0000000        0.0000000 
       0.0000000 
       0.0000000        0.0000000        0.0000000        0.0000000 
       0.0000000 
       0.0000000        0.0000000        0.0000000        0.0000000 
       0.0000000 
       0.0000000        0.0000000        0.0000000        0.0000000 
       0.0000000 
       0.0000000        0.0000000        0.0000000        0.0000000 
       0.0000000 
       0.0000000        0.0000000        0.0000000        0.0000000 
       0.0000000 
       0.0000000        0.0000000        0.0000000        0.0000000 
       0.0000000 
       0.0000000        0.0000000        0.0000000        0.0000000 
       0.0000000 
       0.0000000        0.0000000        0.0000000        0.0000000 
       0.0000000 
       0.0000000        0.0000000        0.0000000        0.0000000 
       0.0000000 
       0.0000000        0.0000000        0.0000000        0.0000000 
       0.0000000 
       0.0000000        0.0000000        0.0000000        0.0000000 
       0.0000000 
       0.0000000        0.0000000        0.0000000        0.0000000 
       0.0000000 
       0.0000000        0.0000000        0.0000000        0.0000000 
       0.0000000 
       0.0000000        0.0000000        0.0000000        0.0000000 
       0.0000000 
       0.0000000        0.0000000        0.0000000        0.0000000 
       0.0000000 
       0.0000000        0.0000000        0.0000000        0.0000000 
       0.0000000 
       0.0000000        0.0000000        0.0000000        0.0000000 
       0.0000000 
       0.0000000        0.0000000        0.0000000        0.0000000 
       0.0000000 
    0.0012392396    0.00056355897     0.0046461651    0.00087435240 
    0.0021283449 
    0.0011161501    0.00050758254     0.0041846770    0.00078750590 
    0.0019169435 
    0.0012999172    0.00059115280     0.0048736577    0.00091716377 
    0.0022325561 
    0.0015942510    0.00072500461     0.0059771759     0.0011248326 
    0.0027380628 
    0.0013013822    0.00059181904     0.0048791503    0.00091819742 
    0.0022350722 
    0.0012893240    0.00058633546     0.0048339419    0.00090968974 
    0.0022143629 
    0.0010103335    0.00045946118     0.0037879487    0.00071284640 
    0.0017352077 
   0.00067546836    0.00030717728     0.0025324703    0.00047658046 
    0.0011600901 
   0.00074958101    0.00034088089     0.0028103339    0.00052887105 
    0.0012873756 
   0.00080925231    0.00036801712     0.0030340539    0.00057097246 
    0.0013898587 
   0.00083648675    0.00038040231     0.0031361614    0.00059018787 
    0.0014366328 
   0.00087482034    0.00039783497     0.0032798820    0.00061723435 
    0.0015024692 
   0.00099993628    0.00045473293     0.0037489674    0.00070551060 
    0.0017173509 
    0.0012754008    0.00058000369     0.0047817407    0.00089986611 
    0.0021904502 
    0.0010616539    0.00048279974     0.0039803594    0.00074905579 
    0.0018233484 
    0.0014456057    0.00065740642     0.0054198742     0.0010199552 
    0.0024827705 
    0.0013711669    0.00062355446     0.0051407876    0.00096743441 
    0.0023549247 
    0.0012946477    0.00058875645     0.0048539014    0.00091344587 
    0.0022235060 
    0.0016553247    0.00075277862     0.0062061540     0.0011679236 
    0.0028429545 
    0.0019098354    0.00086852040     0.0071603672     0.0013474950 
    0.0032800666 
    0.0019208214    0.00087351641     0.0072015559     0.0013552462 
    0.0032989346 
    0.0019608042    0.00089169907     0.0073514597     0.0013834563 
    0.0033676035 
    0.0023331846     0.0010610435     0.0087475907     0.0016461914 
    0.0040071520 
    0.0027899392     0.0012687581      0.010460058     0.0019684571 
    0.0047916099 
    0.0024657768     0.0011213413     0.0092447058     0.0017397425 
    0.0042348737 
    0.0026958594     0.0012259741      0.010107333     0.0019020786 
    0.0046300315 
    0.0022732504     0.0010337877     0.0085228846     0.0016039044 
    0.0039042173 
    0.0020545496    0.00093433089     0.0077029304     0.0014495989 
    0.0035286074 
    0.0026859986     0.0012214899      0.010070363     0.0018951213 
    0.0046130960 
    0.0061503175     0.0027969301      0.023058810     0.0043393907 
     0.010562926 
    0.0092633161     0.0042126033      0.034730084     0.0065357842 
     0.015909378 
     0.010528010     0.0047877380      0.039471683     0.0074280962 
     0.018081440 
     0.013765789     0.0062601566      0.051610785     0.0097125291 
     0.023642197 
     0.016500498     0.0075037978      0.061863771      0.011642018 
     0.028338950 
     0.013561772     0.0061673773      0.050845882     0.0095685836 
     0.023291805 
     0.016839353     0.0076578964      0.063134211      0.011881099 
     0.028920921 
     0.017644752     0.0080241612      0.066153818      0.012449353 
     0.030304162 
     0.012805755     0.0058235693      0.048011416     0.0090351713 
     0.021993375 
     0.012836575     0.0058375852      0.048126968     0.0090569167 
     0.022046308 
     0.013886770     0.0063151738      0.052064365     0.0097978875 
     0.023849976 
     0.014592047     0.0066359069      0.054708594      0.010295500 
     0.025061261 
     0.012036321     0.0054736604      0.045126652     0.0084922933 
     0.020671904 
     0.012532535     0.0056993194      0.046987059     0.0088423995 
     0.021524131 
     0.016699779     0.0075944234      0.062610918      0.011782622 
     0.028681208 
     0.014349451     0.0065255836      0.053799052      0.010124335 
     0.024644612 
     0.015510959     0.0070537932      0.058153786      0.010943843 
     0.026639456 
     0.014180752     0.0064488658      0.053166565      0.010005308 
     0.024354879 
     0.010920072     0.0049660327      0.040941603     0.0077047174 
     0.018754790 
     0.011431110     0.0051984335      0.042857592     0.0080652834 
     0.019632478 
     0.015505274     0.0070512081      0.058132473      0.010939832 
     0.026629693 
     0.019487043     0.0088619648      0.073060946      0.013749191 
     0.033468223 
     0.018733222     0.0085191555      0.070234713      0.013217329 
     0.032173565 
     0.019998726     0.0090946587      0.074979350      0.014110212 
     0.034347018 
     0.027899392      0.012687581       0.10460058      0.019684571 
     0.047916099 
     0.027397519      0.012459348       0.10271895      0.019330472 
     0.047054152 
     0.089861978      0.040865804       0.33691110      0.063402618 
      0.15433438 
      0.52681674       0.23957619        1.9751447       0.37169848 
      0.90478685 
      0.72331404       0.32893567        2.7118536       0.51033824 
       1.2422632 
      0.78706006       0.35792493        2.9508506       0.55531460 
       1.3517444 
      0.77040820       0.35035230        2.8884193       0.54356578 
       1.3231455 
      0.72805328       0.33109090        2.7296220       0.51368204 
       1.2504026 
      0.85068737       0.38686021        3.1894025       0.60020720 
       1.4610218 
       1.2232554       0.55628995        4.5862368       0.86307463 
       2.1008926 
       1.7536761       0.79750508        6.5748936        1.2373159 
       3.0118691 
       1.5687981       0.68570834        4.9447902       0.83438529 
       1.6392915 
       1.2613842       0.50137037        4.4354035        1.1141564 
       2.9538408 
       1.5269302       0.70897994        7.4812855       0.99284098 
       3.3040887 
       1.6650319       0.87552180        6.4829693        1.1617995 
       2.6188629 
       2.6845172       0.56211017        7.7321657        1.0158314 
       2.6278020 
       1.1412460        1.2078881        6.0991406        1.9326209 
       4.0249052 
       1.4030139        1.6104038        17.589173       0.94786948 
       3.8694231 
       6.2570726       0.88007942        5.1585607        1.8109571 
       3.5292074 
       6.6669908       0.80477938        7.0142586        1.1355106 
       5.2848098 
       2.3664393        1.2617430        8.1597190        7.9798535 
       8.1516653 
       1.8869301        2.3019155        7.8248415        9.0377685 
       11.931526 
       2.7699767        1.5136122        5.1200587        3.8487573 
       10.816020 
       2.0334345        2.9392372        3.6432369        13.750331 
       16.175047 
       1.7816706        3.0182409        6.2350060        19.430136 
       27.418212 
       2.9091024        4.7022310        2.5964615        16.145168 
       20.736642 
       1.7836845        2.3312664        2.6466458        14.081172 
       10.814165 
       3.0053933        6.5803017        6.2207524        12.315251 
       8.9832440 
       2.7285876        5.1882709        3.9782016        4.6434321 
       7.4106857 
       2.8030469        8.3931729        5.9486722        7.2202771 
       15.516193 
       5.1330911        4.6425006        8.5853336        8.0782803 
       14.938316 
       4.2512199        8.0167519        27.912538        6.4358477 
       12.608534 
       3.7813784        14.313781        35.166148        5.0045682 
       23.555908 
       4.2282258        10.867440        37.958930        8.7854565 
       37.090151 
       3.3780300        17.714834        42.909968        8.1067434 
       28.853346 
       3.5850557        16.161464        52.394864        4.7499937 
       26.211105 
       6.8636315        16.980710        57.822884        6.3442215 
       35.702299 
       15.040749        7.3348154        37.450289        16.142344 
       27.349074 
       18.871834        7.4479150        31.961109        148.82370 
       43.877245 
       67.063944        13.714381        34.215941        107.24307 
       85.940404 
       11.849920        5.7938871        68.048885        22.144364 
       36.792053 
       13.578853        23.050267        48.756483        52.456650 
       55.553253 
       20.511818        14.558150        42.099196        29.162004 
       58.119864 
       54.926187        6.1331435        38.755420        34.673856 
       28.789782 
       61.987922        11.070900        113.79464        47.605026 
       64.587847 
       40.595553        24.625268        82.145861        36.986649 
       51.079362 
       20.456843        23.020256        21.188526        17.666356 
       46.410558 
       17.118344        31.219309        21.406958        24.527264 
       36.775547 
       12.430319        55.558710        258.80310        33.617751 
       21.006276 
       10.721784        20.716567        13.440592        27.739283 
       35.776525 
       20.762350        28.045896        13.746074        21.860243 
       27.367315 
       12.957636        49.553669        15.108125        23.021545 
       29.680514 
       11.403892        100.91522        14.261195        21.596144 
       26.088257 
       15.691950        89.252988        24.710984        36.500045 
       31.522766 
       35.145342        132.34415        65.518659        52.237000 
       61.331469 
       50.935985        36.545990        90.389748        54.256463 
       76.472761 
