
       0.0000000        0.0000000        0.0000000 
       0.0000000        0.0000000        0.0000000 
       0.0000000        0.0000000        0.0000000 
       0.0000000        0.0000000        0.0000000 
       0.0000000        0.0000000        0.0000000 
       0.0000000        0.0000000        0.0000000 
       0.0000000        0.0000000        0.0000000 
       0.0000000        0.0000000        0.0000000 
       0.0000000        0.0000000        0.0000000 
       0.0000000        0.0000000        0.0000000 
       0.0000000        0.0000000        0.0000000 
       0.0000000        0.0000000        0.0000000 
       0.0000000        0.0000000        0.0000000 
       0.0000000        0.0000000        0.0000000 
       0.0000000        0.0000000        0.0000000 
       0.0000000        0.0000000        0.0000000 
       0.0000000        0.0000000        0.0000000 
       0.0000000        0.0000000        0.0000000 
       0.0000000        0.0000000        0.0000000 
       0.0000000        0.0000000        0.0000000 
       0.0000000        0.0000000        0.0000000 
       0.0000000        0.0000000        0.0000000 
       0.0000000        0.0000000        0.0000000 
       0.0000000        0.0000000        0.0000000 
       0.0000000        0.0000000        0.0000000 
       0.0000000        0.0000000        0.0000000 
       0.0000000        0.0000000        0.0000000 
       0.0000000        0.0000000        0.0000000 
       0.0000000        0.0000000        0.0000000 
   0.00043895016    4.4115594e-05    0.00053968077 
   0.00046291445    4.6524065e-05    0.00056914440 
   0.00051288164    5.1545894e-05    0.00063057810 
   0.00052902668    5.3168511e-05    0.00065042812 
   0.00031550826    3.1709373e-05    0.00038791133 
   0.00028556518    2.8700018e-05    0.00035109689 
   0.00046797973    4.7033139e-05    0.00057537207 
   0.00032130952    3.2292414e-05    0.00039504387 
   0.00026508784    2.6641994e-05    0.00032592040 
   0.00035498940    3.5677327e-05    0.00043645263 
   0.00029629136    2.9778026e-05    0.00036428452 
   0.00036282483    3.6464808e-05    0.00044608615 
   0.00039452433    3.9650687e-05    0.00048506007 
   0.00042322135    4.2534809e-05    0.00052034250 
   0.00025738832    2.5868173e-05    0.00031645398 
   0.00032017914    3.2178808e-05    0.00039365408 
   0.00063511535    6.3830688e-05    0.00078086208 
   0.00061584326    6.1893795e-05    0.00075716742 
   0.00058540233    5.8834405e-05    0.00071974089 
   0.00083777498    8.4198491e-05     0.0010300282 
   0.00068037276    6.8379171e-05    0.00083650520 
   0.00081322809    8.1731466e-05    0.00099984827 
   0.00092055679    9.2518270e-05     0.0011318068 
   0.00092579670    9.3044894e-05     0.0011382492 
   0.00059780513    6.0080918e-05    0.00073498990 
   0.00059709083    6.0009129e-05    0.00073411168 
    0.0010529544    0.00010582456     0.0012945871 
   0.00097731648    9.8222762e-05     0.0012015918 
   0.00094989812    9.5467148e-05     0.0011678814 
    0.0026979195    0.00027114769     0.0033170400 
    0.0032811525    0.00032976407     0.0040341138 
    0.0043664093    0.00043883510     0.0053684161 
    0.0054312850    0.00054585779     0.0066776603 
    0.0054754262    0.00055029409     0.0067319311 
    0.0032879282    0.00033044505     0.0040424444 
    0.0037296543    0.00037483963     0.0045855381 
    0.0081729317    0.00082140017      0.010048462 
    0.0060914930    0.00061221035     0.0074893733 
    0.0045396293    0.00045624416     0.0055813868 
    0.0060916181    0.00061222292     0.0074895271 
    0.0051686382    0.00051946113     0.0063547411 
    0.0049919694    0.00050170546     0.0061375302 
    0.0049447051    0.00049695528     0.0060794196 
    0.0055415546    0.00055694016     0.0068132346 
    0.0034788937    0.00034963756     0.0042772328 
    0.0034354356    0.00034526991     0.0042238019 
    0.0065684298    0.00066014370     0.0080757579 
    0.0051945040    0.00052206070     0.0063865426 
    0.0040425897    0.00040629042     0.0049702861 
    0.0068015969    0.00068357758     0.0083624324 
     0.012715352     0.0012779248     0.0015548085 
     0.014312422     0.0014384343     0.0017500951 
     0.014535377     0.0014608419     0.0017773577 
     0.017054467     0.0017140167     0.0020853870 
     0.012236005     0.0012297492     0.0014961949 
     0.036664153     0.0036848395     0.0044832214 
      0.44951520      0.045177407      0.054965845 
      0.63382299      0.063700803      0.077502644 
      0.51274523      0.051532184      0.062697491 
      0.62255087      0.062567927      0.076124311 
      0.47505687      0.047744409      0.058089031 
      0.64993606      0.065320207      0.079472918 
      0.88908059      0.089354833       0.10871505 
       1.0719950       0.10773819       0.13108147 
      0.24549373      0.044003594      0.084533220 
      0.15165783      0.025892800       0.29406823 
      0.16277992      0.028573072       0.73597305 
      0.45964872       0.12454169       0.57777073 
      0.59478532       0.14491592       0.48011273 
       2.5660323      0.059866262        1.9603266 
      0.54700839      0.065418306        1.2958392 
      0.47750341       0.17017409        1.1912186 
      0.82267892       0.13780216        1.8947798 
      0.46577110       0.13557026        1.2107364 
       1.1544391       0.35371236        1.1070918 
       1.2679821       0.22571410        1.0040958 
      0.63011870       0.15670491        4.9469266 
       1.3155101       0.15563319        7.9995462 
       1.0852550       0.27749557        6.0911651 
       1.6484434       0.34229971        1.1349938 
       1.6523015      0.094691698       0.88104449 
       1.7250468       0.11661155       0.98918766 
       1.1995012       0.16182620        1.0774218 
       1.1449869       0.17229625        1.5694622 
      0.85147526      0.034833079        1.3623604 
       3.4459516       0.15876870        2.8287662 
       5.4384599      0.048195307        1.9531782 
       3.6350239       0.45735210        3.7407701 
       2.8278588        1.1568513        3.8452317 
       2.8813099        3.5869368        3.0129149 
       8.1358562        17.787548        4.4220587 
       10.431866        18.563326        1.3958130 
       6.2503044        1.7443335        6.8899829 
       6.2497425       0.38161939        3.4763323 
       8.9269321        1.0838233       0.86732431 
       27.600268        6.3040189        2.4755995 
       42.172931        1.4094596        10.098008 
       85.774938        3.6880945        3.8756772 
       42.563894        3.1668263        13.825449 
       33.311417        4.6563778        4.6334834 
       29.767935        20.074353        3.5587923 
       21.378920        17.634285        20.937709 
       17.107628        5.9445727        19.065730 
       26.552697       0.78100876        13.947728 
       14.532163        2.7597451       0.94486187 
       8.0746953        1.8974810       0.80312830 
       12.815893       0.10232250        1.4599228 
       15.837364      0.075949475        4.8493740 
       5.6214452      0.075379755       0.19598736 

       0.0000000 
       0.0000000 
       0.0000000 
       0.0000000 
       0.0000000 
       0.0000000 
       0.0000000 
       0.0000000 
       0.0000000 
       0.0000000 
       0.0000000 
       0.0000000 
       0.0000000 
       0.0000000 
       0.0000000 
       0.0000000 
       0.0000000 
       0.0000000 
       0.0000000 
       0.0000000 
       0.0000000 
       0.0000000 
       0.0000000 
       0.0000000 
       0.0000000 
       0.0000000 
       0.0000000 
       0.0000000 
       0.0000000 
       6.0265256 
       12.382067 
       19.575059 
       27.371738 
       32.101801 
       36.407707 
       43.423604 
       48.213112 
       52.119919 
       57.293220 
       61.563396 
       66.880589 
       72.566507 
       78.666009 
       82.416959 
       87.082966 
       96.087064 
       104.24179 
       112.07293 
       122.57971 
       131.19530 
       141.29709 
       152.31247 
       163.24017 
       170.29640 
       176.40450 
       184.67776 
       189.64738 
       192.84980 
       201.29051 
       208.53370 
       217.27087 
       229.64467 
       243.30630 
       251.04010 
       257.76857 
       272.90858 
       285.36810 
       295.15265 
       308.54552 
       319.64478 
       331.32282 
       343.56684 
       358.13723 
       366.21769 
       373.95714 
       390.35020 
       401.01847 
       407.71162 
       420.28994 
       441.71811 
       464.51843 
       484.99175 
       498.66038 
       499.71157 
       501.49169 
       537.11062 
       566.46183 
       584.82014 
       608.16225 
       623.81241 
       644.53595 
       675.04789 
       712.85258 
       734.66501 
       745.69981 
       757.81136 
       779.32675 
       802.95978 
       820.56397 
       846.32693 
       911.07128 
       970.33510 
       1039.2224 
       1150.4474 
       1237.7519 
       1315.3307 
       1396.5651 
       1467.0240 
       1504.9741 
       1568.4276 
       1619.6190 
       1669.1188 
       1684.4834 
       1803.1432 
       1994.0188 
       2140.1763 
       2257.5325 
       2407.3875 
       2523.7700 
       2688.8609 
       2823.8703 
       3016.0630 
       3190.3485 
       3382.4454 
       3577.3806 
       3765.0448 
       3972.3877 
       4072.9278 
       4107.9287 
       4206.9840 
       4233.8770 
       4273.0897 
       4289.1046 
       4296.8840 
       4300.0439 
       4300.9748 
       4311.6645 
       4319.4066 
rc =       1.0000000 
uno-strad

       0.0000000 
       0.0000000 
       0.0000000 
       0.0000000 
       0.0000000 
       0.0000000 
       0.0000000 
       0.0000000 
       0.0000000 
       0.0000000 
       0.0000000 
       0.0000000 
       0.0000000 
       0.0000000 
       0.0000000 
       0.0000000 
       0.0000000 
       0.0000000 
       0.0000000 
       0.0000000 
       0.0000000 
       0.0000000 
       0.0000000 
       0.0000000 
       0.0000000 
       0.0000000 
       0.0000000 
       0.0000000 
       0.0000000 
       3.8527348 
       7.9158080 
       12.514260 
       17.498648 
       20.522559 
       23.275308 
       27.760544 
       30.822459 
       33.320065 
       36.627337 
       39.357245 
       42.756506 
       46.391491 
       50.290880 
       52.688847 
       55.671808 
       61.428093 
       66.641379 
       71.647799 
       78.364741 
       83.872655 
       90.330693 
       97.372784 
       104.35882 
       108.86984 
       112.77472 
       118.06379 
       121.24085 
       123.29813 
       128.71887 
       133.39566 
       139.05793 
       147.08055 
       155.97164 
       161.12678 
       165.70159 
       175.72611 
       184.12239 
       190.90826 
       200.11414 
       207.97405 
       216.33431 
       225.18792 
       235.65869 
       242.11253 
       248.46963 
       260.46632 
       268.89769 
       274.86448 
       284.65261 
       300.13507 
       316.51473 
       331.40616 
       341.92836 
       344.35974 
       347.21903 
       371.66350 
       392.05677 
       405.37990 
       421.85043 
       433.36887 
       448.10397 
       469.06536 
       494.64824 
       508.65904 
       512.48477 
       519.16577 
       522.89061 
       537.01952 
       571.30733 
       584.62042 
       601.59430 
       618.19228 
       622.21931 
       666.90824 
       719.03606 
       744.08189 
       754.40039 
       773.06232 
       794.61570 
       801.95179 
       811.72885 
       829.08817 
       836.89990 
       842.23938 
       854.48026 
       879.70921 
       916.57920 
       949.21929 
       972.29653 
       1000.3347 
       1017.5243 
       1031.1752 
       1053.3634 
       1223.0948 
       1234.0574 
       1527.3768 
       1738.9129 
       2018.5412 
       2213.7746 
       2203.5694 
       2193.0059 
       2183.9308 
       2412.7502 
       2703.2978 
       2874.2919 
       2873.9173 
       2867.7532 
       2858.6233 
rc =       1.0000000 
due-fer

       0.0000000 
       0.0000000 
       0.0000000 
       0.0000000 
       0.0000000 
       0.0000000 
       0.0000000 
       0.0000000 
       0.0000000 
       0.0000000 
       0.0000000 
       0.0000000 
       0.0000000 
       0.0000000 
       0.0000000 
       0.0000000 
       0.0000000 
       0.0000000 
       0.0000000 
       0.0000000 
       0.0000000 
       0.0000000 
       0.0000000 
       0.0000000 
       0.0000000 
       0.0000000 
       0.0000000 
       0.0000000 
       0.0000000 
      0.84241756 
       1.7308265 
       2.7362985 
       3.8261570 
       4.4873485 
       5.0892494 
       6.0699661 
       6.7394673 
       7.2855801 
       8.0087297 
       8.6056360 
       9.3488996 
       10.143705 
       10.996324 
       11.520650 
       12.172888 
       13.431525 
       14.571433 
       15.666109 
       17.134798 
       18.339128 
       19.751207 
       21.290991 
       22.818519 
       23.804874 
       24.658693 
       25.815171 
       26.509849 
       26.959683 
       28.142506 
       29.159131 
       30.386081 
       32.121970 
       34.039561 
       35.131695 
       36.085340 
       38.217547 
       39.978849 
       41.369586 
       43.268823 
       44.851371 
       46.518609 
       48.267413 
       50.344253 
       51.517296 
       52.643753 
       54.980226 
       56.517059 
       57.496691 
       59.297930 
       62.334732 
       65.561404 
       68.459580 
       70.404295 
       70.584362 
       70.864007 
       75.872137 
       80.005081 
       82.600611 
       85.892945 
       88.110997 
       91.038447 
       95.331670 
       100.64274 
       100.23841 
       99.569185 
       105.23158 
       111.47846 
       116.18179 
       115.05396 
       113.90445 
       112.73321 
       111.53703 
       110.31586 
       109.06816 
       107.78774 
       106.47349 
       105.12393 
       103.73443 
       102.29794 
       103.64939 
       104.36856 
       105.55325 
       104.48233 
       102.89989 
       101.67750 
       99.851906 
       98.096005 
       96.135258 
       94.102705 
       99.778264 
       98.793833 
       100.83586 
       103.21025 
       105.03491 
       105.09190 
       103.62574 
       104.24566 
       120.84379 
       144.03597 
       145.86414 
       143.62900 
       154.43856 
       153.08149 
       150.22036 
       147.50346 
       144.40589 
       141.13667 
       140.14793 
rc =       1.0000000 
tre-mar

       0.0000000 
       0.0000000 
       0.0000000 
       0.0000000 
       0.0000000 
       0.0000000 
       0.0000000 
       0.0000000 
       0.0000000 
       0.0000000 
       0.0000000 
       0.0000000 
       0.0000000 
       0.0000000 
       0.0000000 
       0.0000000 
       0.0000000 
       0.0000000 
       0.0000000 
       0.0000000 
       0.0000000 
       0.0000000 
       0.0000000 
       0.0000000 
       0.0000000 
       0.0000000 
       0.0000000 
       0.0000000 
       0.0000000 
      0.24153231 
      0.49625096 
      0.78453314 
       1.0970100 
       1.2865824 
       1.4591554 
       1.7403399 
       1.9322948 
       2.0888726 
       2.2962092 
       2.4673502 
       2.6804537 
       2.9083351 
       3.1527922 
       3.3031235 
       3.4901286 
       3.8509967 
       4.1778234 
       4.4916816 
       4.9127743 
       5.2580717 
       5.6629334 
       6.1044100 
       6.5423725 
       6.8251735 
       7.0699749 
       7.4015524 
       7.6000137 
       7.7272211 
       8.0637183 
       8.3513584 
       8.6981665 
       9.1896091 
       9.7309548 
       10.033175 
       10.293247 
       10.888171 
       11.373444 
       11.749046 
       12.266877 
       12.690533 
       13.135717 
       13.602068 
       14.160216 
       14.457746 
       14.741616 
       15.372492 
       15.774932 
       16.019065 
       16.500232 
       17.337322 
       18.230942 
       19.032466 
       19.561858 
       19.586389 
       19.640693 
       21.050884 
       22.209987 
       22.928398 
       23.846245 
       24.455783 
       25.270093 
       26.478002 
       27.978671 
       27.666393 
       27.348389 
       27.024625 
       26.695650 
       28.933905 
       32.464312 
       39.257322 
       46.656358 
       46.794146 
       46.562433 
       46.334780 
       46.433655 
       46.045938 
       46.499850 
       48.359061 
       62.642084 
       68.706855 
       72.738096 
       75.295344 
       75.276581 
       74.975829 
       75.050283 
       74.469988 
       77.261463 
       81.912799 
       85.268309 
       86.522420 
       86.007713 
       85.318923 
       85.544271 
       85.247922 
       84.736954 
       84.036784 
       83.535275 
       84.768224 
       86.702868 
       86.231276 
       85.269998 
       85.711328 
       84.752128 
       83.569292 
       82.333786 
       80.944576 
       79.427652 
       78.047167 
rc =       1.0000000 
qua-com

       0.0000000 
       0.0000000 
       0.0000000 
       0.0000000 
       0.0000000 
       0.0000000 
       0.0000000 
       0.0000000 
       0.0000000 
       0.0000000 
       0.0000000 
       0.0000000 
       0.0000000 
       0.0000000 
       0.0000000 
       0.0000000 
       0.0000000 
       0.0000000 
       0.0000000 
       0.0000000 
       0.0000000 
       0.0000000 
       0.0000000 
       0.0000000 
       0.0000000 
       0.0000000 
       0.0000000 
       0.0000000 
       0.0000000 
      0.94845613 
       1.9486928 
       3.0807277 
       4.3077711 
       5.0521896 
       5.7298542 
       6.8340178 
       7.5877918 
       8.2026461 
       9.0168216 
       9.6888630 
       10.525684 
       11.420535 
       12.380476 
       12.970802 
       13.705139 
       15.122206 
       16.405599 
       17.638067 
       19.291626 
       20.647550 
       22.237372 
       23.970976 
       25.690780 
       26.801291 
       27.762584 
       29.064633 
       29.846753 
       30.353209 
       31.687672 
       32.838993 
       34.232916 
       36.207904 
       38.396689 
       39.667712 
       40.798563 
       43.274812 
       45.355346 
       47.045011 
       49.337269 
       51.305887 
       53.406253 
       55.637733 
       58.278795 
       59.944648 
       61.602590 
       64.666027 
       66.871225 
       68.490199 
       71.071444 
       75.078380 
       79.330238 
       83.239720 
       86.097942 
       86.988106 
       88.006468 
       94.359229 
       99.733610 
       103.38322 
       107.81983 
       111.04782 
       115.07410 
       120.63579 
       127.33642 
       136.74360 
       140.96977 
       142.42624 
       145.15394 
       146.77916 
       148.69839 
       150.10588 
       154.46554 
       157.41418 
       159.46810 
       162.05081 
       172.05918 
       190.88104 
       229.75941 
       248.72359 
       274.20002 
       297.06823 
       302.69044 
       306.05884 
       305.17495 
       304.62090 
       304.90595 
       310.25583 
       324.60706 
       328.84878 
       332.14399 
       343.95919 
       477.72052 
       487.36601 
       500.47216 
       538.76896 
       613.51108 
       732.32898 
       852.41572 
       915.73802 
       972.21972 
       1083.8182 
       1193.0727 
       1354.1158 
       1400.7023 
       1477.3123 
       1591.4934 
       1667.0189 
       1719.2144 
       1746.4613 
rc =       1.0000000 
cin-edpub

       0.0000000 
       0.0000000 
       0.0000000 
       0.0000000 
       0.0000000 
       0.0000000 
       0.0000000 
       0.0000000 
       0.0000000 
       0.0000000 
       0.0000000 
       0.0000000 
       0.0000000 
       0.0000000 
       0.0000000 
       0.0000000 
       0.0000000 
       0.0000000 
       0.0000000 
       0.0000000 
       0.0000000 
       0.0000000 
       0.0000000 
       0.0000000 
       0.0000000 
       0.0000000 
       0.0000000 
       0.0000000 
       0.0000000 
       6.7157763 
       13.798197 
       21.813848 
       30.502230 
       35.773268 
       40.571638 
       48.389940 
       53.727222 
       58.080848 
       63.845817 
       68.604371 
       74.529689 
       80.865902 
       87.663001 
       91.842945 
       97.042601 
       107.07649 
       116.16387 
       124.89066 
       136.59909 
       146.20004 
       157.45717 
       169.73238 
       181.90987 
       189.77312 
       196.57979 
       205.79926 
       211.33726 
       214.92334 
       224.37234 
       232.52454 
       242.39456 
       256.37895 
       271.87718 
       280.87697 
       288.88424 
       306.40422 
       321.10359 
       333.00929 
       349.14717 
       362.96796 
       377.69208 
       393.30452 
       411.77531 
       423.28846 
       434.68151 
       455.96037 
       471.08228 
       481.96237 
       499.55816 
       527.14750 
       556.36501 
       583.04040 
       602.15394 
       607.21006 
       613.04856 
       656.54752 
       693.00977 
       717.15524 
       746.78278 
       767.77778 
       794.36853 
       831.78629 
       877.24535 
       917.13287 
       931.23847 
       941.44352 
       962.01020 
       987.13532 
       1017.5138 
       1060.3551 
       1122.8787 
       1190.7352 
       1269.6450 
       1514.0813 
       1659.2298 
       1733.3222 
       1802.3917 
       1849.4817 
       1884.7554 
       1927.0156 
       1976.2421 
       2026.2225 
       2074.2860 
       2112.8802 
       2187.6849 
       2229.9983 
       2292.5093 
       2328.0084 
       2356.7210 
       2518.6525 
       2729.5364 
       2842.9104 
       2935.7459 
       3031.9110 
       3300.0071 
       3407.3668 
       3469.4031 
       3554.9417 
       3606.7513 
       3642.7128 
       3653.1401 
       3673.2353 
       3732.7813 
       3780.1354 
       3832.0935 
       3882.5598 
       3952.3924 
       3980.4538 
rc =       1.0000000 
sei-idr

       0.0000000 
       0.0000000 
       0.0000000 
       0.0000000 
       0.0000000 
       0.0000000 
       0.0000000 
       0.0000000 
       0.0000000 
       0.0000000 
       0.0000000 
       0.0000000 
       0.0000000 
       0.0000000 
       0.0000000 
       0.0000000 
       0.0000000 
       0.0000000 
       0.0000000 
       0.0000000 
       0.0000000 
       0.0000000 
       0.0000000 
       0.0000000 
       0.0000000 
       0.0000000 
       0.0000000 
       0.0000000 
       0.0000000 
       2.1443356 
       4.4057402 
       6.9651235 
       9.7393087 
       11.422342 
       12.954453 
       15.450823 
       17.155008 
       18.545113 
       20.385857 
       21.905255 
       23.797199 
       25.820341 
       27.990643 
       29.325291 
       30.985532 
       34.189336 
       37.090920 
       39.877368 
       43.615850 
       46.681417 
       50.275799 
       54.195250 
       58.083502 
       60.594224 
       62.767582 
       65.711343 
       67.473292 
       68.602646 
       71.590084 
       74.143767 
       77.222746 
       81.585797 
       86.391892 
       89.075017 
       91.383949 
       96.665713 
       100.97399 
       104.30861 
       108.90594 
       112.66718 
       116.61953 
       120.75982 
       125.71508 
       128.35658 
       130.87678 
       136.47773 
       140.05061 
       142.21804 
       146.48987 
       153.92159 
       161.85519 
       168.97116 
       173.67113 
       173.88891 
       174.37103 
       186.89078 
       197.18135 
       203.55944 
       211.70813 
       217.11963 
       224.34912 
       235.07299 
       248.39600 
       255.54637 
       263.44942 
       267.87154 
       272.92139 
       281.12741 
       285.05461 
       292.98888 
       300.61793 
       312.58620 
       329.55691 
       349.31649 
       408.36277 
       422.09194 
       441.46212 
       459.15965 
       466.68605 
       483.81250 
       496.22246 
       503.92724 
       510.82953 
       516.98760 
       526.54301 
       539.33729 
       541.45818 
       541.02119 
       539.60175 
       719.07898 
       847.97660 
       1094.5213 
       1196.7405 
       1305.9972 
       1413.6722 
       1476.6073 
       1536.3461 
       1621.2854 
       1709.7438 
       1744.7771 
       1767.8654 
       1779.1326 
       1838.2152 
       1869.3849 
       1874.5130 
       1892.1796 
       1899.2392 
       1904.6966 
rc =       1.0000000 
set-igien

       0.0000000 
       0.0000000 
       0.0000000 
       0.0000000 
       0.0000000 
       0.0000000 
       0.0000000 
       0.0000000 
       0.0000000 
       0.0000000 
       0.0000000 
       0.0000000 
       0.0000000 
       0.0000000 
       0.0000000 
       0.0000000 
       0.0000000 
       0.0000000 
       0.0000000 
       0.0000000 
       0.0000000 
       0.0000000 
       0.0000000 
       0.0000000 
       0.0000000 
       0.0000000 
       0.0000000 
       0.0000000 
       0.0000000 
       3.3048689 
       6.7901656 
       10.734710 
       15.010308 
       17.604213 
       19.965517 
       23.812944 
       26.439449 
       28.581891 
       31.418863 
       33.760572 
       36.676452 
       39.794536 
       43.139424 
       45.196397 
       47.755175 
       52.692906 
       57.164852 
       61.459351 
       67.221131 
       71.945810 
       77.485503 
       83.526196 
       89.518805 
       93.388350 
       96.737949 
       101.27490 
       104.00018 
       105.76491 
       110.40522 
       114.39351 
       119.20693 
       126.01696 
       133.53982 
       137.82434 
       141.56557 
       149.93038 
       156.84010 
       162.29607 
       169.74692 
       175.95538 
       182.49608 
       189.35677 
       197.50438 
       202.10632 
       206.52549 
       215.69166 
       221.72077 
       225.56394 
       232.63034 
       244.54395 
       257.20243 
       268.57220 
       276.20146 
       276.90788 
       278.00495 
       297.65223 
       313.86609 
       324.04855 
       336.96463 
       345.66622 
       357.15083 
       373.99347 
       394.82923 
       399.65507 
       409.57587 
       427.05615 
       434.71419 
       442.10383 
       449.19105 
       453.74823 
       470.45804 
       483.43988 
       499.43309 
       512.78485 
       527.94140 
       547.38143 
       561.21542 
       579.41474 
       602.98034 
       619.03019 
       661.79757 
       694.00003 
       727.64719 
       749.08174 
       779.37557 
       829.37026 
       886.88841 
       971.76963 
       1038.7796 
       1106.5947 
       1127.9568 
       1168.3199 
       1173.9901 
       1190.2823 
       1223.0598 
       1235.5322 
       1273.7425 
       1296.8687 
       1320.3457 
       1333.3443 
       1337.2933 
       1334.7837 
       1329.0779 
       1326.4311 
       1317.5039 
       1305.3985 
       1298.3815 
       1296.7430 
rc =       1.0000000 
ot-bonif

       0.0000000 
       0.0000000 
       0.0000000 
       0.0000000 
       0.0000000 
       0.0000000 
       0.0000000 
       0.0000000 
       0.0000000 
       0.0000000 
       0.0000000 
       0.0000000 
       0.0000000 
       0.0000000 
       0.0000000 
       0.0000000 
       0.0000000 
       0.0000000 
       0.0000000 
       0.0000000 
       0.0000000 
       0.0000000 
       0.0000000 
       0.0000000 
       0.0000000 
       0.0000000 
       0.0000000 
       0.0000000 
       0.0000000 
       3.5169460 
       7.2258981 
       11.423568 
       15.973536 
       18.733896 
       21.246726 
       25.341047 
       28.136098 
       30.416023 
       33.435046 
       35.927026 
       39.030021 
       42.348196 
       45.907730 
       48.096700 
       50.819678 
       56.074269 
       60.833185 
       65.403266 
       71.534787 
       76.562653 
       82.457835 
       88.886165 
       95.263327 
       99.381185 
       102.94573 
       107.77382 
       110.67398 
       112.55196 
       117.50025 
       121.76943 
       126.93015 
       134.23406 
       142.31425 
       146.96866 
       151.07782 
       160.14398 
       167.69943 
       173.75477 
       181.98436 
       188.94671 
       196.32115 
       204.09444 
       213.28915 
       218.75769 
       224.08095 
       234.49567 
       241.59690 
       246.39108 
       254.62221 
       268.00790 
       282.17828 
       294.96230 
       303.74025 
       305.12104 
       306.89450 
       328.38376 
       346.19083 
       357.56447 
       371.83644 
       381.61171 
       394.34542 
       412.78020 
       435.45025 
       437.57730 
       437.27730 
       436.98051 
       442.81143 
       451.64683 
       502.99400 
       510.20664 
       515.49744 
       526.62591 
       530.11512 
       543.85891 
       555.37834 
       558.39434 
       569.63012 
       580.01495 
       596.60135 
       610.93828 
       624.88065 
       632.18746 
       636.59072 
       636.50491 
       651.26927 
       672.28518 
       680.82467 
       684.03461 
       685.42626 
       697.64795 
       710.32865 
       712.78007 
       713.81496 
       717.48398 
       743.67882 
       786.76239 
       880.14323 
       918.22357 
       943.42141 
       962.15279 
       970.91685 
       974.68673 
       985.16873 
       984.80231 
       978.38683 
       975.78325 
       975.27381 
       966.08926 
rc =       1.0000000 
nov-al
  rc =         1.0000000 

       0.0000000 
       0.0000000 
       0.0000000 
       0.0000000 
       0.0000000 
       0.0000000 
       0.0000000 
       0.0000000 
       0.0000000 
       0.0000000 
       0.0000000 
       0.0000000 
       0.0000000 
       0.0000000 
       0.0000000 
       0.0000000 
       0.0000000 
       0.0000000 
       0.0000000 
       0.0000000 
       0.0000000 
       0.0000000 
       0.0000000 
       0.0000000 
       0.0000000 
       0.0000000 
       0.0000000 
       0.0000000 
       0.0000000 
       1.2606808 
       2.5901879 
       4.0948803 
       5.7258573 
       6.7153327 
       7.6160795 
       9.0837255 
       10.085636 
       10.902896 
       11.985092 
       12.878364 
       13.990661 
       15.180090 
       16.456037 
       17.240693 
       18.216769 
       20.100324 
       21.806200 
       23.444387 
       25.642285 
       27.444569 
       29.557750 
       31.862042 
       34.147993 
       35.624077 
       36.901820 
       38.632493 
       39.672081 
       40.341991 
       42.107692 
       43.622885 
       45.450603 
       48.039061 
       50.896919 
       52.514742 
       53.922262 
       57.089380 
       59.695771 
       61.742588 
       64.544224 
       66.866063 
       69.308977 
       71.870288 
       74.918247 
       76.608588 
       78.227593 
       81.656836 
       83.888517 
       85.288648 
       87.919889 
       92.402420 
       97.171988 
       101.45478 
       104.31410 
       104.53399 
       104.90638 
       112.35745 
       118.49739 
       122.33774 
       127.22065 
       130.49448 
       134.82961 
       141.21236 
       149.12068 
       152.78649 
       154.35980 
       156.27408 
       162.64279 
       168.70063 
       172.12555 
       179.17459 
       187.51772 
       198.62034 
       220.75723 
       246.07058 
       285.50103 
       299.96042 
       309.40692 
       319.12597 
       330.02919 
       344.82710 
       358.07419 
       366.91422 
       381.64699 
       383.94893 
       397.33828 
       403.21372 
       406.02401 
       416.56662 
       448.50215 
       488.99758 
       497.12781 
       499.91679 
       559.40864 
       572.93204 
       575.17777 
       579.86397 
       582.03994 
       590.74091 
       592.08422 
       606.52981 
       613.00100 
       614.95457 
       610.53466 
       606.12206 
       605.43836 
       603.69510 
       613.03637 
       614.39495 
rc =       2.0000000 
uno-strad

       0.0000000 
       0.0000000 
       0.0000000 
       0.0000000 
       0.0000000 
       0.0000000 
       0.0000000 
       0.0000000 
       0.0000000 
       0.0000000 
       0.0000000 
       0.0000000 
       0.0000000 
       0.0000000 
       0.0000000 
       0.0000000 
       0.0000000 
       0.0000000 
       0.0000000 
       0.0000000 
       0.0000000 
       0.0000000 
       0.0000000 
       0.0000000 
       0.0000000 
       0.0000000 
       0.0000000 
       0.0000000 
       0.0000000 
      0.53019287 
       1.0893314 
       1.7221459 
       2.4080708 
       2.8242054 
       3.2030241 
       3.8202584 
       4.2416228 
       4.5853301 
       5.0404593 
       5.4161346 
       5.8839228 
       6.3841502 
       6.9207633 
       7.2507588 
       7.6612580 
       8.4534074 
       9.1708319 
       9.8597889 
       10.784139 
       11.542109 
       12.430829 
       13.399924 
       14.361306 
       14.982088 
       15.519457 
       16.247310 
       16.684520 
       16.967632 
       17.713606 
       18.357201 
       19.136413 
       20.240443 
       21.463988 
       22.173410 
       22.802971 
       24.182492 
       25.337943 
       26.271779 
       27.538643 
       28.620282 
       29.770777 
       30.989163 
       32.430095 
       33.318238 
       34.193069 
       35.843989 
       37.004269 
       37.825388 
       39.172378 
       41.302991 
       43.557073 
       45.606352 
       47.054361 
       47.388955 
       47.782435 
       51.146354 
       53.952766 
       55.786224 
       58.052811 
       59.637918 
       61.665684 
       64.550278 
       68.070859 
       70.717539 
       71.476102 
       72.817898 
       74.346073 
       78.226991 
       78.809784 
       79.709465 
       82.060171 
       89.093892 
       94.537160 
       105.41734 
       110.08664 
       113.71766 
       114.99694 
       116.34320 
       116.07746 
       115.72747 
       117.48249 
       121.46130 
       121.60666 
       122.40077 
       126.38993 
       133.76777 
       137.35186 
       139.27603 
       145.68493 
       147.59087 
       151.24251 
       153.06878 
       155.36765 
       166.52683 
       183.67714 
       191.99232 
       206.20828 
       212.66995 
       223.24590 
       236.11101 
       235.37587 
       245.77327 
       245.49883 
       243.88853 
       242.60946 
       243.79711 
       244.71941 
       247.36918 
rc =       2.0000000 
due-fer

       0.0000000 
       0.0000000 
       0.0000000 
       0.0000000 
       0.0000000 
       0.0000000 
       0.0000000 
       0.0000000 
       0.0000000 
       0.0000000 
       0.0000000 
       0.0000000 
       0.0000000 
       0.0000000 
       0.0000000 
       0.0000000 
       0.0000000 
       0.0000000 
       0.0000000 
       0.0000000 
       0.0000000 
       0.0000000 
       0.0000000 
       0.0000000 
       0.0000000 
       0.0000000 
       0.0000000 
       0.0000000 
       0.0000000 
      0.18851302 
      0.38731782 
      0.61231855 
      0.85620296 
       1.0041619 
       1.1388530 
       1.3583141 
       1.5081325 
       1.6303396 
       1.7921633 
       1.9257367 
       2.0920614 
       2.2699201 
       2.4607158 
       2.5780476 
       2.7240028 
       3.0056559 
       3.2607402 
       3.5057027 
       3.8343604 
       4.1038608 
       4.4198504 
       4.7644176 
       5.1062420 
       5.3269647 
       5.5180292 
       5.7768214 
       5.9322739 
       6.0329360 
       6.2976237 
       6.5251202 
       6.7996824 
       7.1881332 
       7.6172445 
       7.8616379 
       8.0750412 
       8.5521784 
       8.9463158 
       9.2575298 
       9.6825337 
       10.036670 
       10.409759 
       10.801099 
       11.265847 
       11.528346 
       11.780420 
       12.303267 
       12.647174 
       12.866392 
       13.269467 
       13.949031 
       14.671083 
       15.319626 
       15.754807 
       15.795102 
       15.857680 
       16.978380 
       17.903235 
       18.484053 
       19.220799 
       19.717146 
       20.372240 
       21.332961 
       22.521453 
       22.405316 
       22.237991 
       23.199641 
       24.956441 
       26.119788 
       25.867408 
       25.610174 
       25.348078 
       25.080402 
       24.807133 
       24.527928 
       24.241401 
       23.947302 
       23.645303 
       23.334365 
       23.012914 
       24.000431 
       25.945181 
       26.509414 
       27.517239 
       28.135933 
       28.982065 
       35.971495 
       36.121359 
       36.966381 
       39.831987 
       46.812322 
       62.053273 
       64.645331 
       64.352372 
       64.951541 
       70.033702 
       75.482125 
       82.739136 
       85.395829 
       95.272049 
       120.86738 
       121.04364 
       125.19266 
       125.77706 
       125.46305 
       124.75178 
       125.78146 
       125.04778 
       127.07435 
rc =       2.0000000 
tre-mar

       0.0000000 
       0.0000000 
       0.0000000 
       0.0000000 
       0.0000000 
       0.0000000 
       0.0000000 
       0.0000000 
       0.0000000 
       0.0000000 
       0.0000000 
       0.0000000 
       0.0000000 
       0.0000000 
       0.0000000 
       0.0000000 
       0.0000000 
       0.0000000 
       0.0000000 
       0.0000000 
       0.0000000 
       0.0000000 
       0.0000000 
       0.0000000 
       0.0000000 
       0.0000000 
       0.0000000 
       0.0000000 
       0.0000000 
     0.029455159 
     0.060518410 
     0.095674774 
      0.13378171 
      0.15690030 
      0.17794578 
      0.21223658 
      0.23564571 
      0.25474056 
      0.28002551 
      0.30089637 
      0.32688460 
      0.35467501 
      0.38448685 
      0.40281993 
      0.42562544 
      0.46963374 
      0.50949066 
      0.54776605 
      0.59911882 
      0.64122825 
      0.69060163 
      0.74444025 
      0.79785031 
      0.83233824 
      0.86219206 
      0.90262834 
      0.92683094 
      0.94234403 
      0.98338028 
       1.0184583 
       1.0607520 
       1.1206840 
       1.1867018 
       1.2235579 
       1.2552740 
       1.3278257 
       1.3870053 
       1.4328105 
       1.4959607 
       1.5476260 
       1.6019167 
       1.6587888 
       1.7268556 
       1.7631398 
       1.7977580 
       1.8746941 
       1.9237721 
       1.9535445 
       2.0122234 
       2.1143076 
       2.2232856 
       2.3210325 
       2.3855925 
       2.3885840 
       2.3952064 
       2.5671810 
       2.7085350 
       2.7961461 
       2.9080787 
       2.9824126 
       3.0817187 
       3.2290246 
       3.4120330 
       3.3739503 
       3.3351694 
       3.2956859 
       3.2555671 
       3.8510621 
       3.9368429 
       3.9240536 
       3.8807317 
       3.9419306 
       3.9909516 
       3.9440770 
       3.8957920 
       3.8459435 
       3.7943610 
       3.7408869 
       10.942799 
       10.901880 
       10.949414 
       10.950682 
       10.944549 
       10.878732 
       10.851857 
       10.781090 
       11.404295 
       11.328167 
       11.248953 
       11.406182 
       11.338016 
       11.249528 
       11.158159 
       11.191311 
       11.720495 
       12.290714 
       13.061239 
       13.320081 
       14.381154 
       17.186335 
       17.168197 
       17.593307 
       17.623033 
       17.553534 
       17.440543 
       17.500209 
       17.356804 
       17.509094 
rc =       2.0000000 
qua-com

       0.0000000 
       0.0000000 
       0.0000000 
       0.0000000 
       0.0000000 
       0.0000000 
       0.0000000 
       0.0000000 
       0.0000000 
       0.0000000 
       0.0000000 
       0.0000000 
       0.0000000 
       0.0000000 
       0.0000000 
       0.0000000 
       0.0000000 
       0.0000000 
       0.0000000 
       0.0000000 
       0.0000000 
       0.0000000 
       0.0000000 
       0.0000000 
       0.0000000 
       0.0000000 
       0.0000000 
       0.0000000 
       0.0000000 
      0.18262199 
      0.37521414 
      0.59318360 
      0.82944662 
      0.97278184 
       1.1032638 
       1.3158668 
       1.4610034 
       1.5793915 
       1.7361582 
       1.8655575 
       2.0266845 
       2.1989851 
       2.3838185 
       2.4974836 
       2.6388778 
       2.9117292 
       3.1588421 
       3.3961495 
       3.7145367 
       3.9756152 
       4.2817301 
       4.6155295 
       4.9466719 
       5.1604971 
       5.3455908 
       5.5962957 
       5.7468903 
       5.8444067 
       6.1013530 
       6.3230358 
       6.5914311 
       6.9717082 
       7.3931513 
       7.6378824 
       7.8556240 
       8.3324172 
       8.7330170 
       9.0583562 
       9.4997227 
       9.8787734 
       10.283191 
       10.712855 
       11.221383 
       11.542137 
       11.861368 
       12.451222 
       12.875826 
       13.187554 
       13.684564 
       14.456086 
       15.274766 
       16.027524 
       16.577865 
       16.749263 
       16.945345 
       18.168547 
       19.203366 
       19.906085 
       20.760339 
       21.381879 
       22.157124 
       23.228010 
       24.518192 
       26.186049 
       26.903718 
       27.159480 
       27.942398 
       28.382486 
       28.669135 
       29.992655 
       30.692306 
       31.709663 
       33.332181 
       35.547404 
       37.318808 
       38.640759 
       41.072292 
       44.214683 
       48.243376 
       51.642996 
       54.399213 
       56.045485 
       56.072009 
       55.848951 
       55.620002 
       55.384753 
       55.143390 
       54.946194 
       54.820886 
       106.86734 
       149.61411 
       194.79805 
       218.84772 
       229.41093 
       242.18294 
       249.33476 
       253.27763 
       254.68012 
       255.45951 
       256.75472 
       257.33465 
       264.65173 
       265.88971 
       281.65024 
       306.93141 
       331.17494 
       348.83365 
       359.01361 
rc =       2.0000000 
cin-edpub

       0.0000000 
       0.0000000 
       0.0000000 
       0.0000000 
       0.0000000 
       0.0000000 
       0.0000000 
       0.0000000 
       0.0000000 
       0.0000000 
       0.0000000 
       0.0000000 
       0.0000000 
       0.0000000 
       0.0000000 
       0.0000000 
       0.0000000 
       0.0000000 
       0.0000000 
       0.0000000 
       0.0000000 
       0.0000000 
       0.0000000 
       0.0000000 
       0.0000000 
       0.0000000 
       0.0000000 
       0.0000000 
       0.0000000 
       1.6671620 
       3.4253420 
       5.4151922 
       7.5720449 
       8.8805568 
       10.071731 
       12.012590 
       13.337547 
       14.418316 
       15.849444 
       17.030734 
       18.501668 
       20.074606 
       21.761956 
       22.799608 
       24.090400 
       26.581270 
       28.837171 
       31.003558 
       33.910125 
       36.293519 
       39.088052 
       42.135318 
       45.158327 
       47.110344 
       48.800071 
       51.088764 
       52.463547 
       53.353778 
       55.699449 
       57.723198 
       60.173387 
       63.644949 
       67.492316 
       69.726475 
       71.714245 
       76.063504 
       79.712558 
       82.668096 
       86.674253 
       90.105205 
       93.760402 
       97.636121 
       102.22141 
       105.07950 
       107.90778 
       113.19016 
       116.94411 
       119.64504 
       124.01312 
       130.86205 
       138.11517 
       144.73722 
       149.48207 
       150.73723 
       152.18662 
       162.98504 
       172.03664 
       178.03064 
       185.38555 
       190.59747 
       197.19850 
       206.48730 
       217.77231 
       224.54970 
       226.52348 
       227.94389 
       233.67907 
       239.79129 
       253.00021 
       267.47038 
       278.53127 
       292.24998 
       310.00413 
       329.10335 
       351.65160 
       367.25364 
       377.10227 
       382.17970 
       386.36377 
       392.81418 
       398.44060 
       403.56658 
       407.51658 
       413.69627 
       427.94089 
       434.87046 
       438.07157 
       442.34919 
       457.56770 
       490.65824 
       507.65116 
       533.63720 
       557.12914 
       570.76458 
       590.94113 
       602.95004 
       627.02742 
       650.44519 
       744.89313 
       775.12313 
       793.94015 
       809.35945 
       816.88841 
       819.58823 
       823.49626 
       830.01097 
       834.30073 
       841.45880 
rc =       2.0000000 
sei-idr

       0.0000000 
       0.0000000 
       0.0000000 
       0.0000000 
       0.0000000 
       0.0000000 
       0.0000000 
       0.0000000 
       0.0000000 
       0.0000000 
       0.0000000 
       0.0000000 
       0.0000000 
       0.0000000 
       0.0000000 
       0.0000000 
       0.0000000 
       0.0000000 
       0.0000000 
       0.0000000 
       0.0000000 
       0.0000000 
       0.0000000 
       0.0000000 
       0.0000000 
       0.0000000 
       0.0000000 
       0.0000000 
       0.0000000 
      0.46539152 
      0.95619087 
       1.5116614 
       2.1137511 
       2.4790247 
       2.8115434 
       3.3533379 
       3.7232022 
       4.0249009 
       4.4244031 
       4.7541626 
       5.1647767 
       5.6038652 
       6.0748922 
       6.3645550 
       6.7248820 
       7.4202131 
       8.0499525 
       8.6547036 
       9.4660773 
       10.131406 
       10.911506 
       11.762156 
       12.606035 
       13.150944 
       13.622635 
       14.261528 
       14.643929 
       14.889036 
       15.537408 
       16.091642 
       16.759882 
       17.706808 
       18.749889 
       19.332215 
       19.833330 
       20.979647 
       21.914684 
       22.638406 
       23.636178 
       24.452491 
       25.310283 
       26.208863 
       27.284318 
       27.857608 
       28.404576 
       29.620167 
       30.395600 
       30.866003 
       31.793130 
       33.406060 
       35.127913 
       36.672313 
       37.692361 
       37.739627 
       37.844261 
       40.561460 
       42.794853 
       44.179108 
       45.947644 
       47.122119 
       48.691155 
       51.018589 
       53.910121 
       55.087290 
       56.309601 
       56.983794 
       58.516117 
       60.610229 
       62.118376 
       63.433365 
       65.673051 
       70.961023 
       80.290314 
       82.952739 
       85.352330 
       92.391666 
       99.652195 
       103.99693 
       105.04227 
       109.05322 
       109.74931 
       112.07586 
       112.11940 
       111.89473 
       112.00190 
       119.71484 
       119.14033 
       117.94755 
       116.72163 
       172.82690 
       214.48512 
       302.91811 
       309.93863 
       324.67845 
       344.45727 
       351.41287 
       359.31246 
       370.43853 
       379.22895 
       402.86154 
       434.65272 
       450.20524 
       458.78643 
       489.39581 
       491.18841 
       489.08511 
       487.81434 
       486.72352 
rc =       2.0000000 
set-igien

       0.0000000 
       0.0000000 
       0.0000000 
       0.0000000 
       0.0000000 
       0.0000000 
       0.0000000 
       0.0000000 
       0.0000000 
       0.0000000 
       0.0000000 
       0.0000000 
       0.0000000 
       0.0000000 
       0.0000000 
       0.0000000 
       0.0000000 
       0.0000000 
       0.0000000 
       0.0000000 
       0.0000000 
       0.0000000 
       0.0000000 
       0.0000000 
       0.0000000 
       0.0000000 
       0.0000000 
       0.0000000 
       0.0000000 
      0.58321216 
       1.1982645 
       1.8943605 
       2.6488779 
       3.1066259 
       3.5233265 
       4.2022842 
       4.6657850 
       5.0438631 
       5.5445052 
       5.9577480 
       6.4723151 
       7.0225652 
       7.6128396 
       7.9758347 
       8.4273838 
       9.2987481 
       10.087915 
       10.845768 
       11.862553 
       12.696319 
       13.673912 
       14.739917 
       15.797436 
       16.480297 
       17.071403 
       17.872041 
       18.352972 
       18.664396 
       19.483273 
       20.187091 
       21.036517 
       22.238287 
       23.565850 
       24.321942 
       24.982159 
       26.458302 
       27.677664 
       28.640483 
       29.955339 
       31.050949 
       32.205191 
       33.415901 
       34.853714 
       35.665820 
       36.445675 
       38.063234 
       39.127195 
       39.805401 
       41.052413 
       43.154814 
       45.388665 
       47.395094 
       48.741435 
       48.866097 
       49.059697 
       52.526864 
       55.388133 
       57.185038 
       59.464347 
       60.999921 
       63.026617 
       65.998848 
       69.675746 
       70.556795 
       72.217571 
       74.254183 
       76.752413 
       78.863644 
       79.763764 
       81.338354 
       82.825058 
       83.553349 
       84.126624 
       84.606138 
       84.666293 
       84.850512 
       86.791584 
       89.850592 
       90.057084 
       89.109962 
       89.158214 
       88.773144 
       89.110952 
       89.005814 
       90.474036 
       91.146803 
       90.163647 
       88.956651 
       87.934603 
       91.637582 
       92.622895 
       94.447875 
       94.003897 
       93.034337 
       92.661758 
       91.088917 
       89.807348 
       93.022706 
       101.52726 
       109.01436 
       107.35913 
       105.47138 
       103.17885 
       100.90424 
       98.495580 
       96.051691 
       93.578771 
       91.093887 
rc =       2.0000000 
ot-bonif

       0.0000000 
       0.0000000 
       0.0000000 
       0.0000000 
       0.0000000 
       0.0000000 
       0.0000000 
       0.0000000 
       0.0000000 
       0.0000000 
       0.0000000 
       0.0000000 
       0.0000000 
       0.0000000 
       0.0000000 
       0.0000000 
       0.0000000 
       0.0000000 
       0.0000000 
       0.0000000 
       0.0000000 
       0.0000000 
       0.0000000 
       0.0000000 
       0.0000000 
       0.0000000 
       0.0000000 
       0.0000000 
       0.0000000 
      0.35346191 
      0.72622092 
       1.1480973 
       1.6053805 
       1.8828036 
       2.1353494 
       2.5468389 
       2.8277485 
       3.0568867 
       3.3603062 
       3.6107564 
       3.9226152 
       4.2561001 
       4.6138422 
       4.8338392 
       5.1075053 
       5.6356049 
       6.1138879 
       6.5731926 
       7.1894258 
       7.6947390 
       8.2872196 
       8.9332829 
       9.5742037 
       9.9880588 
       10.346305 
       10.831540 
       11.123013 
       11.311755 
       11.809070 
       12.238134 
       12.756799 
       13.490860 
       14.302940 
       14.770719 
       15.183701 
       16.094872 
       16.854214 
       17.462791 
       18.289886 
       18.989619 
       19.730769 
       20.512004 
       21.436096 
       21.985697 
       22.520699 
       23.567404 
       24.281095 
       24.762922 
       25.590172 
       26.935467 
       28.359626 
       29.644452 
       30.526658 
       30.665431 
       30.843668 
       33.003393 
       34.793048 
       35.936127 
       37.370496 
       38.352936 
       39.632705 
       41.485447 
       43.763844 
       44.441612 
       44.663073 
       44.910659 
       47.191320 
       49.948448 
       50.812468 
       51.759656 
       54.803338 
       56.976973 
       58.891188 
       64.093811 
       66.525491 
       68.019649 
       69.440419 
       72.912609 
       76.934477 
       77.517076 
       78.272031 
       79.460126 
       80.426202 
       80.049016 
       80.377355 
       79.952805 
       81.202108 
       84.724970 
       94.942402 
       137.68857 
       173.61472 
       175.77186 
       175.49725 
       176.12899 
       183.29205 
       184.08845 
       187.53138 
       190.08901 
       194.01185 
       212.96625 
       228.44598 
       232.64093 
       232.05473 
       233.05843 
       233.21550 
       231.89701 
       230.50630 
       229.06329 
rc =       2.0000000 
nov-al
  rc =         2.0000000 

       0.0000000 
       0.0000000 
       0.0000000 
       0.0000000 
       0.0000000 
       0.0000000 
       0.0000000 
       0.0000000 
       0.0000000 
       0.0000000 
       0.0000000 
       0.0000000 
       0.0000000 
       0.0000000 
       0.0000000 
       0.0000000 
       0.0000000 
       0.0000000 
       0.0000000 
       0.0000000 
       0.0000000 
       0.0000000 
       0.0000000 
       0.0000000 
       0.0000000 
       0.0000000 
       0.0000000 
       0.0000000 
       0.0000000 
       11.298999 
       23.214862 
       36.700843 
       51.318665 
       60.186954 
       68.260002 
       81.413951 
       90.393694 
       97.718479 
       107.41779 
       115.42385 
       125.39293 
       136.05333 
       147.48915 
       154.52173 
       163.26992 
       180.15150 
       195.44062 
       210.12306 
       229.82198 
       245.97516 
       264.91479 
       285.56728 
       306.05538 
       319.28495 
       330.73687 
       346.24823 
       355.56566 
       361.56980 
       377.39511 
       390.97521 
       407.35634 
       430.55569 
       456.16958 
       470.66951 
       483.28458 
       511.67024 
       535.03033 
       553.37516 
       578.48515 
       599.29490 
       621.18980 
       644.14585 
       671.46354 
       686.61342 
       701.12394 
       731.85893 
       751.86063 
       764.40947 
       787.99228 
       784.54883 
       780.91097 
       776.41859 
       770.25397 
       761.33222 
       752.18009 
       749.02826 
       744.33698 
       737.22747 
       730.69797 
       722.36094 
       714.61199 
       708.36841 
       703.18556 
       694.54380 
       718.94332 
       782.07680 
       804.24248 
       814.72762 
       840.29331 
       860.15500 
       874.65955 
       878.10073 
       877.50765 
       882.65650 
       883.14648 
       878.42577 
       880.78842 
       893.14412 
       913.41764 
       918.10711 
       926.87245 
       933.95612 
       931.17888 
       917.41651 
       908.31120 
       903.85942 
       892.76929 
       882.36548 
       868.71303 
       855.63365 
       839.25716 
       847.05186 
       892.50030 
       898.53200 
       900.16024 
       907.14903 
       916.63219 
       938.23827 
       1007.2822 
       1054.9881 
       1244.7658 
       1270.6534 
       1279.7272 
       1283.1352 
       1295.9323 
       1287.0179 
       1287.7959 
       1278.2068 
rc =       3.0000000 
uno-strad

       0.0000000 
       0.0000000 
       0.0000000 
       0.0000000 
       0.0000000 
       0.0000000 
       0.0000000 
       0.0000000 
       0.0000000 
       0.0000000 
       0.0000000 
       0.0000000 
       0.0000000 
       0.0000000 
       0.0000000 
       0.0000000 
       0.0000000 
       0.0000000 
       0.0000000 
       0.0000000 
       0.0000000 
       0.0000000 
       0.0000000 
       0.0000000 
       0.0000000 
       0.0000000 
       0.0000000 
       0.0000000 
       0.0000000 
       3.4874909 
       7.1653797 
       11.327893 
       15.839755 
       18.576995 
       21.068781 
       25.128811 
       27.900452 
       30.161282 
       33.155021 
       35.626130 
       38.703137 
       41.993521 
       45.523243 
       47.693880 
       50.394053 
       55.604635 
       60.323694 
       64.855500 
       70.935668 
       75.921425 
       81.767233 
       88.141725 
       94.465476 
       98.548847 
       102.08354 
       106.87120 
       109.74707 
       111.60932 
       116.51616 
       120.74959 
       125.87507 
       133.13714 
       141.18534 
       145.85176 
       149.99287 
       159.06706 
       166.66736 
       172.80993 
       181.14308 
       188.25785 
       195.82556 
       203.83983 
       213.31796 
       219.15996 
       224.91441 
       235.77380 
       243.40586 
       248.80699 
       257.66720 
       258.21218 
       258.71483 
       258.95372 
       258.66094 
       257.49812 
       256.22947 
       256.76082 
       256.77848 
       256.01410 
       255.39237 
       254.18328 
       253.13015 
       252.51068 
       252.17983 
       250.75217 
       252.75041 
       273.94097 
       279.94507 
       290.96396 
       302.66721 
       313.29959 
       350.81630 
       370.79350 
       386.79569 
       400.52131 
       414.14692 
       415.06676 
       412.30549 
       419.05946 
       425.93116 
       452.59595 
       468.57614 
       480.37161 
       494.91129 
       503.24846 
       516.66209 
       528.13312 
       555.73684 
       572.35039 
       581.06200 
       585.46019 
       582.00202 
       581.14527 
       579.58402 
       580.10952 
       584.67274 
       584.16812 
       587.94446 
       583.65427 
       581.42903 
       587.28634 
       583.94492 
       587.26496 
       598.19700 
       596.21131 
       594.04206 
       591.32842 
       589.71398 
       614.92777 
rc =       3.0000000 
due-fer

       0.0000000 
       0.0000000 
       0.0000000 
       0.0000000 
       0.0000000 
       0.0000000 
       0.0000000 
       0.0000000 
       0.0000000 
       0.0000000 
       0.0000000 
       0.0000000 
       0.0000000 
       0.0000000 
       0.0000000 
       0.0000000 
       0.0000000 
       0.0000000 
       0.0000000 
       0.0000000 
       0.0000000 
       0.0000000 
       0.0000000 
       0.0000000 
       0.0000000 
       0.0000000 
       0.0000000 
       0.0000000 
       0.0000000 
       1.8321109 
       3.7642451 
       5.9509709 
       8.3212225 
       9.7591985 
       11.068228 
       13.201115 
       14.657163 
       15.844863 
       17.417587 
       18.715754 
       20.332222 
       22.060786 
       23.915082 
       25.055400 
       26.473903 
       29.211219 
       31.690319 
       34.071048 
       37.265190 
       39.884397 
       42.955421 
       46.304183 
       49.626289 
       51.771438 
       53.628346 
       56.143483 
       57.654287 
       58.632597 
       61.205030 
       63.416012 
       66.084413 
       69.859670 
       74.030095 
       76.405294 
       78.479307 
       83.116484 
       86.947006 
       89.971618 
       94.102124 
       97.543891 
       101.16984 
       104.97318 
       109.48995 
       112.04111 
       114.49096 
       119.57238 
       122.91472 
       125.04525 
       128.96263 
       128.49112 
       127.98366 
       127.33091 
       126.40294 
       125.02750 
       123.60955 
       123.15650 
       122.45667 
       121.36444 
       120.36590 
       119.07728 
       117.88380 
       116.92769 
       116.13921 
       114.79161 
       117.85886 
       131.49540 
       138.35622 
       140.62546 
       138.17263 
       135.67264 
       133.12540 
       130.52392 
       127.86809 
       125.15456 
       122.36988 
       119.51160 
       116.57655 
       113.55463 
       110.45105 
       119.79354 
       139.15266 
       142.14458 
       141.85190 
       152.08080 
       152.66369 
       161.24042 
       174.44873 
       176.00734 
       175.88062 
       173.25885 
       174.12214 
       174.70564 
       181.69886 
       189.54032 
       195.55650 
       233.33172 
       259.65431 
       278.58853 
       323.67676 
       424.54598 
       499.15982 
       512.70962 
       515.36872 
       520.73635 
       520.19801 
       519.12239 
       526.48464 
       528.54949 
rc =       3.0000000 
tre-mar

       0.0000000 
       0.0000000 
       0.0000000 
       0.0000000 
       0.0000000 
       0.0000000 
       0.0000000 
       0.0000000 
       0.0000000 
       0.0000000 
       0.0000000 
       0.0000000 
       0.0000000 
       0.0000000 
       0.0000000 
       0.0000000 
       0.0000000 
       0.0000000 
       0.0000000 
       0.0000000 
       0.0000000 
       0.0000000 
       0.0000000 
       0.0000000 
       0.0000000 
       0.0000000 
       0.0000000 
       0.0000000 
       0.0000000 
      0.11192961 
      0.22996996 
      0.36356414 
      0.50837051 
      0.59622113 
      0.67619397 
      0.80649899 
      0.89545370 
      0.96801413 
       1.0640970 
       1.1434062 
       1.2421615 
       1.3477650 
       1.4610500 
       1.5307157 
       1.6173767 
       1.7846082 
       1.9360645 
       2.0815110 
       2.2766515 
       2.4366674 
       2.6242862 
       2.8288729 
       3.0318312 
       3.1628853 
       3.2763298 
       3.4299877 
       3.5219576 
       3.5809073 
       3.7368451 
       3.8701417 
       4.0308576 
       4.2585993 
       4.5094669 
       4.6495201 
       4.7700413 
       5.0457378 
       5.2706202 
       5.4446800 
       5.6846505 
       5.8809789 
       6.0872834 
       6.3033974 
       6.5620511 
       6.6999311 
       6.8314804 
       7.1238376 
       7.3103341 
       7.4234691 
       7.6464490 
       7.6047529 
       7.5620001 
       7.5111234 
       7.4433242 
       7.3474067 
       7.2495571 
       7.2142653 
       7.1631945 
       7.0870815 
       7.0170705 
       6.9284233 
       6.8467762 
       6.7815995 
       6.7278687 
       6.6387444 
       6.4913770 
       6.3413397 
       6.1888879 
       8.1087192 
       8.4346861 
       8.2734926 
       11.424671 
       12.232309 
       12.130120 
       13.071419 
       15.555617 
       21.530961 
       26.903439 
       28.703972 
       47.834743 
       49.457299 
       75.097787 
       81.311793 
       83.244395 
       86.189873 
       86.208263 
       85.995323 
       86.067918 
       85.865788 
       85.671228 
       86.809352 
       86.705678 
       86.840723 
       87.379906 
       88.424646 
       89.260408 
       93.617779 
       96.695704 
       98.934038 
       104.06244 
       115.37240 
       123.74616 
       125.30637 
       125.61371 
       126.16964 
       126.01552 
       125.68566 
       126.19539 
       125.92745 
rc =       3.0000000 
qua-com

       0.0000000 
       0.0000000 
       0.0000000 
       0.0000000 
       0.0000000 
       0.0000000 
       0.0000000 
       0.0000000 
       0.0000000 
       0.0000000 
       0.0000000 
       0.0000000 
       0.0000000 
       0.0000000 
       0.0000000 
       0.0000000 
       0.0000000 
       0.0000000 
       0.0000000 
       0.0000000 
       0.0000000 
       0.0000000 
       0.0000000 
       0.0000000 
       0.0000000 
       0.0000000 
       0.0000000 
       0.0000000 
       0.0000000 
      0.65390454 
       1.3435087 
       2.1239800 
       2.9699540 
       3.4831866 
       3.9503964 
       4.7116520 
       5.2313348 
       5.6552405 
       6.2165664 
       6.6798993 
       7.2568381 
       7.8737852 
       8.5356080 
       8.9426025 
       9.4488849 
       10.425869 
       11.310693 
       12.160406 
       13.300438 
       14.235267 
       15.331356 
       16.526573 
       17.712277 
       18.477909 
       19.140664 
       20.038349 
       20.577575 
       20.926747 
       21.846780 
       22.640548 
       23.601576 
       24.963213 
       26.472251 
       27.348547 
       28.128202 
       29.835429 
       31.269835 
       32.434759 
       34.015136 
       35.372382 
       36.820460 
       38.358934 
       40.179791 
       41.328298 
       42.471351 
       44.583410 
       46.103764 
       47.219951 
       48.999567 
       49.234960 
       49.478899 
       49.690052 
       49.818703 
       49.801329 
       49.779812 
       50.107929 
       50.353154 
       50.463254 
       50.608182 
       50.650659 
       50.726478 
       50.884824 
       51.097672 
       51.105423 
       53.599030 
       56.925004 
       60.684243 
       62.077093 
       62.332033 
       62.968755 
       62.560735 
       62.179315 
       61.686442 
       61.120868 
       60.530720 
       59.915205 
       59.275199 
       58.611669 
       57.924521 
       57.214543 
       56.482038 
       56.086152 
       55.308805 
       54.510114 
       53.690328 
       52.847983 
       51.983748 
       51.158274 
       50.292743 
       54.587878 
       117.28098 
       117.97109 
       119.11969 
       119.45562 
       122.43707 
       126.16549 
       125.12240 
       124.04986 
       122.99070 
       122.96528 
       242.05921 
       260.67578 
       303.30731 
       341.18564 
       406.07005 
       429.98646 
       445.52927 
       451.90448 
rc =       3.0000000 
cin-edpub

       0.0000000 
       0.0000000 
       0.0000000 
       0.0000000 
       0.0000000 
       0.0000000 
       0.0000000 
       0.0000000 
       0.0000000 
       0.0000000 
       0.0000000 
       0.0000000 
       0.0000000 
       0.0000000 
       0.0000000 
       0.0000000 
       0.0000000 
       0.0000000 
       0.0000000 
       0.0000000 
       0.0000000 
       0.0000000 
       0.0000000 
       0.0000000 
       0.0000000 
       0.0000000 
       0.0000000 
       0.0000000 
       0.0000000 
       7.5581939 
       15.529024 
       24.550147 
       34.328387 
       40.260616 
       45.660888 
       54.459906 
       60.466689 
       65.366428 
       71.854547 
       77.210007 
       83.878588 
       91.009608 
       98.659325 
       103.36360 
       109.21549 
       120.50802 
       130.73530 
       140.55677 
       153.73389 
       164.53917 
       177.20838 
       191.02337 
       204.72839 
       213.57799 
       221.23848 
       231.61443 
       237.84711 
       241.88303 
       252.51729 
       261.69210 
       272.80020 
       288.53876 
       305.98107 
       316.10978 
       325.12147 
       344.83913 
       361.38237 
       374.78151 
       392.94370 
       408.49816 
       425.06924 
       442.64008 
       463.42783 
       476.38517 
       489.20735 
       513.15539 
       530.17418 
       542.41905 
       562.22203 
       564.08353 
       565.92580 
       567.25476 
       567.49164 
       565.89292 
       564.10601 
       566.26386 
       567.33580 
       566.71971 
       566.40869 
       564.82323 
       563.56378 
       563.21605 
       563.47845 
       561.34501 
       572.44361 
       607.43392 
       634.06811 
       652.39241 
       681.45897 
       739.91187 
       760.39997 
       782.91384 
       801.64766 
       818.36194 
       833.68839 
       844.89736 
       865.09444 
       881.01914 
       895.63199 
       912.28946 
       916.10530 
       934.60048 
       952.68334 
       966.39032 
       983.62936 
       994.75565 
       996.67095 
       999.31258 
       996.65596 
       998.94241 
       1009.5265 
       1025.7289 
       1061.0159 
       1066.1129 
       1076.1702 
       1093.6557 
       1097.4385 
       1107.2073 
       1123.4259 
       1188.3590 
       1207.2385 
       1225.8682 
       1252.9366 
       1286.6353 
       1302.6824 
       1338.3500 
       1364.8431 
       1385.2822 
rc =       3.0000000 
sei-idr

       0.0000000 
       0.0000000 
       0.0000000 
       0.0000000 
       0.0000000 
       0.0000000 
       0.0000000 
       0.0000000 
       0.0000000 
       0.0000000 
       0.0000000 
       0.0000000 
       0.0000000 
       0.0000000 
       0.0000000 
       0.0000000 
       0.0000000 
       0.0000000 
       0.0000000 
       0.0000000 
       0.0000000 
       0.0000000 
       0.0000000 
       0.0000000 
       0.0000000 
       0.0000000 
       0.0000000 
       0.0000000 
       0.0000000 
       2.8512594 
       5.8581821 
       9.2613181 
       12.950070 
       15.187949 
       17.225152 
       20.544501 
       22.810505 
       24.658886 
       27.106470 
       29.126768 
       31.642429 
       34.332541 
       37.218327 
       38.992970 
       41.200543 
       45.460546 
       49.318696 
       53.023754 
       57.994701 
       62.070895 
       66.850238 
       72.061816 
       77.231910 
       80.570341 
       83.460191 
       87.374424 
       89.717235 
       91.218902 
       95.191211 
       98.586767 
       102.68079 
       108.48221 
       114.87273 
       118.44041 
       121.51053 
       128.53353 
       134.26211 
       138.69606 
       144.80899 
       149.81020 
       155.06553 
       160.57075 
       167.15962 
       170.67193 
       174.02297 
       181.47039 
       186.22114 
       189.10311 
       194.78323 
       193.64659 
       192.47831 
       191.10907 
       189.32769 
       186.86572 
       184.35180 
       183.33337 
       181.93042 
       179.92063 
       178.05131 
       175.72880 
       173.56936 
       171.80072 
       170.30212 
       167.94987 
       170.90255 
       184.19097 
       190.33309 
       195.40184 
       205.56461 
       213.39934 
       221.16356 
       233.22885 
       238.56048 
       245.26202 
       251.77509 
       260.96251 
       264.99501 
       269.94210 
       285.05039 
       334.13179 
       338.09384 
       356.85750 
       373.79006 
       380.46581 
       390.61235 
       408.15329 
       421.67796 
       445.19869 
       458.96844 
       551.59760 
       610.80167 
       626.89253 
       654.63743 
       654.98112 
       661.14008 
       666.39647 
       672.75727 
       688.13931 
       717.06833 
       785.55892 
       805.45255 
       842.40734 
       864.27743 
       877.98903 
       876.52912 
       877.49007 
       873.21492 
       868.85195 
rc =       3.0000000 
set-igien

       0.0000000 
       0.0000000 
       0.0000000 
       0.0000000 
       0.0000000 
       0.0000000 
       0.0000000 
       0.0000000 
       0.0000000 
       0.0000000 
       0.0000000 
       0.0000000 
       0.0000000 
       0.0000000 
       0.0000000 
       0.0000000 
       0.0000000 
       0.0000000 
       0.0000000 
       0.0000000 
       0.0000000 
       0.0000000 
       0.0000000 
       0.0000000 
       0.0000000 
       0.0000000 
       0.0000000 
       0.0000000 
       0.0000000 
       1.7790916 
       3.6553120 
       5.7787563 
       8.0804154 
       9.4767780 
       10.747925 
       12.819089 
       14.233001 
       15.386330 
       16.913541 
       18.174140 
       19.743830 
       21.422371 
       23.223006 
       24.330324 
       25.707777 
       28.365878 
       30.773236 
       33.085069 
       36.186776 
       38.730186 
       41.712338 
       44.964191 
       48.190159 
       50.273229 
       52.076400 
       54.518752 
       55.985835 
       56.935833 
       59.433824 
       61.580822 
       64.172002 
       67.838007 
       71.887745 
       74.194208 
       76.208201 
       80.711183 
       84.430855 
       87.367938 
       91.378912 
       94.721078 
       98.242096 
       101.93538 
       106.32143 
       108.79876 
       111.17772 
       116.11209 
       119.35770 
       121.42658 
       125.23059 
       124.77012 
       124.27459 
       123.63817 
       122.73516 
       121.39888 
       120.02122 
       119.57710 
       118.89396 
       117.83087 
       116.85823 
       115.60466 
       114.44294 
       113.51071 
       112.74051 
       111.42905 
       112.66121 
       119.22553 
       131.90339 
       139.05602 
       137.31089 
       135.12029 
       133.40391 
       131.69549 
       129.30568 
       127.00650 
       124.58208 
       121.95380 
       119.59312 
       117.05480 
       114.53860 
       111.74368 
       108.97595 
       106.38377 
       103.42339 
       100.39861 
       98.202633 
       94.924799 
       91.898899 
       90.358098 
       88.241904 
       85.016584 
       82.125426 
       79.440684 
       77.011866 
       74.273410 
       71.671558 
       69.186756 
       66.820090 
       64.577003 
       62.435881 
       60.376134 
       58.368538 
       56.386633 
       54.716595 
       52.754034 
       50.678728 
       48.527622 
       47.267096 
       44.970239 
rc =       3.0000000 
ot-bonif

       0.0000000 
       0.0000000 
       0.0000000 
       0.0000000 
       0.0000000 
       0.0000000 
       0.0000000 
       0.0000000 
       0.0000000 
       0.0000000 
       0.0000000 
       0.0000000 
       0.0000000 
       0.0000000 
       0.0000000 
       0.0000000 
       0.0000000 
       0.0000000 
       0.0000000 
       0.0000000 
       0.0000000 
       0.0000000 
       0.0000000 
       0.0000000 
       0.0000000 
       0.0000000 
       0.0000000 
       0.0000000 
       0.0000000 
       4.3240174 
       8.8841026 
       14.045057 
       19.639155 
       23.032964 
       26.122441 
       31.156330 
       34.592790 
       37.395914 
       41.107745 
       44.171586 
       47.986659 
       52.066292 
       56.442669 
       59.133966 
       62.481815 
       68.942233 
       74.793229 
       80.412056 
       87.950642 
       94.132308 
       101.38032 
       109.28383 
       117.12443 
       122.18725 
       126.56979 
       132.50584 
       136.07153 
       138.38047 
       144.46429 
       149.71317 
       156.05817 
       165.03819 
       174.97263 
       180.69514 
       185.74727 
       196.89393 
       206.18322 
       213.62815 
       223.74627 
       232.30634 
       241.37307 
       250.93018 
       262.23491 
       268.95836 
       275.50321 
       288.30790 
       297.03873 
       302.93308 
       313.05310 
       312.80607 
       312.46413 
       311.76125 
       310.37844 
       307.90460 
       305.30192 
       304.94058 
       303.96280 
       302.04222 
       300.32877 
       297.91742 
       295.72587 
       294.09196 
       292.83515 
       290.23460 
       292.40785 
       304.21412 
       311.65656 
       317.00541 
       354.21786 
       376.35443 
       395.27966 
       425.87143 
       441.40147 
       453.27881 
       460.24925 
       517.17506 
       610.43387 
       691.79030 
       700.29383 
       704.08547 
       708.37943 
       713.08774 
       720.14442 
       722.57697 
       732.39082 
       734.58597 
       742.62687 
       748.78884 
       750.00762 
       752.82802 
       747.62265 
       751.52925 
       749.10538 
       742.73374 
       738.53014 
       743.99768 
       741.78364 
       750.87951 
       749.55456 
       747.04080 
       760.95138 
       772.61806 
       778.95313 
       774.25162 
       769.37169 
       764.94104 
       762.94968 
       756.59386 
rc =       3.0000000 
nov-al
  rc =         3.0000000 
