
       0.0000000        0.0000000        0.0000000        0.0000000 
       0.0000000 
       0.0000000        0.0000000        0.0000000        0.0000000 
       0.0000000 
       0.0000000        0.0000000        0.0000000        0.0000000 
       0.0000000 
       0.0000000        0.0000000        0.0000000        0.0000000 
       0.0000000 
       0.0000000        0.0000000        0.0000000        0.0000000 
       0.0000000 
       0.0000000        0.0000000        0.0000000        0.0000000 
       0.0000000 
       0.0000000        0.0000000        0.0000000        0.0000000 
       0.0000000 
       0.0000000        0.0000000        0.0000000        0.0000000 
       0.0000000 
       0.0000000        0.0000000        0.0000000        0.0000000 
       0.0000000 
       0.0000000        0.0000000        0.0000000        0.0000000 
       0.0000000 
       0.0000000        0.0000000        0.0000000        0.0000000 
       0.0000000 
       0.0000000        0.0000000        0.0000000        0.0000000 
       0.0000000 
       0.0000000        0.0000000        0.0000000        0.0000000 
       0.0000000 
       0.0000000        0.0000000        0.0000000        0.0000000 
       0.0000000 
       0.0000000        0.0000000        0.0000000        0.0000000 
       0.0000000 
       0.0000000        0.0000000        0.0000000        0.0000000 
       0.0000000 
       0.0000000        0.0000000        0.0000000        0.0000000 
       0.0000000 
       0.0000000        0.0000000        0.0000000        0.0000000 
       0.0000000 
       0.0000000        0.0000000        0.0000000        0.0000000 
       0.0000000 
       0.0000000        0.0000000        0.0000000        0.0000000 
       0.0000000 
       0.0000000        0.0000000        0.0000000        0.0000000 
       0.0000000 
       0.0000000        0.0000000        0.0000000        0.0000000 
       0.0000000 
       0.0000000        0.0000000        0.0000000        0.0000000 
       0.0000000 
       0.0000000        0.0000000        0.0000000        0.0000000 
       0.0000000 
       0.0000000        0.0000000        0.0000000        0.0000000 
       0.0000000 
       0.0000000        0.0000000        0.0000000        0.0000000 
       0.0000000 
       0.0000000        0.0000000        0.0000000        0.0000000 
       0.0000000 
       0.0000000        0.0000000        0.0000000        0.0000000 
       0.0000000 
       0.0000000        0.0000000        0.0000000        0.0000000 
       0.0000000 
   0.00039961830    0.00031517066     0.0043083377    0.00096813188 
   0.00084146042 
   0.00037869228    0.00029866674     0.0040827315    0.00091743564 
   0.00079739733 
   0.00035794645    0.00028230494     0.0038590680    0.00086717593 
   0.00075371366 
   0.00032166718    0.00025369223     0.0034679364    0.00077928426 
   0.00067732184 
   0.00031699570    0.00025000793     0.0034175726    0.00076796695 
   0.00066748529 
   0.00026906843    0.00021220868     0.0029008623    0.00065185634 
   0.00056656673 
   0.00025871660    0.00020404442     0.0027892579    0.00062677759 
   0.00054476930 
   0.00024620625    0.00019417776     0.0026543821    0.00059646949 
   0.00051842675 
   0.00016029792    0.00012642364     0.0017281931    0.00038834440 
   0.00033753298 
   0.00023130115    0.00018242242     0.0024936882    0.00056035976 
   0.00048704166 
   0.00026974235    0.00021274019     0.0029081279    0.00065348900 
   0.00056798577 
   0.00029681287    0.00023409015     0.0031999788    0.00071907118 
   0.00062498710 
   0.00027534343    0.00021715765     0.0029685139    0.00066705842 
   0.00057977975 
   0.00025733374    0.00020295378     0.0027743491    0.00062342741 
   0.00054185747 
   0.00025860176    0.00020395384     0.0027880197    0.00062649936 
   0.00054452748 
   0.00030168278    0.00023793095     0.0032524819    0.00073086922 
   0.00063524148 
   0.00035111539    0.00027691742     0.0037854214    0.00085062673 
   0.00073932977 
   0.00047189532    0.00037217405     0.0050875658     0.0011432332 
   0.00099365129 
   0.00035399124    0.00027918554     0.0038164263    0.00085759387 
   0.00074538533 
   0.00054587071    0.00043051690     0.0058851042     0.0013224490 
    0.0011494183 
   0.00061940836    0.00048851452     0.0066779233     0.0015006044 
    0.0013042636 
   0.00066527023    0.00052468482     0.0071723662     0.0016117113 
    0.0014008332 
   0.00064246799    0.00050670117     0.0069265323     0.0015564696 
    0.0013528194 
   0.00056291756    0.00044396140     0.0060688886     0.0013637474 
    0.0011853132 
   0.00060062344    0.00047369924     0.0064754006     0.0014550953 
    0.0012647090 
   0.00056259763    0.00044370907     0.0060654393     0.0013629724 
    0.0011846395 
   0.00058211236    0.00045909994     0.0062758302     0.0014102496 
    0.0012257309 
   0.00074887735    0.00059062403     0.0080737457     0.0018142614 
    0.0015768814 
   0.00057440089    0.00045301806     0.0061926918     0.0013915674 
    0.0012094932 
    0.0017578887     0.0013864103      0.018952030     0.0042587342 
    0.0037015166 
    0.0029871468     0.0023559007      0.032204824     0.0072367858 
    0.0062899167 
    0.0035719894     0.0028171539      0.038510089     0.0086536497 
    0.0075213965 
    0.0037905612     0.0029895369      0.040866541     0.0091831709 
    0.0079816345 
    0.0033292553     0.0026257146      0.035893141     0.0080655921 
    0.0070102810 
    0.0033034289     0.0026053458      0.035614704     0.0080030240 
    0.0069558994 
    0.0035141968     0.0027715741      0.037887020     0.0085136390 
    0.0073997049 
    0.0045183007     0.0035634900      0.048712396      0.010946223 
    0.0095140067 
    0.0046676602     0.0036812867      0.050322661      0.011308067 
    0.0098285070 
    0.0027451019     0.0021650049      0.029595306     0.0066503978 
    0.0057802523 
    0.0039691276     0.0031303686      0.042791689     0.0096157734 
    0.0083576348 
    0.0047055055     0.0037111345      0.050730676      0.011399753 
    0.0099081964 
    0.0040837356     0.0032207575      0.044027293     0.0098934275 
    0.0085989603 
    0.0034509710     0.0027217092      0.037205374     0.0083604656 
    0.0072665729 
    0.0033694637     0.0026574261      0.036326633     0.0081630026 
    0.0070949462 
    0.0034952947     0.0027566664      0.037683234     0.0084678461 
    0.0073599037 
    0.0032369747     0.0025529348      0.034898252     0.0078420293 
    0.0068159694 
    0.0036312723     0.0028639091      0.039149227     0.0087972711 
    0.0076462263 
    0.0039803344     0.0031392071      0.042912511     0.0096429234 
    0.0083812325 
    0.0024445433     0.0019279606      0.026354944     0.0059222521 
    0.0051473780 
    0.0044317300     0.0034952135      0.047779067      0.010736493 
    0.0093317184 
    0.0062839977     0.0049560586      0.067748610      0.015223874 
     0.013231965 
    0.0063558894     0.0050127580      0.068523683      0.015398041 
     0.013383344 
    0.0055068685     0.0043431529      0.059370277      0.013341168 
     0.011595595 
    0.0056291756     0.0044396140      0.060688886      0.013637474 
     0.011853132 
    0.0066735938     0.0052633249      0.071948896      0.016167725 
     0.014052322 
     0.018753254      0.014790302       0.20218131      0.045432412 
     0.039487984 
      0.13490223       0.10639459        1.4543988       0.32681974 
      0.28405828 
      0.26364586       0.20793202        2.8424009       0.63871941 
      0.55514865 
      0.16831282       0.13274483        1.8146027       0.40776162 
      0.35440963 
      0.22019869       0.17366614        2.3739912       0.53346249 
      0.46366366 
      0.23477575       0.18516276        2.5311484       0.56877748 
      0.49435799 
      0.28862492       0.22763249        3.1117034       0.69923472 
      0.60774607 
      0.33683679       0.26565619        3.6314820       0.81603480 
      0.70926389 
      0.35383390       0.27906145        3.8147300       0.85721269 
      0.74505402 
      0.44606212       0.18970458        5.1925220        1.0138941 
      0.85879776 
      0.38752128       0.22105087        4.3978207       0.33566984 
      0.77231354 
      0.37349900       0.16844072        5.5420660       0.29477127 
      0.50166042 
      0.15279624       0.19260031        3.7171859       0.45325272 
      0.62530899 
      0.32510706       0.27344276        4.9736340       0.83796975 
      0.53554458 
       1.6328415        2.1049362        0.0000000        7.0770902 
       4.0019776 
      0.62495360        1.0049365       0.86574865        1.1232462 
      0.93116695 
      0.57021020       0.51814201       0.59687927        2.3570381 
       1.6014144 
      0.76204597       0.36241969       0.28111642        1.8878897 
       1.5599205 
      0.47516705       0.31409348       0.65369027        3.5986522 
       4.3973087 
      0.27433597       0.38991914       0.45676242        1.7602064 
       1.6390530 
      0.41491563       0.24065106       0.49623909        1.5932760 
       1.1401881 
       1.1077490       0.19237320       0.45047391        1.1446205 
       1.3482155 
       1.5497790       0.34075478       0.38007264        1.6300529 
      0.92396970 
      0.53026381       0.24589954       0.42998076        1.1539420 
       1.0151942 
       1.1398206       0.32765098       0.31373530       0.50602468 
       1.3460256 
      0.67656532       0.17840465       0.40484132       0.89065090 
       1.4244925 
      0.58766224      0.085243314       0.18211072       0.62253451 
       2.3403164 
      0.81910559       0.14845475       0.10287654       0.59251676 
       2.6591631 
      0.76635009       0.21390431      0.069055722        1.3777459 
       3.2085647 
      0.52055191       0.26317866      0.087081175        2.1557429 
       1.4358718 
      0.95037599      0.078266258      0.080502437        1.5004760 
       6.5184612 
      0.49867341       0.20501018       0.13852039        1.4738570 
       4.1777751 
      0.19471306       0.23944444       0.16313797        1.6840048 
       9.2909703 
     0.049222733       0.14766820       0.34455913        1.3755019 
       5.7782020 
     0.049047053       0.18176261       0.27408647       0.54528782 
       8.8948273 
       0.0000000        1.4844736       0.16595788        19.059021 
       11.904537 
       0.0000000       0.58847266       0.93944515        17.742583 
       23.021684 
       0.0000000       0.42815366        2.9566838        31.962075 
       20.609271 
       0.0000000      0.019681498        16.183980        34.307166 
       39.375731 
       0.0000000       0.12394358      0.040828475        0.0000000 
       45.570410 
       3.5383118        2.4436916        3.7255495        7.0846253 
       1.9107844 
       10.757793       0.51571532        2.4543427        8.9592897 
       2.5150150 
       10.447250        1.3502827        3.4012861        19.435699 
       10.909230 
       13.445848       0.53201251        1.3890539        70.093052 
       11.731765 
       7.9384354       0.16342381        1.0523503        8.2925204 
       21.350330 
       4.0519688       0.90341908        4.1342604        22.957578 
       21.513897 
       5.4264945        1.2793363        3.9149401        22.711781 
       18.419309 
       5.6696396        1.2437482        4.2428575        24.220012 
       9.4052948 
       2.5686671       0.36009352        2.3334060        1.2547259 
       43.230428 
       5.2542329       0.45282206        2.8198465      0.076717787 
       15.946073 
       10.373093        1.0253738        2.6276333        4.8375217 
       26.985233 
       11.343226        2.4210332        5.0394035        1.0561186 
       19.726396 
       5.6031692        3.4044332        10.870262        12.581023 
       10.076591 
       4.5227811        1.7808450        10.089571        20.231907 
       33.530768 
