
       0.0000000        0.0000000        0.0000000        0.0000000 
       0.0000000 
       0.0000000        0.0000000        0.0000000        0.0000000 
       0.0000000 
       0.0000000        0.0000000        0.0000000        0.0000000 
       0.0000000 
       0.0000000        0.0000000        0.0000000        0.0000000 
       0.0000000 
       0.0000000        0.0000000        0.0000000        0.0000000 
       0.0000000 
       0.0000000        0.0000000        0.0000000        0.0000000 
       0.0000000 
       0.0000000        0.0000000        0.0000000        0.0000000 
       0.0000000 
       0.0000000        0.0000000        0.0000000        0.0000000 
       0.0000000 
       0.0000000        0.0000000        0.0000000        0.0000000 
       0.0000000 
       0.0000000        0.0000000        0.0000000        0.0000000 
       0.0000000 
       0.0000000        0.0000000        0.0000000        0.0000000 
       0.0000000 
       0.0000000        0.0000000        0.0000000        0.0000000 
       0.0000000 
       0.0000000        0.0000000        0.0000000        0.0000000 
       0.0000000 
       0.0000000        0.0000000        0.0000000        0.0000000 
       0.0000000 
       0.0000000        0.0000000        0.0000000        0.0000000 
       0.0000000 
       0.0000000        0.0000000        0.0000000        0.0000000 
       0.0000000 
       0.0000000        0.0000000        0.0000000        0.0000000 
       0.0000000 
       0.0000000        0.0000000        0.0000000        0.0000000 
       0.0000000 
       0.0000000        0.0000000        0.0000000        0.0000000 
       0.0000000 
       0.0000000        0.0000000        0.0000000        0.0000000 
       0.0000000 
       0.0000000        0.0000000        0.0000000        0.0000000 
       0.0000000 
       0.0000000        0.0000000        0.0000000        0.0000000 
       0.0000000 
       0.0000000        0.0000000        0.0000000        0.0000000 
       0.0000000 
       0.0000000        0.0000000        0.0000000        0.0000000 
       0.0000000 
       0.0000000        0.0000000        0.0000000        0.0000000 
       0.0000000 
       0.0000000        0.0000000        0.0000000        0.0000000 
       0.0000000 
       0.0000000        0.0000000        0.0000000        0.0000000 
       0.0000000 
       0.0000000        0.0000000        0.0000000        0.0000000 
       0.0000000 
       0.0000000        0.0000000        0.0000000        0.0000000 
       0.0000000 
   1.8095923e-05    1.5079936e-05    0.00028199480    4.8255795e-05 
   3.0159872e-05 
   1.7148330e-05    1.4290275e-05    0.00026722814    4.5728879e-05 
   2.8580550e-05 
   1.6208896e-05    1.3507413e-05    0.00025258863    4.3223722e-05 
   2.7014827e-05 
   1.4566061e-05    1.2138384e-05    0.00022698778    3.8842829e-05 
   2.4276768e-05 
   1.4354522e-05    1.1962102e-05    0.00022369131    3.8278727e-05 
   2.3924204e-05 
   1.2184231e-05    1.0153526e-05    0.00018987093    3.2491282e-05 
   2.0307051e-05 
   1.1715469e-05    9.7628907e-06    0.00018256606    3.1241250e-05 
   1.9525781e-05 
   1.1148962e-05    9.2908020e-06    0.00017373800    2.9730566e-05 
   1.8581604e-05 
   7.2587738e-06    6.0489782e-06    0.00011311589    1.9356730e-05 
   1.2097956e-05 
   1.0474014e-05    8.7283452e-06    0.00016322006    2.7930705e-05 
   1.7456690e-05 
   1.2214748e-05    1.0178956e-05    0.00019034649    3.2572661e-05 
   2.0357913e-05 
   1.3440583e-05    1.1200486e-05    0.00020944908    3.5841554e-05 
   2.2400971e-05 
   1.2468382e-05    1.0390318e-05    0.00019429895    3.3249018e-05 
   2.0780636e-05 
   1.1652849e-05    9.7107074e-06    0.00018159023    3.1074264e-05 
   1.9421415e-05 
   1.1710268e-05    9.7585570e-06    0.00018248502    3.1227382e-05 
   1.9517114e-05 
   1.3661107e-05    1.1384256e-05    0.00021288558    3.6429619e-05 
   2.2768512e-05 
   1.5899565e-05    1.3249637e-05    0.00024776822    4.2398840e-05 
   2.6499275e-05 
   2.1368845e-05    1.7807371e-05    0.00033299783    5.6983586e-05 
   3.5614741e-05 
   1.6029792e-05    1.3358160e-05    0.00024979759    4.2746112e-05 
   2.6716320e-05 
   2.4718674e-05    2.0598895e-05    0.00038519933    6.5916463e-05 
   4.1197789e-05 
   2.8048680e-05    2.3373900e-05    0.00043709194    7.4796481e-05 
   4.6747801e-05 
   3.0125444e-05    2.5104537e-05    0.00046945484    8.0334518e-05 
   5.0209074e-05 
   2.9092890e-05    2.4244075e-05    0.00045336421    7.7581041e-05 
   4.8488150e-05 
   2.5490607e-05    2.1242172e-05    0.00039722862    6.7974951e-05 
   4.2484344e-05 
   2.7198043e-05    2.2665035e-05    0.00042383616    7.2528113e-05 
   4.5330071e-05 
   2.5476119e-05    2.1230099e-05    0.00039700285    6.7936317e-05 
   4.2460198e-05 
   2.6359805e-05    2.1966504e-05    0.00041077363    7.0292813e-05 
   4.3933008e-05 
   3.3911427e-05    2.8259523e-05    0.00052845308    9.0430473e-05 
   5.6519046e-05 
   2.6010606e-05    2.1675505e-05    0.00040533195    6.9361617e-05 
   4.3351010e-05 
   7.9602508e-05    6.6335423e-05     0.0012404724    0.00021227335 
   0.00013267085 
   0.00013526702    0.00011272252     0.0021079111    0.00036071207 
   0.00022544504 
   0.00016175046    0.00013479205     0.0025206114    0.00043133456 
   0.00026958410 
   0.00017164805    0.00014304005     0.0026748488    0.00045772814 
   0.00028608009 
   0.00015075873    0.00012563228     0.0023493236    0.00040202328 
   0.00025126455 
   0.00014958923    0.00012465770     0.0023310989    0.00039890462 
   0.00024931539 
   0.00015913344    0.00013261120     0.0024798294    0.00042435584 
   0.00026522240 
   0.00020460229    0.00017050191     0.0031883858    0.00054560612 
   0.00034100382 
   0.00021136574    0.00017613812     0.0032937828    0.00056364198 
   0.00035227624 
   0.00012430650    0.00010358875     0.0019371097    0.00033148400 
   0.00020717750 
   0.00017973408    0.00014977840     0.0028008561    0.00047929088 
   0.00029955680 
   0.00021307949    0.00017756624     0.0033204888    0.00056821198 
   0.00035513249 
   0.00018492388    0.00015410323     0.0028817304    0.00049313034 
   0.00030820646 
   0.00015627038    0.00013022532     0.0024352135    0.00041672103 
   0.00026045064 
   0.00015257949    0.00012714957     0.0023776970    0.00040687863 
   0.00025429915 
   0.00015827750    0.00013189792     0.0024664910    0.00042207333 
   0.00026379583 
   0.00014657999    0.00012214999     0.0022842048    0.00039087996 
   0.00024429998 
   0.00016443497    0.00013702915     0.0025624450    0.00043849326 
   0.00027405829 
   0.00018024156    0.00015020130     0.0028087643    0.00048064416 
   0.00030040260 
   0.00011069630    9.2246917e-05     0.0017250174    0.00029519014 
   0.00018449383 
   0.00020068212    0.00016723510     0.0031272963    0.00053515231 
   0.00033447019 
   0.00028455839    0.00023713199     0.0044343682    0.00075882237 
   0.00047426398 
   0.00028781386    0.00023984488     0.0044850993    0.00076750362 
   0.00047968976 
   0.00024936763    0.00020780636     0.0038859789    0.00066498035 
   0.00041561272 
   0.00025490607    0.00021242172     0.0039722862    0.00067974951 
   0.00042484344 
   0.00030220047    0.00025183373     0.0047092907    0.00080586793 
   0.00050366745 
   0.00084920396    0.00070766996      0.013233428     0.0022645439 
    0.0014153399 
    0.0061087802     0.0050906502      0.095195158      0.016290081 
     0.010181300 
     0.011938681     0.0099489005       0.18604444      0.031836482 
     0.019897801 
    0.0076217125     0.0063514271       0.11877169      0.020324567 
     0.012702854 
    0.0099712616     0.0083093846       0.15538549      0.026590031 
     0.016618769 
     0.010631355     0.0088594622       0.16567194      0.028350279 
     0.017718924 
     0.013069808      0.010891507       0.20367117      0.034852821 
     0.021783013 
     0.015252987      0.012710822       0.23769238      0.040674632 
     0.025421645 
     0.016022667      0.013352223       0.24968656      0.042727112 
     0.026704445 
       0.0000000        0.0000000        0.0000000        0.0000000 
       0.0000000 
       0.0000000        0.0000000        0.0000000        0.0000000 
       0.0000000 
       0.0000000        0.0000000        0.0000000        0.0000000 
       0.0000000 
       0.0000000        0.0000000        0.0000000        0.0000000 
       0.0000000 
     0.091987657      0.078126503        1.4163579       0.23941993 
      0.15247269 
       0.0000000        0.0000000        0.0000000        0.0000000 
       0.0000000 
    0.0069593943     0.0055675154        4.2410549     0.0027837577 
    0.0013918789 
     0.097786604        0.0000000       0.58671962        0.0000000 
     0.066037707 
     0.070279104        0.0000000      0.020670325        0.0000000 
     0.059254931 
       0.0000000        0.0000000      0.085905908        0.0000000 
    0.0013422798 
     0.013925684        0.0000000        1.2171047      0.012533115 
       0.0000000 
     0.054768863       0.52445335        4.6968449       0.30869723 
       0.0000000 
    0.0080155500       0.33825621        3.3697372      0.048093300 
     0.094583489 
      0.12286831        0.0000000        2.9783279       0.21133350 
       0.0000000 
     0.031596030       0.15798015        3.2324113       0.34206137 
    0.0027474809 
      0.84000097       0.79825393        11.928267        1.9418697 
       3.8204863 
     0.048032021     0.0027446869        1.2625560      0.020585152 
     0.035680930 
     0.021956611     0.0012915654        10.464263      0.040038526 
       0.0000000 
     0.013022346      0.015626816        8.5153123      0.045578212 
     0.010417877 
       0.0000000        0.0000000        21.806450        0.0000000 
    0.0016842859 
       0.0000000        0.0000000        10.925785        0.0000000 
    0.0019351372 
       0.0000000        0.0000000        1.8918073        0.0000000 
       0.0000000 
     0.022163263     0.0055408157        2.4324181       0.33798976 
      0.11081631 
      0.22365689      0.021050060        6.7518068       0.28680707 
      0.30259462 
      0.21329851       0.10664926        10.137148       0.51136951 
      0.80944050 
      0.21349894       0.13271556        8.0841084       0.20195845 
       1.2463722 
      0.22476185       0.16726463        10.678801       0.43122913 
      0.22214834 
      0.35361138       0.16097234        9.2968125       0.48291703 
      0.30743079 
      0.25042950      0.067319758        14.297370       0.47258470 
      0.30024612 
      0.47814462        1.7111326        16.586872       0.44804351 
      0.77452482 
      0.41265923       0.10644567        23.743216        0.0000000 
      0.50306514 
      0.59211912       0.20804185        16.640148       0.73134713 
       1.2290473 
       5.6107515       0.21379795        25.610972       0.41459467 
       1.0733235 
       8.4892629        1.2696688        30.769702        1.2107586 
      0.95031376 
       2.4466107        2.1636253        28.238706        4.9190944 
       1.1578145 
       1.6998552       0.31322897        22.704767        6.4180988 
       1.7196642 
       3.3632235       0.48659404        45.571679        7.6978462 
       4.4705827 
      0.65391467       0.49435379        50.445457        6.3040793 
       7.8925649 
       3.4644122        1.8788537        10.664480        9.4229366 
       6.5870142 
      0.32808521       0.30407898        8.7894828       0.44331514 
      0.52813717 
      0.79898769       0.23576686        11.419723       0.49211654 
      0.40604292 
      0.63837202       0.30381445        4.2805286        1.3201461 
     0.045210483 
      0.14982998        0.0000000        1.4051129       0.61028309 
       0.0000000 
      0.21645588      0.053164601      0.070253223       0.55253211 
       0.0000000 
      0.13945242      0.099878082        8.9211856       0.49562142 
       0.0000000 
