
       0.0000000        0.0000000        0.0000000        0.0000000 
       0.0000000 
       0.0000000        0.0000000        0.0000000        0.0000000 
       0.0000000 
       0.0000000        0.0000000        0.0000000        0.0000000 
       0.0000000 
       0.0000000        0.0000000        0.0000000        0.0000000 
       0.0000000 
       0.0000000        0.0000000        0.0000000        0.0000000 
       0.0000000 
       0.0000000        0.0000000        0.0000000        0.0000000 
       0.0000000 
       0.0000000        0.0000000        0.0000000        0.0000000 
       0.0000000 
       0.0000000        0.0000000        0.0000000        0.0000000 
       0.0000000 
       0.0000000        0.0000000        0.0000000        0.0000000 
       0.0000000 
       0.0000000        0.0000000        0.0000000        0.0000000 
       0.0000000 
       0.0000000        0.0000000        0.0000000        0.0000000 
       0.0000000 
       0.0000000        0.0000000        0.0000000        0.0000000 
       0.0000000 
       0.0000000        0.0000000        0.0000000        0.0000000 
       0.0000000 
       0.0000000        0.0000000        0.0000000        0.0000000 
       0.0000000 
       0.0000000        0.0000000        0.0000000        0.0000000 
       0.0000000 
       0.0000000        0.0000000        0.0000000        0.0000000 
       0.0000000 
       0.0000000        0.0000000        0.0000000        0.0000000 
       0.0000000 
       0.0000000        0.0000000        0.0000000        0.0000000 
       0.0000000 
       0.0000000        0.0000000        0.0000000        0.0000000 
       0.0000000 
       0.0000000        0.0000000        0.0000000        0.0000000 
       0.0000000 
       0.0000000        0.0000000        0.0000000        0.0000000 
       0.0000000 
       0.0000000        0.0000000        0.0000000        0.0000000 
       0.0000000 
       0.0000000        0.0000000        0.0000000        0.0000000 
       0.0000000 
       0.0000000        0.0000000        0.0000000        0.0000000 
       0.0000000 
       0.0000000        0.0000000        0.0000000        0.0000000 
       0.0000000 
       0.0000000        0.0000000        0.0000000        0.0000000 
       0.0000000 
       0.0000000        0.0000000        0.0000000        0.0000000 
       0.0000000 
       0.0000000        0.0000000        0.0000000        0.0000000 
       0.0000000 
       0.0000000        0.0000000        0.0000000        0.0000000 
       0.0000000 
   0.00047652597    0.00035890247     0.0055871162    0.00089574819 
    0.0010148797 
   0.00045157268    0.00034010854     0.0052945468    0.00084884232 
   0.00096173549 
   0.00042683426    0.00032147644     0.0050044966    0.00080234035 
   0.00090904891 
   0.00038357294    0.00028889354     0.0044972713    0.00072102002 
   0.00081691325 
   0.00037800242    0.00028469803     0.0044319588    0.00071054886 
   0.00080504947 
   0.00032085141    0.00024165391     0.0037618812    0.00060311942 
   0.00068333227 
   0.00030850735    0.00023235680     0.0036171510    0.00057991571 
   0.00065704255 
   0.00029358934    0.00022112109     0.0034422421    0.00055187364 
   0.00062527097 
   0.00019114771    0.00014396568     0.0022411464    0.00035930930 
   0.00040709623 
   0.00027581571    0.00020773462     0.0032338519    0.00051846371 
   0.00058741763 
   0.00032165502    0.00024225916     0.0037713034    0.00060463001 
   0.00068504377 
   0.00035393535    0.00026657156     0.0041497800    0.00066530885 
   0.00075379269 
   0.00032833405    0.00024728957     0.0038496129    0.00061718490 
   0.00069926841 
   0.00030685835    0.00023111484     0.0035978171    0.00057681602 
   0.00065353061 
   0.00030837040    0.00023225366     0.0036155454    0.00057965829 
   0.00065675089 
   0.00035974248    0.00027094529     0.0042178668    0.00067622480 
   0.00076616042 
   0.00041868854    0.00031534137     0.0049089907    0.00078702847 
   0.00089170060 
   0.00056271291    0.00042381542     0.0065976308     0.0010577578 
    0.0011984360 
   0.00042211786    0.00031792421     0.0049491983    0.00079347470 
   0.00089900417 
   0.00065092507    0.00049025369     0.0076318905     0.0012235743 
    0.0013863056 
   0.00073861525    0.00055629883     0.0086600301     0.0013884097 
    0.0015730635 
   0.00079330337    0.00059748798     0.0093012309     0.0014912095 
    0.0016895353 
   0.00076611278    0.00057700899     0.0089824299     0.0014400981 
    0.0016316263 
   0.00067125264    0.00050556370     0.0078702248     0.0012617850 
    0.0014295982 
   0.00071621512    0.00053942784     0.0083973956     0.0013463031 
    0.0015253569 
   0.00067087113    0.00050527636     0.0078657517     0.0012610679 
    0.0014287857 
   0.00069414153    0.00052280280     0.0081385898     0.0013048103 
    0.0014783457 
   0.00089300092    0.00067257664      0.010470153     0.0016786157 
    0.0019018659 
   0.00068494596    0.00051587702     0.0080307747     0.0012875250 
    0.0014587615 
    0.0020961994     0.0015787831      0.024577274     0.0039403241 
    0.0044643740 
    0.0035620317     0.0026827960      0.041763694     0.0066957177 
    0.0075862256 
    0.0042594288     0.0032080508      0.049940455     0.0080066479 
    0.0090715051 
    0.0045200654     0.0034043531      0.052996337     0.0084965787 
    0.0096265950 
    0.0039699799     0.0029900482      0.046546758     0.0074625572 
    0.0084550522 
    0.0039391832     0.0029668531      0.046185676     0.0074046671 
    0.0083894629 
    0.0041905139     0.0031561466      0.049132449     0.0078771053 
    0.0089247337 
    0.0053878604     0.0040579455      0.063170959      0.010127814 
     0.011474779 
    0.0055659646     0.0041920872      0.065259173      0.010462604 
     0.011854095 
    0.0032734045     0.0024654123      0.038379632     0.0061531718 
    0.0069715230 
    0.0047329975     0.0035647259      0.055492898     0.0088968370 
     0.010080086 
    0.0056110933     0.0042260766      0.065788293      0.010547435 
     0.011950208 
    0.0048696621     0.0036676569      0.057095247     0.0091537319 
     0.010371147 
    0.0041151201     0.0030993626      0.048248481     0.0077353840 
    0.0087641641 
    0.0040179265     0.0030261598      0.047108917     0.0075526846 
    0.0085571663 
    0.0041679741     0.0031391704      0.048868178     0.0078347362 
    0.0088767297 
    0.0038599396     0.0029071697      0.045256571     0.0072557093 
    0.0082206942 
    0.0043301210     0.0032612937      0.050769298     0.0081395312 
    0.0092220615 
    0.0047463610     0.0035747909      0.055649581     0.0089219571 
     0.010108547 
    0.0029150026     0.0021954766      0.034177483     0.0054794669 
    0.0062082175 
    0.0052846290     0.0039801953      0.061960603     0.0099337647 
     0.011254922 
    0.0074933709     0.0056437414      0.087857402      0.014085640 
     0.015958983 
    0.0075790982     0.0057083082      0.088862529      0.014246786 
     0.016141561 
    0.0065666809     0.0049457913      0.076992256      0.012343698 
     0.013985368 
    0.0067125264     0.0050556370      0.078702248      0.012617850 
     0.014295982 
    0.0079579458     0.0059936427      0.093304396      0.014958923 
     0.016948410 
     0.022362371      0.016842545       0.26219172      0.042035596 
     0.047626189 
      0.16086455       0.12115747        1.8860859       0.30238462 
      0.34260076 
      0.31438526       0.23678383        3.6860676       0.59096469 
      0.66956100 
      0.20070510       0.15116397        2.3532037       0.37727477 
      0.42745105 
      0.26257655       0.19776335        3.0786270       0.49357745 
      0.55922159 
      0.27995901       0.21085520        3.2824308       0.52625206 
      0.59624181 
      0.34417161       0.25921786        4.0353032       0.64695549 
      0.73299839 
      0.40166199       0.30251757        4.7093597       0.75502285 
      0.85543835 
      0.42193023       0.31778290        4.9469985       0.79312202 
      0.89860458 
      0.41914458       0.17816849        4.8772022       0.95236826 
      0.80752625 
      0.53898206       0.30837961        6.1143763       0.46666295 
       1.0738706 
     0.087882117      0.040279304        1.2944303      0.069573343 
      0.11717616 
      0.36208857       0.45453672        8.7851419        1.0708577 
       1.4778863 
      0.52672384       0.44229682        8.0608910        1.3583931 
      0.86695216 
       1.8407364        1.4552646        0.0000000        2.2911755 
       3.0967683 
      0.70985821       0.51221142        12.362668       0.82955980 
      0.84347858 
      0.53211152       0.93849741        11.809320       0.80515204 
       1.0566033 
      0.36379772       0.84610529        12.596496       0.52502625 
       1.1892327 
       2.0040238       0.68187814        11.134211       0.68456270 
       1.6080512 
       3.0399767       0.54727937        20.193634       0.56816789 
       3.3059573 
       3.3508586        1.1136335        32.257200        1.3028351 
       3.9217825 
      0.70376529        1.2392040        24.343225        1.9445724 
       4.6233692 
       1.0157114       0.77488949        21.700182        1.5825439 
       1.6185852 
      0.85171908       0.65390045        18.306465        1.2253765 
       1.5303469 
       1.8166286       0.69704900        21.299844       0.93741072 
       1.5522307 
       1.3695988        1.2488325        20.409492        1.8581530 
       1.8855999 
       2.2473237       0.77493922        17.979881        2.1892033 
       2.1297913 
       2.5523799        1.2410296        12.778828        1.5314279 
       1.9572587 
       2.0043002        1.4114316        20.859881        2.6813832 
       3.2203547 
       1.7145316       0.66181693        21.594196        3.3400469 
       4.4972589 
       2.7795703       0.58811503        28.994294        2.9137410 
       4.8144930 
       4.3661628       0.59840810        23.315753        4.7069230 
       5.3718208 
       7.1701768       0.75780217        29.225377        2.3918131 
       8.2963550 
       5.1957329        1.8677293        31.242763        2.3626912 
       6.7927372 
       5.1787918        2.3023264        24.913018       0.93766425 
       10.455678 
       11.163607        4.6611948        133.33866        15.735943 
       17.060992 
       10.054174        5.3173651        130.56836        9.2163263 
       11.682370 
       8.3584212        10.384746        109.96413        8.5926940 
       9.0329652 
       5.3707334        3.2601822        50.520089        3.1629325 
       14.998459 
       4.6004942        2.8273719        64.909984        0.0000000 
       5.0612727 
       21.501926        14.567731        54.892643        16.585737 
       10.789371 
       27.340135        10.886360        134.24922        31.650764 
       9.9444937 
       22.289741        7.2040914        160.97199        31.197576 
       7.0320118 
       35.618965        9.8592105        166.42127        20.179283 
       8.9471891 
       20.801870        5.8733527        176.33801        26.456087 
       18.199470 
       18.576443        16.717725        465.12666        10.572687 
       17.774994 
       15.571432        8.3085629        682.21251        28.993066 
       11.974189 
       30.639429        18.104917        438.18750        46.766257 
       43.817868 
       26.065970        14.669410        247.48988        23.655744 
       22.815526 
       60.109322        13.322699        451.75737        33.121501 
       55.654077 
       41.740127        17.424120        259.88071        41.241003 
       48.188950 
       28.016379        12.943849        106.71184        34.829989 
       48.371330 
       29.671544        21.216473        111.43870        30.271544 
       60.001949 
       34.054657        24.458823        519.03435        27.538083 
       27.647384 
