
       0.0000000        0.0000000        0.0000000        0.0000000 
       0.0000000 
       0.0000000        0.0000000        0.0000000        0.0000000 
       0.0000000 
       0.0000000        0.0000000        0.0000000        0.0000000 
       0.0000000 
       0.0000000        0.0000000        0.0000000        0.0000000 
       0.0000000 
       0.0000000        0.0000000        0.0000000        0.0000000 
       0.0000000 
       0.0000000        0.0000000        0.0000000        0.0000000 
       0.0000000 
       0.0000000        0.0000000        0.0000000        0.0000000 
       0.0000000 
       0.0000000        0.0000000        0.0000000        0.0000000 
       0.0000000 
       0.0000000        0.0000000        0.0000000        0.0000000 
       0.0000000 
       0.0000000        0.0000000        0.0000000        0.0000000 
       0.0000000 
       0.0000000        0.0000000        0.0000000        0.0000000 
       0.0000000 
       0.0000000        0.0000000        0.0000000        0.0000000 
       0.0000000 
       0.0000000        0.0000000        0.0000000        0.0000000 
       0.0000000 
       0.0000000        0.0000000        0.0000000        0.0000000 
       0.0000000 
       0.0000000        0.0000000        0.0000000        0.0000000 
       0.0000000 
       0.0000000        0.0000000        0.0000000        0.0000000 
       0.0000000 
       0.0000000        0.0000000        0.0000000        0.0000000 
       0.0000000 
       0.0000000        0.0000000        0.0000000        0.0000000 
       0.0000000 
       0.0000000        0.0000000        0.0000000        0.0000000 
       0.0000000 
       0.0000000        0.0000000        0.0000000        0.0000000 
       0.0000000 
       0.0000000        0.0000000        0.0000000        0.0000000 
       0.0000000 
       0.0000000        0.0000000        0.0000000        0.0000000 
       0.0000000 
       0.0000000        0.0000000        0.0000000        0.0000000 
       0.0000000 
       0.0000000        0.0000000        0.0000000        0.0000000 
       0.0000000 
       0.0000000        0.0000000        0.0000000        0.0000000 
       0.0000000 
       0.0000000        0.0000000        0.0000000        0.0000000 
       0.0000000 
       0.0000000        0.0000000        0.0000000        0.0000000 
       0.0000000 
       0.0000000        0.0000000        0.0000000        0.0000000 
       0.0000000 
       0.0000000        0.0000000        0.0000000        0.0000000 
       0.0000000 
   0.00010405156    6.7859711e-05     0.0012802866    0.00022469104 
   0.00019754716 
   9.8602896e-05    6.4306237e-05     0.0012132443    0.00021292509 
   0.00018720260 
   9.3201152e-05    6.0783360e-05     0.0011467794    0.00020126046 
   0.00017694711 
   8.3754851e-05    5.4622729e-05     0.0010305488    0.00018086192 
   0.00015901283 
   8.2538504e-05    5.3829459e-05     0.0010155825    0.00017823532 
   0.00015670354 
   7.0059326e-05    4.5690865e-05    0.00086203432    0.00015128753 
   0.00013301118 
   6.7363946e-05    4.3933008e-05    0.00082886942    0.00014546707 
   0.00012789387 
   6.4106534e-05    4.1808609e-05    0.00078878909    0.00013843295 
   0.00012170951 
   4.1737949e-05    2.7220402e-05    0.00051355825    9.0129774e-05 
   7.9241614e-05 
   6.0225582e-05    3.9277554e-05    0.00074103651    0.00013005234 
   0.00011434132 
   7.0234799e-05    4.5805304e-05    0.00086419340    0.00015166645 
   0.00013334433 
   7.7283351e-05    5.0402186e-05    0.00095092124    0.00016688724 
   0.00014672636 
   7.1693195e-05    4.6756432e-05    0.00088213801    0.00015481574 
   0.00013611317 
   6.7003881e-05    4.3698183e-05    0.00082443905    0.00014468954 
   0.00012721027 
   6.7334043e-05    4.3913506e-05    0.00082850149    0.00014540250 
   0.00012783710 
   7.8551365e-05    5.1229151e-05    0.00096652332    0.00016962541 
   0.00014913375 
   9.1422499e-05    5.9623369e-05     0.0011248942    0.00019741960 
   0.00017357025 
   0.00012287086    8.0133168e-05     0.0015118458    0.00026532982 
   0.00023327656 
   9.2171304e-05    6.0111720e-05     0.0011341078    0.00019903658 
   0.00017499190 
   0.00014213237    9.2695026e-05     0.0017488462    0.00030692353 
   0.00026984552 
   0.00016127991    0.00010518255     0.0019844441    0.00034827111 
   0.00030619809 
   0.00017322131    0.00011297042     0.0021313752    0.00037405760 
   0.00032886943 
   0.00016728412    0.00010909834     0.0020583220    0.00036123672 
   0.00031759738 
   0.00014657099    9.5589774e-05     0.0018034604    0.00031650836 
   0.00027827245 
   0.00015638874    0.00010199266     0.0019242615    0.00033770903 
   0.00029691196 
   0.00014648768    9.5535446e-05     0.0018024354    0.00031632848 
   0.00027811430 
   0.00015156888    9.8849269e-05     0.0018649562    0.00032730091 
   0.00028776120 
   0.00019499071    0.00012716785     0.0023992335    0.00042106689 
   0.00037019975 
   0.00014956099    9.7539773e-05     0.0018402504    0.00032296503 
   0.00028394912 
   0.00045771442    0.00029850940     0.0056318774    0.00098839780 
   0.00086899404 
   0.00077778539    0.00050725134     0.0095701420     0.0016795656 
    0.0014766650 
   0.00093006515    0.00060656423      0.011443845     0.0020084016 
    0.0017657759 
   0.00098697631    0.00064368020      0.012144100     0.0021312967 
    0.0018738246 
   0.00086686270    0.00056534524      0.010666180     0.0018719209 
    0.0016457828 
   0.00086013810    0.00056095963      0.010583438     0.0018573997 
    0.0016330158 
   0.00091501728    0.00059675040      0.011258691     0.0019759069 
    0.0017372067 
    0.0011764632    0.00076725861      0.014475612     0.0025404785 
    0.0022335751 
    0.0012153530    0.00079262154      0.014954126     0.0026244580 
    0.0023074094 
   0.00071476239    0.00046614938     0.0087946850     0.0015434724 
    0.0013570126 
    0.0010334710    0.00067400281      0.012716186     0.0022316982 
    0.0019620971 
    0.0012252071    0.00079904810      0.015075374     0.0026457370 
    0.0023261178 
    0.0010633123    0.00069346454      0.013083364     0.0022961381 
    0.0020187523 
   0.00089855471    0.00058601394      0.011056130     0.0019403573 
    0.0017059517 
   0.00087733205    0.00057217308      0.010794999     0.0018945286 
    0.0016656594 
   0.00091009561    0.00059354062      0.011198133     0.0019652789 
    0.0017278627 
   0.00084283492    0.00054967495      0.010370534     0.0018200348 
    0.0016001648 
   0.00094550110    0.00061663115      0.011633774     0.0020417343 
    0.0017950818 
    0.0010363890    0.00067590584      0.012752090     0.0022379994 
    0.0019676370 
   0.00063650373    0.00041511113     0.0078317633     0.0013744791 
    0.0012084346 
    0.0011539222    0.00075255793      0.014198260     0.0024918029 
    0.0021907798 
    0.0016362107     0.0010670940      0.020132506     0.0035332667 
    0.0031064291 
    0.0016549297     0.0010793020      0.020362830     0.0035736887 
    0.0031419679 
    0.0014338639    0.00093512861      0.017642760     0.0030963147 
    0.0027222633 
    0.0014657099    0.00095589774      0.018034604     0.0031650836 
    0.0027827245 
    0.0017376527     0.0011332518      0.021380683     0.0037523225 
    0.0032990218 
    0.0048829228     0.0031845148      0.060081180      0.010544282 
    0.0092704765 
     0.035125486      0.022907926       0.43219620      0.075850687 
     0.066687517 
     0.068647414      0.044770052       0.84466165       0.14823862 
      0.13033060 
     0.043824847      0.028581422       0.53923616      0.094636264 
     0.083203695 
     0.057334754      0.037392231       0.70546676       0.12380983 
      0.10885294 
     0.061130290      0.039867580       0.75216834       0.13200599 
      0.11605896 
     0.075151395      0.049011780       0.92468891       0.16228345 
      0.14267874 
     0.087704675      0.057198701        1.0791488       0.18939125 
      0.16651177 
     0.092130336      0.060085002        1.1336037       0.19894812 
      0.17491412 
      0.12817877      0.055116871        1.4971280       0.29224759 
      0.24738503 
      0.13918018      0.079141670        1.5746463       0.12007702 
      0.27699584 
      0.10069826      0.045771936        1.4903342      0.078727730 
      0.13548493 
     0.043656069      0.053928086        1.0438937       0.12711620 
      0.17590828 
     0.094507867      0.079386608        1.4390398       0.24320024 
      0.15499290 
      0.19490150       0.15592120        0.0000000        1.0394747 
      0.23388181 
      0.13083661      0.020878183        1.8915634      0.082120852 
      0.13501225 
     0.045718412      0.022859206        1.3436133      0.086357001 
    0.0038098677 
    0.0082681299      0.011024173        1.5034216      0.026182411 
       0.0000000 
     0.028187876      0.026845596        1.3946287        0.0000000 
       0.0000000 
     0.015318252      0.030636504        2.8046327       0.69628418 
       0.0000000 
       0.0000000        0.0000000        4.7582524       0.11617638 
       0.0000000 
      0.19878564       0.14267679        5.7856240       0.21962607 
      0.16031100 
      0.19003632       0.10320938        6.2777516       0.28341624 
      0.10320938 
      0.38052610       0.34480885        4.1033627       0.50141526 
      0.12501038 
      0.15054234      0.031626542        5.3157893        1.2334352 
     0.069578393 
     0.094691698       0.13037263        11.114610       0.52149051 
      0.55305441 
       12.706420       0.10203366        26.014710       0.33709856 
      0.47658762 
       14.674882      0.020835754        25.888425       0.21096201 
      0.30862961 
       24.435620        1.8038702        35.130835       0.90109296 
      0.76129723 
       32.196813        4.7314105        35.538795       0.46056266 
      0.69277913 
       25.349323        2.6118569        38.243130        3.1843186 
       3.6852227 
       28.499186        3.8730302        46.443117        1.0610662 
       10.366866 
       3.8679486      0.097356529        23.560280       0.54467031 
       3.7311232 
       11.206376     0.0054691926        38.166760       0.77662535 
       2.8221034 
       11.171188     0.0057702415        30.435139       0.30870792 
       4.3449919 
       24.671533       0.47304528        22.977979       0.71479494 
       3.6249382 
      0.79694504      0.056736154        24.564116       0.64256993 
       3.4397942 
      0.89535279      0.024235113        33.000146       0.35410193 
       3.3511776 
       2.5574370      0.078725991        72.586521        3.0402125 
       5.8454048 
       10.115255        1.2190216        142.39660        0.0000000 
       7.9265567 
       2.9061847       0.10402093        107.29999        12.685752 
       6.3052685 
       6.2868153        3.7905798        58.775656        11.068378 
       5.3276137 
       6.3855504       0.74102769        310.27667        8.7031997 
      0.85884800 
       2.5096760     0.0097023557        185.88097     0.0016170593 
       2.3609066 
      0.86416530       0.44322518        160.58989        0.0000000 
       0.0000000 
      0.15206064        3.7711038        565.59759        0.0000000 
       0.0000000 
       0.0000000       0.25358782        115.13030        0.0000000 
       0.0000000 
     0.061746367       0.24478024        320.48790       0.46089252 
       1.9251635 
       3.3944816        0.0000000        1161.6105        4.1034658 
       20.227654 
      0.83453983      0.029938649        851.13333        8.2593247 
       3.7760121 
      0.47561428      0.061486257        888.03516        1.9024571 
       61.735819 
       0.0000000       0.10963169        1063.5188        0.0000000 
       553.42627 
       3.1936735       0.64557016        1048.7838        3.0019012 
       859.78553 
      0.60680646        0.0000000        900.49136        16.018183 
       967.30226 
