
       0.0000000        0.0000000        0.0000000        0.0000000 
       0.0000000 
       0.0000000        0.0000000        0.0000000        0.0000000 
       0.0000000 
       0.0000000        0.0000000        0.0000000        0.0000000 
       0.0000000 
       0.0000000        0.0000000        0.0000000        0.0000000 
       0.0000000 
       0.0000000        0.0000000        0.0000000        0.0000000 
       0.0000000 
       0.0000000        0.0000000        0.0000000        0.0000000 
       0.0000000 
       0.0000000        0.0000000        0.0000000        0.0000000 
       0.0000000 
       0.0000000        0.0000000        0.0000000        0.0000000 
       0.0000000 
       0.0000000        0.0000000        0.0000000        0.0000000 
       0.0000000 
       0.0000000        0.0000000        0.0000000        0.0000000 
       0.0000000 
       0.0000000        0.0000000        0.0000000        0.0000000 
       0.0000000 
       0.0000000        0.0000000        0.0000000        0.0000000 
       0.0000000 
       0.0000000        0.0000000        0.0000000        0.0000000 
       0.0000000 
       0.0000000        0.0000000        0.0000000        0.0000000 
       0.0000000 
       0.0000000        0.0000000        0.0000000        0.0000000 
       0.0000000 
       0.0000000        0.0000000        0.0000000        0.0000000 
       0.0000000 
       0.0000000        0.0000000        0.0000000        0.0000000 
       0.0000000 
       0.0000000        0.0000000        0.0000000        0.0000000 
       0.0000000 
       0.0000000        0.0000000        0.0000000        0.0000000 
       0.0000000 
       0.0000000        0.0000000        0.0000000        0.0000000 
       0.0000000 
       0.0000000        0.0000000        0.0000000        0.0000000 
       0.0000000 
       0.0000000        0.0000000        0.0000000        0.0000000 
       0.0000000 
       0.0000000        0.0000000        0.0000000        0.0000000 
       0.0000000 
       0.0000000        0.0000000        0.0000000        0.0000000 
       0.0000000 
       0.0000000        0.0000000        0.0000000        0.0000000 
       0.0000000 
       0.0000000        0.0000000        0.0000000        0.0000000 
       0.0000000 
       0.0000000        0.0000000        0.0000000        0.0000000 
       0.0000000 
       0.0000000        0.0000000        0.0000000        0.0000000 
       0.0000000 
       0.0000000        0.0000000        0.0000000        0.0000000 
       0.0000000 
   4.0715827e-05    2.2619904e-05    0.00040414228    4.5239808e-05 
   5.5795763e-05 
   3.8583742e-05    2.1435412e-05    0.00038297936    4.2870824e-05 
   5.2874017e-05 
   3.6470016e-05    2.0261120e-05    0.00036199868    4.0522240e-05 
   4.9977429e-05 
   3.2773637e-05    1.8207576e-05    0.00032530870    3.6415152e-05 
   4.4912021e-05 
   3.2297676e-05    1.7943153e-05    0.00032058433    3.5886306e-05 
   4.4259778e-05 
   2.7414519e-05    1.5230288e-05    0.00027211449    3.0460577e-05 
   3.7568045e-05 
   2.6359805e-05    1.4644336e-05    0.00026164547    2.9288672e-05 
   3.6122696e-05 
   2.5085165e-05    1.3936203e-05    0.00024899349    2.7872406e-05 
   3.4375967e-05 
   1.6332241e-05    9.0734672e-06    0.00016211261    1.8146934e-05 
   2.2381219e-05 
   2.3566532e-05    1.3092518e-05    0.00023391965    2.6185036e-05 
   3.2294877e-05 
   2.7483182e-05    1.5268435e-05    0.00027279603    3.0536869e-05 
   3.7662139e-05 
   3.0241311e-05    1.6800729e-05    0.00030017302    3.3601457e-05 
   4.1441797e-05 
   2.8053859e-05    1.5585477e-05    0.00027846053    3.1170954e-05 
   3.8444177e-05 
   2.6218910e-05    1.4566061e-05    0.00026024696    2.9132122e-05 
   3.5929617e-05 
   2.6348104e-05    1.4637835e-05    0.00026152933    2.9275671e-05 
   3.6106661e-05 
   3.0737491e-05    1.7076384e-05    0.00030509806    3.4152768e-05 
   4.2121747e-05 
   3.5774021e-05    1.9874456e-05    0.00035509028    3.9748912e-05 
   4.9023659e-05 
   4.8079901e-05    2.6711056e-05    0.00047723753    5.3422112e-05 
   6.5887272e-05 
   3.6067032e-05    2.0037240e-05    0.00035799869    4.0074480e-05 
   4.9425192e-05 
   5.5617016e-05    3.0898342e-05    0.00055205038    6.1796684e-05 
   7.6215910e-05 
   6.3109531e-05    3.5060850e-05    0.00062642053    7.0121701e-05 
   8.6483431e-05 
   6.7782250e-05    3.7656805e-05    0.00067280159    7.5313611e-05 
   9.2886787e-05 
   6.5459003e-05    3.6366113e-05    0.00064974121    7.2732226e-05 
   8.9703078e-05 
   5.7353865e-05    3.1863258e-05    0.00056929021    6.3726516e-05 
   7.8596037e-05 
   6.1195596e-05    3.3997553e-05    0.00060742295    6.7995106e-05 
   8.3860631e-05 
   5.7321268e-05    3.1845149e-05    0.00056896666    6.3690297e-05 
   7.8551367e-05 
   5.9309561e-05    3.2949756e-05    0.00058870231    6.5899512e-05 
   8.1276065e-05 
   7.6300712e-05    4.2389284e-05    0.00075735521    8.4778568e-05 
   0.00010456023 
   5.8523864e-05    3.2513258e-05    0.00058090354    6.5026516e-05 
   8.0199369e-05 
   0.00017910564    9.9503135e-05     0.0017777893    0.00019900627 
   0.00024544107 
   0.00030435081    0.00016908378     0.0030209636    0.00033816756 
   0.00041707333 
   0.00036393854    0.00020218808     0.0036124270    0.00040437615 
   0.00049873059 
   0.00038620812    0.00021456007     0.0038334732    0.00042912014 
   0.00052924817 
   0.00033920714    0.00018844841     0.0033669450    0.00037689683 
   0.00046483942 
   0.00033657578    0.00018698654     0.0033408262    0.00037397309 
   0.00046123347 
   0.00035805024    0.00019891680     0.0035539802    0.00039783360 
   0.00049066144 
   0.00046035516    0.00025575287     0.0045694513    0.00051150574 
   0.00063085708 
   0.00047557292    0.00026420718     0.0047205016    0.00052841436 
   0.00065171104 
   0.00027968963    0.00015538313     0.0027761785    0.00031076625 
   0.00038327838 
   0.00040440168    0.00022466760     0.0040140612    0.00044933520 
   0.00055418008 
   0.00047942886    0.00026634937     0.0047587753    0.00053269873 
   0.00065699510 
   0.00041607872    0.00023115485     0.0041299666    0.00046230969 
   0.00057018196 
   0.00035160837    0.00019533798     0.0034900386    0.00039067596 
   0.00048183369 
   0.00034330385    0.00019072436     0.0034076086    0.00038144872 
   0.00047045342 
   0.00035612437    0.00019784687     0.0035348641    0.00039569375 
   0.00048802229 
   0.00032980497    0.00018322498     0.0032736197    0.00036644997 
   0.00045195496 
   0.00036997869    0.00020554372     0.0036723811    0.00041108744 
   0.00050700784 
   0.00040554351    0.00022530195     0.0040253948    0.00045060390 
   0.00055574481 
   0.00024906668    0.00013837038     0.0024722174    0.00027674075 
   0.00034131359 
   0.00045153476    0.00025085264     0.0044819006    0.00050170529 
   0.00061876986 
   0.00064025637    0.00035569798     0.0063551373    0.00071139597 
   0.00087738836 
   0.00064758118    0.00035976732     0.0064278428    0.00071953464 
   0.00088742606 
   0.00056107717    0.00031170954     0.0055692104    0.00062341908 
   0.00076888353 
   0.00057353865    0.00031863258     0.0056929021    0.00063726516 
   0.00078596037 
   0.00067995106    0.00037775059     0.0067491439    0.00075550118 
   0.00093178479 
    0.0019107089     0.0010615049      0.018965555     0.0021230099 
    0.0026183789 
     0.013744755     0.0076359752       0.13642942      0.015271950 
     0.018835406 
     0.026862031      0.014923351       0.26663053      0.029846702 
     0.036810932 
     0.017148853     0.0095271407       0.17021825      0.019054281 
     0.023500280 
     0.022435339      0.012464077       0.22269151      0.024928154 
     0.030744723 
     0.023920548      0.013289193       0.23743359      0.026578387 
     0.032780010 
     0.029407068      0.016337260       0.29189238      0.032674520 
     0.040298574 
     0.034319221      0.019066234       0.34065004      0.038132467 
     0.047030043 
     0.036051001      0.020028334       0.35783957      0.040056668 
     0.049403224 
     0.028199329      0.011536089       0.32813765      0.064089385 
     0.053835083 
     0.036841812      0.021832185       0.42026956      0.031383766 
     0.073683624 
     0.054926323      0.025632284       0.82206397      0.043941058 
     0.075065975 
     0.019260031      0.024396039       0.46737674      0.056496090 
     0.078324124 
     0.018901573      0.016381364       0.28730392      0.049144091 
     0.031502622 
      0.22088837      0.077960602        0.0000000        0.0000000 
       0.0000000 
      0.23522753     0.0055675154       0.71960137        0.0000000 
     0.013918789 
     0.059687927      0.040638589        1.1010518     0.0012699559 
     0.010159647 
      0.13366810      0.060632953       0.79098443     0.0068901082 
     0.017914281 
     0.060402591     0.0093959587        1.4604004        0.0000000 
     0.049664353 
     0.051525029      0.036206777       0.81883020     0.0041777051 
     0.022281094 
      0.17260490      0.048130213        2.5575399        0.0000000 
      0.20081916 
      0.19878564       0.14267679        5.7856240       0.21962607 
      0.16031100 
     0.022935418      0.044232592        2.1067820        0.0000000 
     0.068806255 
     0.098909312      0.024727328        1.2102653      0.016484885 
     0.071434503 
      0.18975925     0.0088554319        2.1455446     0.0025301234 
      0.23277135 
     0.010978748      0.037053273        2.7131230      0.023329839 
      0.16056418 
       0.0000000      0.087826445        3.6732119     0.0038746961 
      0.22085768 
    0.0065111732       0.11980559        1.2280073        0.0000000 
     0.092458659 
    0.0084214295     0.0033685718       0.36717433        0.0000000 
     0.084214295 
     0.032897333        0.0000000       0.48571944        0.0000000 
     0.011610823 
     0.020125609        0.0000000        1.6100487        0.0000000 
    0.0022361788 
     0.091423459        0.0000000        3.8979639        0.0000000 
     0.099734683 
      0.12366910        0.0000000        4.5915444        0.0000000 
      0.16313797 
    0.0054691926      0.013672981        5.5731072     0.0027345963 
      0.30080559 
    0.0057702415      0.017310725        4.4430860        0.0000000 
      0.46450444 
       63.257392       0.60894780        130.15018       0.35151707 
       1.3655589 
       70.041441        1.1611120        202.64439        5.4809763 
      0.50930594 
       158.14623       0.54125086        173.46551        15.117325 
      0.69473991 
       171.64118       0.76526294        180.29641        20.571796 
      0.37047525 
       226.63741        1.0659148        278.12649        0.0000000 
       1.2685990 
       420.87507        4.7113478        301.33102        34.134867 
       5.7291526 
       373.56424        5.7638771        273.49236        57.439419 
      0.61250223 
       269.66122        3.3811326        255.84679        48.425695 
       2.9315552 
       220.07530        1.9275347        331.54082        15.911863 
       3.5995740 
       197.16959       0.62769600        336.19621        4.3468258 
      0.96692422 
       148.24481        1.3112994        593.02575        7.8212836 
       2.2039848 
       303.81673        16.087156        206.83791        16.514551 
       29.847857 
       15.302073        8.2519609        295.94152        25.701925 
       11.498056 
       303.37479        18.116705        366.33514        3.3224629 
       62.413010 
       281.93038        16.421349        184.36594        15.775797 
       19.894232 
       175.45104        25.706681        194.04339        30.338043 
       44.886776 
       145.02263        25.251833        272.22280        28.454906 
       30.525118 
       109.38047        23.400020        272.81415        24.243058 
       26.183566 
       94.516701        35.402069        146.12163        26.460154 
       26.987811 
