
       0.0000000        0.0000000        0.0000000        0.0000000 
       0.0000000 
       0.0000000        0.0000000        0.0000000        0.0000000 
       0.0000000 
       0.0000000        0.0000000        0.0000000        0.0000000 
       0.0000000 
       0.0000000        0.0000000        0.0000000        0.0000000 
       0.0000000 
       0.0000000        0.0000000        0.0000000        0.0000000 
       0.0000000 
       0.0000000        0.0000000        0.0000000        0.0000000 
       0.0000000 
       0.0000000        0.0000000        0.0000000        0.0000000 
       0.0000000 
       0.0000000        0.0000000        0.0000000        0.0000000 
       0.0000000 
       0.0000000        0.0000000        0.0000000        0.0000000 
       0.0000000 
       0.0000000        0.0000000        0.0000000        0.0000000 
       0.0000000 
       0.0000000        0.0000000        0.0000000        0.0000000 
       0.0000000 
       0.0000000        0.0000000        0.0000000        0.0000000 
       0.0000000 
       0.0000000        0.0000000        0.0000000        0.0000000 
       0.0000000 
       0.0000000        0.0000000        0.0000000        0.0000000 
       0.0000000 
       0.0000000        0.0000000        0.0000000        0.0000000 
       0.0000000 
       0.0000000        0.0000000        0.0000000        0.0000000 
       0.0000000 
       0.0000000        0.0000000        0.0000000        0.0000000 
       0.0000000 
       0.0000000        0.0000000        0.0000000        0.0000000 
       0.0000000 
       0.0000000        0.0000000        0.0000000        0.0000000 
       0.0000000 
       0.0000000        0.0000000        0.0000000        0.0000000 
       0.0000000 
       0.0000000        0.0000000        0.0000000        0.0000000 
       0.0000000 
       0.0000000        0.0000000        0.0000000        0.0000000 
       0.0000000 
       0.0000000        0.0000000        0.0000000        0.0000000 
       0.0000000 
       0.0000000        0.0000000        0.0000000        0.0000000 
       0.0000000 
       0.0000000        0.0000000        0.0000000        0.0000000 
       0.0000000 
       0.0000000        0.0000000        0.0000000        0.0000000 
       0.0000000 
       0.0000000        0.0000000        0.0000000        0.0000000 
       0.0000000 
       0.0000000        0.0000000        0.0000000        0.0000000 
       0.0000000 
       0.0000000        0.0000000        0.0000000        0.0000000 
       0.0000000 
   0.00039057034    0.00037247442     0.0044802489    0.00060470543 
   0.00097717984 
   0.00037011812    0.00035296979     0.0042456406    0.00057304002 
   0.00092600981 
   0.00034984200    0.00033363311     0.0040130525    0.00054164727 
   0.00087528038 
   0.00031438415    0.00029981809     0.0036063139    0.00048674920 
   0.00078656729 
   0.00030981844    0.00029546392     0.0035539405    0.00047968029 
   0.00077514421 
   0.00026297631    0.00025079208     0.0030166124    0.00040715638 
   0.00065794846 
   0.00025285887    0.00024114340     0.0029005548    0.00039149192 
   0.00063263532 
   0.00024063177    0.00022948281     0.0027602973    0.00037256116 
   0.00060204397 
   0.00015666853    0.00014940976     0.0017971514    0.00024256402 
   0.00039197378 
   0.00022606414    0.00021559013     0.0025931914    0.00035000664 
   0.00056559677 
   0.00026363497    0.00025142022     0.0030241680    0.00040817615 
   0.00065959638 
   0.00029009258    0.00027665200     0.0033276643    0.00044913948 
   0.00072579147 
   0.00026910924    0.00025664086     0.0030869635    0.00041665176 
   0.00067329261 
   0.00025150732    0.00023985447     0.0028850512    0.00038939937 
   0.00062925384 
   0.00025274663    0.00024103636     0.0028992673    0.00039131814 
   0.00063235449 
   0.00029485223    0.00028119112     0.0033822624    0.00045650866 
   0.00073769978 
   0.00034316561    0.00032726605     0.0039364673    0.00053131046 
   0.00085857651 
   0.00046121090    0.00043984206     0.0052905698    0.00071407557 
    0.0011539176 
   0.00034597634    0.00032994655     0.0039687093    0.00053566222 
   0.00086560877 
   0.00053351137    0.00050879270     0.0061199316    0.00082601568 
    0.0013348084 
   0.00060538402    0.00057733534     0.0069443858    0.00093729340 
    0.0015146287 
   0.00065020751    0.00062008206     0.0074585579     0.0010066919 
    0.0016267740 
   0.00062792155    0.00059882866     0.0072029147    0.00097218741 
    0.0015710161 
   0.00055017226    0.00052468165     0.0063110493    0.00085181110 
    0.0013764928 
   0.00058702442    0.00055982638     0.0067337820    0.00090886792 
    0.0014686943 
   0.00054985957    0.00052438345     0.0063074625    0.00085132698 
    0.0013757104 
   0.00056893246    0.00054257265     0.0065262484    0.00088085682 
    0.0014234295 
   0.00073192164    0.00069801021     0.0083959042     0.0011332069 
    0.0018312171 
   0.00056139559    0.00053538498     0.0064397926    0.00086918776 
    0.0014045727 
    0.0017180875     0.0016384849      0.019708254     0.0026600505 
    0.0042985354 
    0.0029195133     0.0027842463      0.033489861     0.0045201731 
    0.0073044193 
    0.0034911141     0.0033293637      0.040046718     0.0054051613 
    0.0087345249 
    0.0037047372     0.0035330891      0.042497197     0.0057359058 
    0.0092689949 
    0.0032538759     0.0031031172      0.037325349     0.0050378543 
    0.0081409715 
    0.0032286343     0.0030790451      0.037035801     0.0049987736 
    0.0080778187 
    0.0034346301     0.0032754966      0.039398787     0.0053177091 
    0.0085932057 
    0.0044159995     0.0042113972      0.050656118     0.0068371267 
     0.011048524 
    0.0045619773     0.0043506115      0.052330635     0.0070631386 
     0.011413750 
    0.0026829487     0.0025586422      0.030776218     0.0041539089 
    0.0067125511 
    0.0038792606     0.0036995265      0.044499163     0.0060061139 
    0.0097056404 
    0.0045989657     0.0043858862      0.052754931     0.0071204064 
     0.011506293 
    0.0039912737     0.0038063498      0.045784070     0.0061795396 
    0.0099858894 
    0.0033728358     0.0032165654      0.038689943     0.0052220354 
    0.0084386008 
    0.0032931739     0.0031405945      0.037776138     0.0050986979 
    0.0082392923 
    0.0034161560     0.0032578785      0.039186871     0.0052891064 
    0.0085469849 
    0.0031636847     0.0030171047      0.036290762     0.0048982145 
    0.0079153193 
    0.0035490549     0.0033846199      0.040711359     0.0054948687 
    0.0088794886 
    0.0038902136     0.0037099721      0.044624806     0.0060230721 
    0.0097330442 
    0.0023891952     0.0022784989      0.027406559     0.0036991014 
    0.0059776002 
    0.0043313890     0.0041307069      0.049685547     0.0067061273 
     0.010836834 
    0.0061417185     0.0058571602      0.070451914     0.0095089928 
     0.015366153 
    0.0062119824     0.0059241686      0.071257914     0.0096177797 
     0.015541948 
    0.0053821847     0.0051328171      0.061739269     0.0083330350 
     0.013465852 
    0.0055017226     0.0052468165      0.063110493     0.0085181110 
     0.013764928 
    0.0065224935     0.0062202931      0.074819800      0.010098532 
     0.016318825 
     0.018328652      0.017479448       0.21024875      0.028377566 
     0.045857014 
      0.13184784       0.12573906        1.5124322       0.20413507 
      0.32987413 
      0.25767652       0.24573784        2.9558183       0.39895091 
      0.64468875 
      0.16450196       0.15688025        1.8870090       0.25469223 
      0.41157248 
      0.21521306       0.20524180        2.4687182       0.33320632 
      0.53844812 
      0.22946007       0.21882872        2.6321462       0.35526444 
      0.57409315 
      0.28209002       0.26902021        3.2358666       0.43674941 
      0.70576963 
      0.32921030       0.31395731        3.7763853       0.50970398 
      0.82366129 
      0.34582256       0.32979990        3.9669453       0.53542413 
      0.86522402 
      0.33454659       0.14227843        3.8979164       0.76138189 
      0.64473921 
      0.29746352       0.17056394        3.3730726       0.25789268 
      0.59219801 
      0.42476356       0.19224213        6.3092036       0.33505057 
      0.57123376 
      0.36337258       0.45582072        8.8223780        1.0759937 
       1.4843064 
      0.16381364       0.13861154        2.5139093       0.42339524 
      0.27092255 
       1.8667233        2.9191914        0.0000000        1.1477533 
       5.4832290 
       1.9207928       0.37441541        7.3672148       0.15032292 
      0.69593943 
       1.7271400        1.4845784        5.8062384        1.4477497 
       1.3474232 
      0.60357348        1.4675931        7.1905170       0.55809877 
       1.0528085 
      0.28993244       0.72885794        4.9610662       0.88858923 
       1.4040247 
      0.11001290       0.92188026        9.4485763       0.48043609 
      0.90656200 
      0.34023081        1.0688227        9.6160845       0.35350811 
      0.77174306 
      0.26291004        1.3466124        15.646354       0.48574233 
       1.7089152 
       1.6022028        2.4016659        25.314149        1.2745540 
       1.1385797 
      0.36953618        4.5264748        20.726996        1.2253765 
       2.2460656 
      0.45036196        1.6129537        27.491056        1.0892181 
       2.0620506 
      0.56677785        3.0877728        25.672429        1.3243114 
       2.8805489 
      0.63415860        1.3445195        17.839101        2.4991790 
       1.8288566 
       1.0443922        2.5510777        21.994743        2.2411458 
       1.6134687 
      0.79835152        4.9063248        36.380576        5.2448663 
       9.1759896 
       1.2946068        1.0604552        40.090238        3.2103927 
       6.6297801 
       2.1601487        1.0510040        32.815924        3.7567804 
       3.4124089 
       2.4047140        2.7399334        20.520411        4.6930709 
       8.9345653 
       2.0655372       0.88673379        16.592710        12.956312 
       4.2547434 
       4.2769086        35.071197        54.946243        77.186715 
       19.147643 
       4.2642085        43.253730        43.813444        30.680374 
       29.477279 
       3.6955029        6.0920915        211.28528        17.880328 
       22.600326 
       7.1025748        6.2317408        195.36501        20.683627 
       28.895855 
      0.55202202        9.3345577        84.506493        44.836305 
       32.026702 
      0.79652179        8.3715830        207.70348        12.845072 
       44.050665 
      0.32079516        6.2161353        188.92064        0.0000000 
       35.733664 
       14.230063        12.127240        233.68861        11.010215 
       13.082632 
       12.140256        17.797235        204.77076        16.063738 
       8.6053674 
       13.769473        21.711491        210.43946        15.873185 
       19.547318 
       14.652174        24.543726        158.39743        18.596182 
       22.684108 
       197.16959       0.62769600        336.19621        4.3468258 
      0.96692422 
       11.166618        6.7192912        403.44192        6.5457632 
       11.882197 
       5.7541642        4.3879242        202.17218        4.8922505 
       8.2587001 
       15.302073        8.2519609        295.94152        25.701925 
       11.498056 
       16.932398        8.3685735        338.05900        20.927035 
       17.929457 
       35.484783        11.028650        320.54750        11.447791 
       36.162145 
       36.761548        30.876952        349.96169        6.6640252 
       35.005573 
       32.412610        18.268295        192.08386        5.5765988 
       40.770200 
       26.510149        7.7259558        166.31406        2.3734197 
       21.772803 
       25.054323        8.2804583        340.89143        14.248645 
       13.198983 
