
       0.0000000        0.0000000        0.0000000        0.0000000 
       0.0000000 
       0.0000000        0.0000000        0.0000000        0.0000000 
       0.0000000 
       0.0000000        0.0000000        0.0000000        0.0000000 
       0.0000000 
       0.0000000        0.0000000        0.0000000        0.0000000 
       0.0000000 
       0.0000000        0.0000000        0.0000000        0.0000000 
       0.0000000 
       0.0000000        0.0000000        0.0000000        0.0000000 
       0.0000000 
       0.0000000        0.0000000        0.0000000        0.0000000 
       0.0000000 
       0.0000000        0.0000000        0.0000000        0.0000000 
       0.0000000 
       0.0000000        0.0000000        0.0000000        0.0000000 
       0.0000000 
       0.0000000        0.0000000        0.0000000        0.0000000 
       0.0000000 
       0.0000000        0.0000000        0.0000000        0.0000000 
       0.0000000 
       0.0000000        0.0000000        0.0000000        0.0000000 
       0.0000000 
       0.0000000        0.0000000        0.0000000        0.0000000 
       0.0000000 
       0.0000000        0.0000000        0.0000000        0.0000000 
       0.0000000 
       0.0000000        0.0000000        0.0000000        0.0000000 
       0.0000000 
       0.0000000        0.0000000        0.0000000        0.0000000 
       0.0000000 
       0.0000000        0.0000000        0.0000000        0.0000000 
       0.0000000 
       0.0000000        0.0000000        0.0000000        0.0000000 
       0.0000000 
       0.0000000        0.0000000        0.0000000        0.0000000 
       0.0000000 
       0.0000000        0.0000000        0.0000000        0.0000000 
       0.0000000 
       0.0000000        0.0000000        0.0000000        0.0000000 
       0.0000000 
       0.0000000        0.0000000        0.0000000        0.0000000 
       0.0000000 
       0.0000000        0.0000000        0.0000000        0.0000000 
       0.0000000 
       0.0000000        0.0000000        0.0000000        0.0000000 
       0.0000000 
       0.0000000        0.0000000        0.0000000        0.0000000 
       0.0000000 
       0.0000000        0.0000000        0.0000000        0.0000000 
       0.0000000 
       0.0000000        0.0000000        0.0000000        0.0000000 
       0.0000000 
       0.0000000        0.0000000        0.0000000        0.0000000 
       0.0000000 
       0.0000000        0.0000000        0.0000000        0.0000000 
       0.0000000 
   2.5635891e-05    1.5079936e-05    0.00035136250    4.6747801e-05 
   5.1271782e-05 
   2.4293467e-05    1.4290275e-05    0.00033296340    4.4299852e-05 
   4.8586934e-05 
   2.2962603e-05    1.3507413e-05    0.00031472273    4.1872981e-05 
   4.5925205e-05 
   2.0635253e-05    1.2138384e-05    0.00028282435    3.7628991e-05 
   4.1270506e-05 
   2.0335573e-05    1.1962102e-05    0.00027871698    3.7082516e-05 
   4.0671147e-05 
   1.7260993e-05    1.0153526e-05    0.00023657715    3.1475929e-05 
   3.4521987e-05 
   1.6596914e-05    9.7628907e-06    0.00022747535    3.0264961e-05 
   3.3193829e-05 
   1.5794363e-05    9.2908020e-06    0.00021647569    2.8801486e-05 
   3.1588727e-05 
   1.0283263e-05    6.0489782e-06    0.00014094119    1.8751832e-05 
   2.0566526e-05 
   1.4838187e-05    8.7283452e-06    0.00020337044    2.7057870e-05 
   2.9676374e-05 
   1.7304226e-05    1.0178956e-05    0.00023716968    3.1554765e-05 
   3.4608452e-05 
   1.9040826e-05    1.1200486e-05    0.00026097132    3.4721506e-05 
   3.8081651e-05 
   1.7663541e-05    1.0390318e-05    0.00024209441    3.2209986e-05 
   3.5327082e-05 
   1.6508203e-05    9.7107074e-06    0.00022625948    3.0103193e-05 
   3.3016405e-05 
   1.6589547e-05    9.7585570e-06    0.00022737438    3.0251527e-05 
   3.3179094e-05 
   1.9353235e-05    1.1384256e-05    0.00026525316    3.5291193e-05 
   3.8706470e-05 
   2.2524384e-05    1.3249637e-05    0.00030871655    4.1073876e-05 
   4.5048767e-05 
   3.0272530e-05    1.7807371e-05    0.00041491174    5.5202849e-05 
   6.0545060e-05 
   2.2708872e-05    1.3358160e-05    0.00031124513    4.1410296e-05 
   4.5417744e-05 
   3.5018121e-05    2.0598895e-05    0.00047995425    6.3856574e-05 
   7.0036242e-05 
   3.9735630e-05    2.3373900e-05    0.00054461188    7.2459091e-05 
   7.9471261e-05 
   4.2677713e-05    2.5104537e-05    0.00058493571    7.7824065e-05 
   8.5355426e-05 
   4.1214928e-05    2.4244075e-05    0.00056488695    7.5156633e-05 
   8.2429856e-05 
   3.6111693e-05    2.1242172e-05    0.00049494261    6.5850734e-05 
   7.2223385e-05 
   3.8530560e-05    2.2665035e-05    0.00052809533    7.0261610e-05 
   7.7061120e-05 
   3.6091169e-05    2.1230099e-05    0.00049466131    6.5813307e-05 
   7.2182337e-05 
   3.7343057e-05    2.1966504e-05    0.00051181955    6.8096163e-05 
   7.4686114e-05 
   4.8041189e-05    2.8259523e-05    0.00065844688    8.7604521e-05 
   9.6082378e-05 
   3.6848359e-05    2.1675505e-05    0.00050503927    6.7194066e-05 
   7.3696718e-05 
   0.00011277022    6.6335423e-05     0.0015456154    0.00020563981 
   0.00022554044 
   0.00019162829    0.00011272252     0.0026264347    0.00034943981 
   0.00038325657 
   0.00022914649    0.00013479205     0.0031406548    0.00041785536 
   0.00045829297 
   0.00024316808    0.00014304005     0.0033328331    0.00044342414 
   0.00048633615 
   0.00021357487    0.00012563228     0.0029272320    0.00038946005 
   0.00042714974 
   0.00021191808    0.00012465770     0.0029045243    0.00038643886 
   0.00042383616 
   0.00022543904    0.00013261120     0.0030898410    0.00041109472 
   0.00045087808 
   0.00028985325    0.00017050191     0.0039726946    0.00052855593 
   0.00057970650 
   0.00029943480    0.00017613812     0.0041040182    0.00054602817 
   0.00059886960 
   0.00017610088    0.00010358875     0.0024136179    0.00032112513 
   0.00035220176 
   0.00025462328    0.00014977840     0.0034898367    0.00046431304 
   0.00050924656 
   0.00030186261    0.00017756624     0.0041372935    0.00055045536 
   0.00060372523 
   0.00026197549    0.00015410323     0.0035906053    0.00047772002 
   0.00052395099 
   0.00022138305    0.00013022532     0.0030342500    0.00040369849 
   0.00044276609 
   0.00021615427    0.00012714957     0.0029625850    0.00039416368 
   0.00043230855 
   0.00022422646    0.00013189792     0.0030732214    0.00040888354 
   0.00044845291 
   0.00020765498    0.00012214999     0.0028460947    0.00037866496 
   0.00041530996 
   0.00023294955    0.00013702915     0.0031927791    0.00042479035 
   0.00046589909 
   0.00025534221    0.00015020130     0.0034996903    0.00046562403 
   0.00051068442 
   0.00015681976    9.2246917e-05     0.0021493532    0.00028596544 
   0.00031363952 
   0.00028429966    0.00016723510     0.0038965777    0.00051842880 
   0.00056859933 
   0.00040312438    0.00023713199     0.0055251754    0.00073510917 
   0.00080624877 
   0.00040773630    0.00023984488     0.0055883857    0.00074351913 
   0.00081547260 
   0.00035327081    0.00020780636     0.0048418882    0.00064419971 
   0.00070654162 
   0.00036111693    0.00021242172     0.0049494261    0.00065850734 
   0.00072223385 
   0.00042811734    0.00025183373     0.0058677258    0.00078068455 
   0.00085623467 
    0.0012030389    0.00070766996      0.016488710     0.0021937769 
    0.0024060779 
    0.0086541053     0.0050906502       0.11861215      0.015781015 
     0.017308211 
     0.016913131     0.0099489005       0.23180938      0.030841592 
     0.033826262 
     0.010797426     0.0063514271       0.14798825      0.019689424 
     0.021594852 
     0.014125954     0.0083093846       0.19360866      0.025759092 
     0.028251908 
     0.015061086     0.0088594622       0.20642547      0.027464333 
     0.030122172 
     0.018515561      0.010891507       0.25377210      0.033763670 
     0.037031122 
     0.021608398      0.012710822       0.29616216      0.039403550 
     0.043216796 
     0.022698778      0.013352223       0.31110679      0.041391890 
     0.045397557 
     0.046144357      0.019226815       0.53322368       0.10382480 
     0.088443351 
     0.032748277      0.019103162       0.37524068      0.028654743 
     0.065496554 
     0.029294039      0.012816142       0.44307234      0.023801407 
     0.040279304 
     0.011556018      0.014124022       0.27734444      0.033384053 
     0.046224073 
     0.020161678      0.017641468       0.30998580      0.052924405 
     0.034022832 
       0.0000000        0.0000000        0.0000000        0.0000000 
       0.0000000 
       0.0000000        0.0000000        0.0000000        0.0000000 
       0.0000000 
       0.0000000        0.0000000        0.0000000        0.0000000 
       0.0000000 
       0.0000000        0.0000000        0.0000000        0.0000000 
       0.0000000 
       0.0000000        0.0000000        0.0000000        0.0000000 
       0.0000000 
       0.0000000        0.0000000        0.0000000        0.0000000 
       0.0000000 
       0.0000000        0.0000000        0.0000000        0.0000000 
       0.0000000 
       0.0000000        0.0000000        0.0000000        0.0000000 
       0.0000000 
       0.0000000        0.0000000        0.0000000        0.0000000 
       0.0000000 
       0.0000000        0.0000000        0.0000000        0.0000000 
       0.0000000 
       0.0000000        0.0000000        0.0000000        0.0000000 
       0.0000000 
       0.0000000        0.0000000       0.41170304       0.37464976 
       0.0000000 
       0.0000000        0.0000000       0.31385038       0.25960464 
       0.0000000 
       0.0000000        0.0000000       0.19142849       0.22658883 
       0.0000000 
       0.0000000        0.0000000       0.18864002       0.34696290 
       0.0000000 
       0.0000000        0.0000000       0.27478949       0.36961121 
       0.0000000 
       0.0000000        0.0000000        1.2477878       0.85422031 
       0.0000000 
       0.0000000        0.0000000        2.2163263        1.1718825 
       0.0000000 
       0.0000000        0.0000000        4.4731378        1.6419047 
       0.0000000 
       0.0000000        0.0000000        5.2039367        1.5559853 
       0.0000000 
       0.0000000        0.0000000        4.1488037       0.61741584 
       0.0000000 
       0.0000000        0.0000000        8.5239624        8.6285028 
       0.0000000 
       0.0000000        0.0000000        8.4378535        1.8419458 
       0.0000000 
       0.0000000        0.0000000        7.3715135        1.3167745 
       0.0000000 
       0.0000000        0.0000000        19.196407       0.92503039 
       0.0000000 
      0.41265923       0.10644567        23.743216        0.0000000 
      0.50306514 
      0.59211912       0.20804185        16.640148       0.73134713 
       1.2290473 
       5.6107515       0.21379795        25.610972       0.41459467 
       1.0733235 
       8.4892629        1.2696688        30.769702        1.2107586 
      0.95031376 
       2.4466107        2.1636253        28.238706        4.9190944 
       1.1578145 
       1.6998552       0.31322897        22.704767        6.4180988 
       1.7196642 
       3.3632235       0.48659404        45.571679        7.6978462 
       4.4705827 
      0.65391467       0.49435379        50.445457        6.3040793 
       7.8925649 
       3.4644122        1.8788537        10.664480        9.4229366 
       6.5870142 
      0.32808521       0.30407898        8.7894828       0.44331514 
      0.52813717 
      0.79898769       0.23576686        11.419723       0.49211654 
      0.40604292 
      0.63837202       0.30381445        4.2805286        1.3201461 
     0.045210483 
      0.14982998        0.0000000        1.4051129       0.61028309 
       0.0000000 
      0.21645588      0.053164601      0.070253223       0.55253211 
       0.0000000 
      0.13945242      0.099878082        8.9211856       0.49562142 
       0.0000000 
