
       0.0000000        0.0000000        0.0000000        0.0000000 
       0.0000000 
       0.0000000        0.0000000        0.0000000        0.0000000 
       0.0000000 
       0.0000000        0.0000000        0.0000000        0.0000000 
       0.0000000 
       0.0000000        0.0000000        0.0000000        0.0000000 
       0.0000000 
       0.0000000        0.0000000        0.0000000        0.0000000 
       0.0000000 
       0.0000000        0.0000000        0.0000000        0.0000000 
       0.0000000 
       0.0000000        0.0000000        0.0000000        0.0000000 
       0.0000000 
       0.0000000        0.0000000        0.0000000        0.0000000 
       0.0000000 
       0.0000000        0.0000000        0.0000000        0.0000000 
       0.0000000 
       0.0000000        0.0000000        0.0000000        0.0000000 
       0.0000000 
       0.0000000        0.0000000        0.0000000        0.0000000 
       0.0000000 
       0.0000000        0.0000000        0.0000000        0.0000000 
       0.0000000 
       0.0000000        0.0000000        0.0000000        0.0000000 
       0.0000000 
       0.0000000        0.0000000        0.0000000        0.0000000 
       0.0000000 
       0.0000000        0.0000000        0.0000000        0.0000000 
       0.0000000 
       0.0000000        0.0000000        0.0000000        0.0000000 
       0.0000000 
       0.0000000        0.0000000        0.0000000        0.0000000 
       0.0000000 
       0.0000000        0.0000000        0.0000000        0.0000000 
       0.0000000 
       0.0000000        0.0000000        0.0000000        0.0000000 
       0.0000000 
       0.0000000        0.0000000        0.0000000        0.0000000 
       0.0000000 
       0.0000000        0.0000000        0.0000000        0.0000000 
       0.0000000 
       0.0000000        0.0000000        0.0000000        0.0000000 
       0.0000000 
       0.0000000        0.0000000        0.0000000        0.0000000 
       0.0000000 
       0.0000000        0.0000000        0.0000000        0.0000000 
       0.0000000 
       0.0000000        0.0000000        0.0000000        0.0000000 
       0.0000000 
       0.0000000        0.0000000        0.0000000        0.0000000 
       0.0000000 
       0.0000000        0.0000000        0.0000000        0.0000000 
       0.0000000 
       0.0000000        0.0000000        0.0000000        0.0000000 
       0.0000000 
       0.0000000        0.0000000        0.0000000        0.0000000 
       0.0000000 
   0.00073740886    0.00062883332     0.0079124423     0.0010827394 
    0.0014099740 
   0.00069879444    0.00059590446     0.0074981072     0.0010260417 
    0.0013361407 
   0.00066051251    0.00056325913     0.0070873397    0.00096983227 
    0.0012629431 
   0.00059356699    0.00050617062     0.0063690102    0.00087153598 
    0.0011349389 
   0.00058494679    0.00049881966     0.0062765149    0.00085887893 
    0.0011184565 
   0.00049650740    0.00042340202     0.0053275549    0.00072902314 
   0.00094935464 
   0.00047740536    0.00040711254     0.0051225888    0.00070097556 
   0.00091283028 
   0.00045432022    0.00038742644     0.0048748838    0.00066707958 
   0.00086868999 
   0.00029579503    0.00025224239     0.0031738988    0.00043431663 
   0.00056557946 
   0.00042681608    0.00036397200     0.0045797627    0.00062669519 
   0.00081610028 
   0.00049775097    0.00042446248     0.0053408984    0.00073084907 
   0.00095173243 
   0.00054770375    0.00046706025     0.0058768949    0.00080419487 
    0.0010472454 
   0.00050808656    0.00043327627     0.0054517999    0.00074602484 
   0.00097149474 
   0.00047485359    0.00040493650     0.0050952082    0.00069722879 
   0.00090795114 
   0.00047719344    0.00040693183     0.0051203149    0.00070066439 
   0.00091242508 
   0.00055669011    0.00047472347     0.0059733190    0.00081738957 
    0.0010644279 
   0.00064790727    0.00055250988     0.0069520848    0.00095132397 
    0.0012388411 
   0.00087078043    0.00074256736     0.0093435274     0.0012785692 
    0.0016649892 
   0.00065321402    0.00055703527     0.0070090266    0.00095911589 
    0.0012489880 
    0.0010072860    0.00085897391      0.010808240     0.0014790006 
    0.0019259967 
    0.0011429837    0.00097469164      0.012264285     0.0016782460 
    0.0021854597 
    0.0012276119     0.0010468592      0.013172351     0.0018025058 
    0.0023472742 
    0.0011855353     0.0010109779      0.012720866     0.0017407246 
    0.0022668210 
    0.0010387422    0.00088579858      0.011145768     0.0015251880 
    0.0019861431 
    0.0011083202    0.00094513198      0.011892344     0.0016273495 
    0.0021191808 
    0.0010381518    0.00088529513      0.011139433     0.0015243211 
    0.0019850143 
    0.0010741621    0.00091600322      0.011525825     0.0015771950 
    0.0020538681 
    0.0013818907     0.0011784221      0.014827772     0.0020290337 
    0.0026422654 
    0.0010599322    0.00090386857      0.011373138     0.0015563013 
    0.0020266597 
    0.0032438022     0.0027661871      0.034806196     0.0047628834 
    0.0062023621 
    0.0055121313     0.0047005291      0.059145507     0.0080934770 
     0.010539556 
    0.0065913313     0.0056208285      0.070725389     0.0096780693 
     0.012603057 
    0.0069946582     0.0059647699      0.075053112      0.010270275 
     0.013374244 
    0.0061434183     0.0052388659      0.065919255     0.0090203974 
     0.011746618 
    0.0060957613     0.0051982259      0.065407893     0.0089504225 
     0.011655495 
    0.0064846877     0.0055298870      0.069581096     0.0095214841 
     0.012399147 
    0.0083375435     0.0071099298      0.089462353      0.012242037 
     0.015941929 
    0.0086131540     0.0073449596      0.092419671      0.012646717 
     0.016468914 
    0.0050654900     0.0043196509      0.054353018     0.0074376724 
    0.0096855483 
    0.0073241638     0.0062457593      0.078588727      0.010754089 
     0.014004281 
    0.0086829893     0.0074045124      0.093169008      0.012749256 
     0.016602444 
    0.0075356480     0.0064261048      0.080857966      0.011064612 
     0.014408652 
    0.0063680182     0.0054303959      0.068329226     0.0093501780 
     0.012176067 
    0.0062176141     0.0053021372      0.066715381     0.0091293393 
     0.011888485 
    0.0064498080     0.0055001431      0.069206836     0.0094702703 
     0.012332455 
    0.0059731344     0.0050936545      0.064092099     0.0087703692 
     0.011421024 
    0.0067007252     0.0057141153      0.071899192     0.0098386926 
     0.012812225 
    0.0073448435     0.0062633942      0.078810621      0.010784453 
     0.014043821 
    0.0045108743     0.0038466965      0.048401958     0.0066233287 
    0.0086250868 
    0.0081777962     0.0069737035      0.087748255      0.012007480 
     0.015636481 
     0.011595754     0.0098884040       0.12442316      0.017026077 
     0.022171841 
     0.011728415      0.010001532       0.12584661      0.017220862 
     0.022425496 
     0.010161731     0.0086655252       0.10903600      0.014920497 
     0.019429895 
     0.010387422     0.0088579858       0.11145768      0.015251880 
     0.019861431 
     0.012314669      0.010501466       0.13213716      0.018081662 
     0.023546453 
     0.034605061      0.029509838       0.37131443      0.050810703 
     0.066167142 
      0.24893279       0.21228011        2.6710641       0.36550868 
      0.47597579 
      0.48650124       0.41486915        5.2201881       0.71433106 
      0.93022220 
      0.31058479       0.26485451        3.3325938       0.45603247 
      0.59385844 
      0.40632891       0.34650134        4.3599341       0.59661382 
      0.77692746 
      0.43322770       0.36943958        4.6485598       0.63610939 
      0.82835972 
      0.53259467       0.45417582        5.7147735       0.78201017 
       1.0183559 
      0.62155922       0.53004130        6.6693685       0.91263705 
       1.1884619 
      0.65292368       0.55678768        7.0059112       0.95868958 
       1.2484328 
      0.50502435       0.21534033        5.8859691        1.1484818 
      0.97415865 
      0.88829702       0.50759830        10.064637       0.76822000 
       1.7684070 
       1.0197987       0.46138111        15.146849       0.80558607 
       1.3694963 
      0.34282854       0.43014068        8.3139132        1.0130776 
       1.3995622 
      0.39189262       0.33014748        6.0031397        1.0118642 
      0.64643381 
       3.2570207        4.8248950        0.0000000        3.5385451 
       5.2190292 
      0.48437384        1.5630799        25.199967        1.1830970 
       1.8804283 
       2.1347959        3.1545704        20.079273        1.5379166 
       14.035553 
       3.9507881        4.9085131        21.301459        1.1878547 
       5.3301877 
       2.1395940        3.5758334        17.826818        1.7516752 
       2.4684526 
       1.9495957        2.0721417        19.915120        1.4120643 
       2.1835472 
       3.5168248        2.3318258        21.288491        1.1866587 
       4.0993664 
       1.5999038        4.4951204        29.128509       0.98110331 
       3.3360719 
       2.6097229        4.5444893        23.982256        1.0107966 
       4.0448248 
       2.0345096        7.5267239        33.846217        1.2555988 
       3.2035627 
       2.5478343        6.3012723        29.654311        1.9886770 
       3.8192213 
       2.2533880        4.6289145        38.444830        1.9926427 
       4.2570094 
       2.3454827        2.8621089        31.149974        1.9851360 
       4.1704646 
       1.6642559        3.0654603        25.169591        1.4611073 
       2.3427201 
       4.6284177        3.4073104        33.215802        1.9992474 
       6.3918650 
       1.8151587        4.9307297        35.587174        2.7769219 
       12.439062 
       3.5465796        4.5081365        51.134701        6.8158730 
       6.0801702 
       5.2305300        8.8902388        43.672709        5.5380453 
       10.610662 
       12.666874        23.918131        59.437476        5.3046152 
       21.634199 
       14.974649        26.552930        83.429798        14.654702 
       7.3205143 
       14.927615        32.749006        66.528000        5.8250588 
       11.269282 
       30.238309        37.469891        57.715445        19.516385 
       31.679660 
       27.804674        37.197806        72.433596        28.448563 
       16.223901 
       11.546685        25.928878        56.603799        11.175080 
       30.402949 
       20.224476        23.649056        140.79449        28.068131 
       56.122370 
       34.087402        21.093740        99.201528        0.0000000 
       26.191467 
       30.084452        10.992612        91.171942        24.278484 
       16.390497 
       18.814219        10.181405        166.42292        32.014798 
       13.281475 
       15.648397        16.742885        235.32745        48.346631 
       31.420814 
       15.384702        15.957141        135.51604        23.004285 
       33.647770 
       12.225834        7.1807432        35.820766        20.902153 
       27.977661 
       10.633511        5.0072673        347.49434        10.714014 
       10.835662 
       6.8867615        3.4875449        161.80185        6.5989820 
       8.0734955 
       15.705629        11.160656        257.68523        6.7921004 
       7.0942165 
       12.942561        3.2264380        150.37826        5.6830760 
       9.7321276 
       16.071441        5.1288648        234.19321        7.8476683 
       26.394661 
       26.598232        7.0781533        208.70606        14.494481 
       29.889555 
       44.029915        10.098906        255.39068        12.295194 
       23.428293 
       43.959530        5.3240551        363.63828        15.041785 
       43.733581 
       37.819872        9.9878082        517.32700        16.722983 
       29.198321 
