
       0.0000000        0.0000000        0.0000000        0.0000000 
       0.0000000        0.0000000        0.0000000        0.0000000 
       0.0000000 
       0.0000000        0.0000000        0.0000000        0.0000000 
       0.0000000        0.0000000        0.0000000        0.0000000 
       0.0000000 
       0.0000000        0.0000000        0.0000000        0.0000000 
       0.0000000        0.0000000        0.0000000        0.0000000 
       0.0000000 
       0.0000000        0.0000000        0.0000000        0.0000000 
       0.0000000        0.0000000        0.0000000        0.0000000 
       0.0000000 
       0.0000000        0.0000000        0.0000000        0.0000000 
       0.0000000        0.0000000        0.0000000        0.0000000 
       0.0000000 
       0.0000000        0.0000000        0.0000000        0.0000000 
       0.0000000        0.0000000        0.0000000        0.0000000 
       0.0000000 
       0.0000000        0.0000000        0.0000000        0.0000000 
       0.0000000        0.0000000        0.0000000        0.0000000 
       0.0000000 
       0.0000000        0.0000000        0.0000000        0.0000000 
       0.0000000        0.0000000        0.0000000        0.0000000 
       0.0000000 
       0.0000000        0.0000000        0.0000000        0.0000000 
       0.0000000        0.0000000        0.0000000        0.0000000 
       0.0000000 
       0.0000000        0.0000000        0.0000000        0.0000000 
       0.0000000        0.0000000        0.0000000        0.0000000 
       0.0000000 
       0.0000000        0.0000000        0.0000000        0.0000000 
       0.0000000        0.0000000        0.0000000        0.0000000 
       0.0000000 
       0.0000000        0.0000000        0.0000000        0.0000000 
       0.0000000        0.0000000        0.0000000        0.0000000 
       0.0000000 
       0.0000000        0.0000000        0.0000000        0.0000000 
       0.0000000        0.0000000        0.0000000        0.0000000 
       0.0000000 
       0.0000000        0.0000000        0.0000000        0.0000000 
       0.0000000        0.0000000        0.0000000        0.0000000 
       0.0000000 
       0.0000000        0.0000000        0.0000000        0.0000000 
       0.0000000        0.0000000        0.0000000        0.0000000 
       0.0000000 
       0.0000000        0.0000000        0.0000000        0.0000000 
       0.0000000        0.0000000        0.0000000        0.0000000 
       0.0000000 
       0.0000000        0.0000000        0.0000000        0.0000000 
       0.0000000        0.0000000        0.0000000        0.0000000 
       0.0000000 
       0.0000000        0.0000000        0.0000000        0.0000000 
       0.0000000        0.0000000        0.0000000        0.0000000 
       0.0000000 
       0.0000000        0.0000000        0.0000000        0.0000000 
       0.0000000        0.0000000        0.0000000        0.0000000 
       0.0000000 
       0.0000000        0.0000000        0.0000000        0.0000000 
       0.0000000        0.0000000        0.0000000        0.0000000 
       0.0000000 
       0.0000000        0.0000000        0.0000000        0.0000000 
       0.0000000        0.0000000        0.0000000        0.0000000 
       0.0000000 
       0.0000000        0.0000000        0.0000000        0.0000000 
       0.0000000        0.0000000        0.0000000        0.0000000 
       0.0000000 
       0.0000000        0.0000000        0.0000000        0.0000000 
       0.0000000        0.0000000        0.0000000        0.0000000 
       0.0000000 
       0.0000000        0.0000000        0.0000000        0.0000000 
       0.0000000        0.0000000        0.0000000        0.0000000 
       0.0000000 
       0.0000000        0.0000000        0.0000000        0.0000000 
       0.0000000        0.0000000        0.0000000        0.0000000 
       0.0000000 
       0.0000000        0.0000000        0.0000000        0.0000000 
       0.0000000        0.0000000        0.0000000        0.0000000 
       0.0000000 
       0.0000000        0.0000000        0.0000000        0.0000000 
       0.0000000        0.0000000        0.0000000        0.0000000 
       0.0000000 
       0.0000000        0.0000000        0.0000000        0.0000000 
       0.0000000        0.0000000        0.0000000        0.0000000 
       0.0000000 
       0.0000000        0.0000000        0.0000000        0.0000000 
       0.0000000        0.0000000        0.0000000        0.0000000 
       0.0000000 
   7.0627137e-05    9.2207651e-05    2.8447041e-05    0.00056992176 
   0.00010397884    0.00013144495    8.4360192e-05    7.3569935e-05 
   0.00010986444 
   6.6740116e-05    8.7132929e-05    2.6881435e-05    0.00053855566 
   9.8256281e-05    0.00012421077    7.9717360e-05    6.9520954e-05 
   0.00010381796 
   6.8046182e-05    8.8838072e-05    2.7407490e-05    0.00054909489 
   0.00010017910    0.00012664151    8.1277385e-05    7.0881440e-05 
   0.00010584962 
   7.1094695e-05    9.2818074e-05    2.8635363e-05    0.00057369469 
   0.00010466719    0.00013231513    8.4918663e-05    7.4056974e-05 
   0.00011059175 
   6.7712978e-05    8.8403054e-05    2.7273283e-05    0.00054640611 
   9.9688550e-05    0.00012602138    8.0879390e-05    7.0534352e-05 
   0.00010533130 
   6.1063568e-05    7.9721880e-05    2.4595048e-05    0.00049274907 
   8.9899142e-05    0.00011364608    7.2937039e-05    6.3607883e-05 
   9.4987772e-05 
   3.8126814e-05    4.9776674e-05    1.5356634e-05    0.00030766221 
   5.6131143e-05    7.0958238e-05    4.5540362e-05    3.9715432e-05 
   5.9308378e-05 
   4.5431645e-05    5.9313537e-05    1.8298857e-05    0.00036660814 
   6.6885477e-05    8.4553339e-05    5.4265576e-05    4.7324630e-05 
   7.0671448e-05 
   4.7895492e-05    6.2530225e-05    1.9291240e-05    0.00038649001 
   7.0512807e-05    8.9138832e-05    5.7208504e-05    4.9891137e-05 
   7.4504098e-05 
   5.1886615e-05    6.7740859e-05    2.0898776e-05    0.00041869616 
   7.6388628e-05    9.6566756e-05    6.1975679e-05    5.4048558e-05 
   8.0712513e-05 
   4.7660059e-05    6.2222855e-05    1.9196413e-05    0.00038459020 
   7.0166199e-05    8.8700666e-05    5.6927293e-05    4.9645895e-05 
   7.4137870e-05 
   5.2309820e-05    6.8293377e-05    2.1069233e-05    0.00042211119 
   7.7011680e-05    9.7354388e-05    6.2481174e-05    5.4489396e-05 
   8.1370832e-05 
   5.2328724e-05    6.8318056e-05    2.1076847e-05    0.00042226373 
   7.7039510e-05    9.7389569e-05    6.2503753e-05    5.4509087e-05 
   8.1400237e-05 
   5.6859980e-05    7.4233862e-05    2.2901936e-05    0.00045882845 
   8.3710526e-05    0.00010582274    6.7916087e-05    5.9229146e-05 
   8.8448857e-05 
   5.5224338e-05    7.2098441e-05    2.2243136e-05    0.00044562973 
   8.1302497e-05    0.00010277863    6.5962403e-05    5.7525352e-05 
   8.5904525e-05 
   6.8444331e-05    8.9357876e-05    2.7567855e-05    0.00055230772 
   0.00010076526    0.00012738250    8.1752950e-05    7.1296178e-05 
   0.00010646896 
   5.1729122e-05    6.7535243e-05    2.0835341e-05    0.00041742528 
   7.6156764e-05    9.6273645e-05    6.1787563e-05    5.3884503e-05 
   8.0467524e-05 
   8.7052964e-05    0.00011365248    3.5062999e-05    0.00070246905 
   0.00012816131    0.00016201524    0.00010397993    9.0680170e-05 
   0.00013541572 
   0.00010573996    0.00013804939    4.2589706e-05    0.00085326273 
   0.00015567272    0.00019679381    0.00012630051    0.00011014579 
   0.00016448438 
   0.00012241853    0.00015982419    4.9307462e-05    0.00098784950 
   0.00018022728    0.00022783448    0.00014622213    0.00012751930 
   0.00019042882 
   0.00010941119    0.00014284239    4.4068397e-05    0.00088288753 
   0.00016107759    0.00020362638    0.00013068559    0.00011396999 
   0.00017019519 
   0.00011724615    0.00015307136    4.7224144e-05    0.00094611129 
   0.00017261239    0.00021820811    0.00014004401    0.00012213141 
   0.00018238290 
   0.00012206655    0.00015936467    4.9165695e-05    0.00098500928 
   0.00017970909    0.00022717942    0.00014580172    0.00012715266 
   0.00018988131 
   0.00012434671    0.00016234154    5.0084093e-05     0.0010034089 
   0.00018306599    0.00023142305    0.00014852524    0.00012952783 
   0.00019342822 
   0.00012822770    0.00016740839    5.1647268e-05     0.0010347263 
   0.00018877967    0.00023864600    0.00015316087    0.00013357052 
   0.00019946531 
   0.00012760051    0.00016658956    5.1394650e-05     0.0010296652 
   0.00018785631    0.00023747873    0.00015241172    0.00013291720 
   0.00019848968 
   8.5737561e-05    0.00011193515    3.4533184e-05    0.00069185449 
   0.00012622474    0.00015956713    0.00010240875    8.9309960e-05 
   0.00013336954 
   0.00013811064    0.00018031111    5.5627895e-05     0.0011144761 
   0.00020332955    0.00025703924    0.00016496548    0.00014386525 
   0.00021483877 
   0.00017153061    0.00022394274    6.9088718e-05     0.0013841567 
   0.00025253117    0.00031923752    0.00020488378    0.00017867772 
   0.00026682539 
   0.00039412009    0.00051454567    0.00015874281     0.0031803302 
   0.00058023236    0.00073350128    0.00047075455    0.00041054176 
   0.00061307570 
   0.00052749766    0.00068867750    0.00021246433     0.0042566130 
   0.00077659377    0.00098173175    0.00063006665    0.00054947673 
   0.00082055191 
   0.00062952163    0.00082187546    0.00025355732     0.0050798898 
   0.00092679573     0.0011716097    0.00075192861    0.00065575170 
   0.00097925587 
   0.00071999336    0.00093999133    0.00028999733     0.0058099464 
    0.0010599902     0.0013399876    0.00085999207    0.00074999308 
    0.0011199897 
   0.00073521812    0.00095986810    0.00029612952     0.0059328017 
    0.0010824045     0.0013683226    0.00087817720    0.00076585221 
    0.0011436726 
   0.00070505845    0.00092049298    0.00028398188     0.0056894300 
    0.0010380027     0.0013121921    0.00084215315    0.00073443589 
    0.0010967576 
   0.00079679792     0.0010402640    0.00032093250     0.0064297166 
    0.0011730636     0.0014829295    0.00095173085    0.00082999784 
    0.0012394634 
   0.00066530154    0.00086858813    0.00026796868     0.0053686139 
   0.00097947172     0.0012382001    0.00079466573    0.00069302244 
    0.0010349135 
   0.00086058593     0.0011235427    0.00034662489     0.0069444504 
    0.0012669737     0.0016016460     0.0010279221    0.00089644368 
    0.0013386892 
   0.00081953017     0.0010699422    0.00033008854     0.0066131532 
    0.0012065305     0.0015252367    0.00097888326    0.00085367726 
    0.0012748247 
   0.00088963556     0.0011614687    0.00035832544     0.0071788648 
    0.0013097412     0.0016557106     0.0010626203    0.00092670371 
    0.0013838775 
   0.00083071021     0.0010845383    0.00033459161     0.0067033699 
    0.0012229900     0.0015460440    0.00099223720    0.00086532314 
    0.0012922159 
   0.00071971097    0.00093962266    0.00028988359     0.0058076677 
    0.0010595745     0.0013394621    0.00085965477    0.00074969893 
    0.0011195504 
   0.00065530896    0.00085554225    0.00026394389     0.0052879793 
   0.00096476041     0.0012196028    0.00078273015    0.00068261350 
    0.0010193695 
   0.00074389131    0.00097119144    0.00029962289     0.0060027896 
    0.0010951733     0.0013844644    0.00088853685    0.00077488678 
    0.0011571643 
   0.00074580375    0.00097368823    0.00030039318     0.0060182220 
    0.0010979889     0.0013880237    0.00089082115    0.00077687891 
    0.0011601392 
   0.00073371783    0.00095790939    0.00029552524     0.0059206953 
    0.0010801957     0.0013655304    0.00087638518    0.00076428940 
    0.0011413388 
   0.00053454141    0.00069787350    0.00021530140     0.0043134522 
   0.00078696374    0.00099484095    0.00063848001    0.00055681396 
   0.00083150885 
   0.00073365719    0.00095783022    0.00029550081     0.0059202059 
    0.0010801064     0.0013654175    0.00087631275    0.00076422624 
    0.0011412445 
   0.00072959894    0.00095253194    0.00029386624     0.0058874581 
    0.0010741318     0.0013578647    0.00087146540    0.00075999889 
    0.0011349317 
   0.00099304805     0.0012964794    0.00039997769     0.0080133461 
    0.0014619874     0.0018481728     0.0011861407     0.0010344251 
    0.0015447414 
    0.0011090692     0.0014479514    0.00044670842     0.0089495722 
    0.0016327963     0.0020641010     0.0013247215     0.0011552804 
    0.0017252187 
    0.0011201517     0.0014624203    0.00045117221     0.0090390018 
    0.0016491122     0.0020847268     0.0013379590     0.0011668247 
    0.0017424582 
    0.0010454166     0.0013648494    0.00042107056     0.0084359308 
    0.0015390855     0.0019456364     0.0012486920     0.0010889756 
    0.0016262035 
    0.0012424335     0.0016220660    0.00050042461      0.010025748 
    0.0018291382     0.0023123068     0.0014840178     0.0012942016 
    0.0019326744 
    0.0014235777     0.0018585598    0.00057338546      0.011487481 
    0.0020958227     0.0026494362     0.0017003845     0.0014828934 
    0.0022144542 
    0.0042655284     0.0055688843     0.0017180601      0.034420445 
    0.0062798057     0.0079386223     0.0050949367     0.0044432588 
    0.0066352664 
     0.020486951      0.026746852     0.0082516885       0.16531831 
     0.030161344      0.038128492      0.024470525      0.021340574 
     0.031868590 
     0.051258539      0.066920871      0.020645800       0.41362793 
     0.075463960      0.095397837      0.061225477      0.053394312 
     0.079735505 
     0.049067406      0.064060225      0.019763261       0.39594671 
     0.072238126      0.091319895      0.058608291      0.051111882 
     0.076327077 
     0.046356193      0.060520585      0.018671244       0.37406872 
     0.068246617      0.086274025      0.055369897      0.048287701 
     0.072109633 
     0.039518707      0.051593868      0.015917257       0.31889401 
     0.058180319      0.073548705      0.047202900      0.041165320 
     0.061473545 
     0.048428762      0.063226439      0.019506029       0.39079320 
     0.071297899      0.090131306      0.057845465      0.050446627 
     0.075333629 
     0.060429985      0.078894702      0.024339855       0.48763641 
     0.088966367       0.11246692      0.072180260      0.062947901 
     0.094002199 
     0.068968371      0.090042040      0.027778927       0.55653644 
      0.10153677       0.12835780      0.082378888      0.071842053 
      0.10728413 
     0.072710553      0.073642740      0.028897784       0.46236454 
      0.10533708       0.14262455      0.059659941      0.030762157 
     0.086693352 
      0.15138000       0.11422309      0.064680543        1.1215881 
      0.14449909       0.19541781       0.11559927      0.086699452 
     0.037156908 
     0.068628522      0.072864851      0.019487111       0.62867115 
     0.070323053      0.096588290      0.049141411      0.053377739 
     0.025417971 
     0.057435425      0.079396029      0.016892772       0.57266497 
     0.089531692       0.10135663      0.058280064      0.050678316 
     0.081929945 
     0.084671582       0.10662347      0.054357065       0.72441242 
      0.12648471       0.16202587      0.070036987      0.057493049 
      0.12334872 
     0.011680918       0.11388895        0.0000000      0.061324819 
      0.10220803       0.11583577       0.17034672       0.16839990 
      0.29786340 
     0.011860405      0.038815870       0.26092891      0.070084210 
     0.065771336       0.11644761       0.16173279       0.13585555 
      0.45177360 
     0.087440454     0.0093269818       0.35908880      0.086274582 
      0.10143093       0.13873885       0.38007451       0.23317454 
      0.68203554 
     0.023496666    0.00090371791       0.30003435      0.042474742 
      0.15453576       0.10663871       0.36419832       0.20966256 
      0.32443473 
    0.0082129567        0.0000000       0.27349146      0.040243488 
     0.073916610       0.25542295       0.11662398       0.12073046 
      0.28827478 
     0.012229130      0.078933478       0.17009609      0.054475217 
      0.11228565       0.12562652       0.20678348       0.17676652 
      0.37576782 
     0.016812798        0.0000000       0.26594790       0.11463272 
      0.19869671       0.29804506       0.74282000      0.071836502 
      0.41879152 
     0.037199194        0.0000000       0.39183151      0.076878333 
      0.14755680       0.14631683       0.17979610       0.16491643 
      0.30007350 
     0.033789754        0.0000000       0.39078585       0.10283838 
      0.16894877       0.30704602       0.40106969      0.061703029 
      0.19098557 
     0.035688359     0.0049567166       0.11995254      0.071376718 
      0.16158896        1.3075818       0.60769345       0.14077075 
      0.58290987 
     0.035864292        0.0000000       0.28875353       0.10667328 
      0.13242200       0.66394919       0.37979365       0.34852735 
      0.33565299 
      0.11038611        0.0000000       0.11038611      0.067403908 
      0.26375442       0.46205867       0.26375442       0.14750710 
      0.51578642 
     0.065877193        0.0000000       0.17960203      0.024270545 
      0.23785134       0.70037858       0.36405817      0.033285319 
      0.27599077 
     0.044642386        0.0000000       0.20182079      0.019531044 
      0.17112915       0.36085929       0.26971442      0.058593132 
     0.092074921 
     0.032815352        0.0000000       0.19579827      0.097352211 
     0.074381465       0.18157828       0.18485982      0.041566113 
      0.18157828 
       0.0000000     0.0040183696      0.029133179     0.0050229619 
     0.066303098       0.13361079     0.0020091848        0.0000000 
     0.077353614 
       0.0000000       0.21736705       0.94117693        0.0000000 
      0.22633064       0.53333359       0.46386577        1.0061630 
       2.0190486 
       0.0000000       0.11006242        0.0000000       0.31113799 
      0.19049265        1.3270988       0.13334485       0.28362239 
      0.64767501 
       0.0000000        0.0000000        0.0000000        0.0000000 
      0.16892295        1.0691587        0.0000000        0.0000000 
      0.51294897 
     0.031051450        0.0000000        0.0000000       0.64043616 
      0.12226509       0.84421131        0.0000000      0.019407156 
       1.8999606 
     0.042324674        0.0000000        0.0000000       0.92879147 
     0.098757574        1.5330938        0.0000000      0.016459596 
       2.2079372 
      0.18837887       0.32621707        1.1543949       0.50540673 
       6.2509624       0.33081168        1.9136537        4.6003499 
       3.8732534 
     0.022710537       0.67055850       0.94308494       0.98731073 
       8.0682172       0.94786611        2.5017450        8.7387757 
       6.4629408 
       1.1413944        5.0857235        1.6868159       0.55207304 
       2.8348618        6.1113821        6.2829903       0.70505714 
       12.007256 
      0.28643316        1.6042435        4.0394700        4.6450093 
       8.0909201        2.0823582        2.8338369        5.3540131 
       3.8183828 
       1.5996339        3.5048158        6.9691914        0.0000000 
       3.1745543        4.8730419        3.0352603        10.806515 
       7.2904661 
      0.79112384        1.0853183        3.1812629        8.7023622 
       3.5791113        2.2529500        2.8550577        3.7239220 
       3.2376629 
      0.24412488        3.0617985        7.0764716        4.7423227 
       3.7500732        1.9309491        3.2476484        3.2208734 
       3.0224235 
      0.59498533        3.8741659        1.9252508        16.979056 
      0.50201887        1.1155975        5.1013231        3.4684940 
       1.3082916 
      0.78181658        4.4587126        44.527266        12.837392 
      0.93600314        1.5182842        14.188792        1.2371204 
       1.5636332 
       1.1429425        2.9218346        346.08018        2.2364224 
       1.3054630        1.1500087        6.0273879        1.9626108 
       1.6411030 
      0.85601007        1.4965878        60.168548        4.2819569 
       6.5945186        1.5823794        1.8206896       0.71874343 
       50.319666 
      0.81408764       0.87107377        49.472106        1.2903289 
       1.8093098       0.85682724        4.3635097        2.0962757 
       1.0338913 
       3.6741936        4.2640361        18.081612        2.6789339 
       3.3069333        2.0302662        2.5596935        1.1097305 
       1.3943175 
       3.4559601        6.2685329        12.867745        2.1278506 
       4.4030693        3.3589129        2.1422280        1.7486475 
      0.57689194 
      0.15230961        2.8424266        10.105948        4.4684346 
       6.1500150       0.76360627        5.4975535        2.5542733 
       2.3649154 
     0.071282611        5.5152375        10.010115        5.7290853 
       7.2443500        3.3971256        4.4134120        6.0610586 
       4.3217629 
      0.93927914        3.1066910        35.981461        9.9280795 
       12.638859        3.1632497        11.978334        9.0413192 
       2.7713785 
       1.6834863        4.8935055        46.834459        3.8722335 
       26.905680        13.826948        4.3194431        6.0093795 
       1.9264415 
      0.97760278        10.459503        17.080540        2.1731560 
       18.250701        11.614852        10.510288        8.9211544 
       7.1923633 
