
       0.0000000        0.0000000        0.0000000        0.0000000 
       0.0000000        0.0000000        0.0000000        0.0000000 
       0.0000000 
       0.0000000        0.0000000        0.0000000        0.0000000 
       0.0000000        0.0000000        0.0000000        0.0000000 
       0.0000000 
       0.0000000        0.0000000        0.0000000        0.0000000 
       0.0000000        0.0000000        0.0000000        0.0000000 
       0.0000000 
       0.0000000        0.0000000        0.0000000        0.0000000 
       0.0000000        0.0000000        0.0000000        0.0000000 
       0.0000000 
       0.0000000        0.0000000        0.0000000        0.0000000 
       0.0000000        0.0000000        0.0000000        0.0000000 
       0.0000000 
       0.0000000        0.0000000        0.0000000        0.0000000 
       0.0000000        0.0000000        0.0000000        0.0000000 
       0.0000000 
       0.0000000        0.0000000        0.0000000        0.0000000 
       0.0000000        0.0000000        0.0000000        0.0000000 
       0.0000000 
       0.0000000        0.0000000        0.0000000        0.0000000 
       0.0000000        0.0000000        0.0000000        0.0000000 
       0.0000000 
       0.0000000        0.0000000        0.0000000        0.0000000 
       0.0000000        0.0000000        0.0000000        0.0000000 
       0.0000000 
       0.0000000        0.0000000        0.0000000        0.0000000 
       0.0000000        0.0000000        0.0000000        0.0000000 
       0.0000000 
       0.0000000        0.0000000        0.0000000        0.0000000 
       0.0000000        0.0000000        0.0000000        0.0000000 
       0.0000000 
       0.0000000        0.0000000        0.0000000        0.0000000 
       0.0000000        0.0000000        0.0000000        0.0000000 
       0.0000000 
       0.0000000        0.0000000        0.0000000        0.0000000 
       0.0000000        0.0000000        0.0000000        0.0000000 
       0.0000000 
       0.0000000        0.0000000        0.0000000        0.0000000 
       0.0000000        0.0000000        0.0000000        0.0000000 
       0.0000000 
       0.0000000        0.0000000        0.0000000        0.0000000 
       0.0000000        0.0000000        0.0000000        0.0000000 
       0.0000000 
       0.0000000        0.0000000        0.0000000        0.0000000 
       0.0000000        0.0000000        0.0000000        0.0000000 
       0.0000000 
       0.0000000        0.0000000        0.0000000        0.0000000 
       0.0000000        0.0000000        0.0000000        0.0000000 
       0.0000000 
       0.0000000        0.0000000        0.0000000        0.0000000 
       0.0000000        0.0000000        0.0000000        0.0000000 
       0.0000000 
       0.0000000        0.0000000        0.0000000        0.0000000 
       0.0000000        0.0000000        0.0000000        0.0000000 
       0.0000000 
       0.0000000        0.0000000        0.0000000        0.0000000 
       0.0000000        0.0000000        0.0000000        0.0000000 
       0.0000000 
       0.0000000        0.0000000        0.0000000        0.0000000 
       0.0000000        0.0000000        0.0000000        0.0000000 
       0.0000000 
       0.0000000        0.0000000        0.0000000        0.0000000 
       0.0000000        0.0000000        0.0000000        0.0000000 
       0.0000000 
       0.0000000        0.0000000        0.0000000        0.0000000 
       0.0000000        0.0000000        0.0000000        0.0000000 
       0.0000000 
       0.0000000        0.0000000        0.0000000        0.0000000 
       0.0000000        0.0000000        0.0000000        0.0000000 
       0.0000000 
       0.0000000        0.0000000        0.0000000        0.0000000 
       0.0000000        0.0000000        0.0000000        0.0000000 
       0.0000000 
       0.0000000        0.0000000        0.0000000        0.0000000 
       0.0000000        0.0000000        0.0000000        0.0000000 
       0.0000000 
       0.0000000        0.0000000        0.0000000        0.0000000 
       0.0000000        0.0000000        0.0000000        0.0000000 
       0.0000000 
       0.0000000        0.0000000        0.0000000        0.0000000 
       0.0000000        0.0000000        0.0000000        0.0000000 
       0.0000000 
       0.0000000        0.0000000        0.0000000        0.0000000 
       0.0000000        0.0000000        0.0000000        0.0000000 
       0.0000000 
   0.00028741321    0.00035804035    0.00012752122     0.0047565415 
   0.00039335392    0.00050910395    0.00030114627    0.00019520556 
   0.00054932218 
   0.00027159519    0.00033833531    0.00012050299     0.0044947614 
   0.00037170537    0.00048108500    0.00028457244    0.00018446226 
   0.00051908979 
   0.00027691016    0.00034495634    0.00012286116     0.0045827214 
   0.00037897943    0.00049049957    0.00029014136    0.00018807209 
   0.00052924809 
   0.00028931591    0.00036041061    0.00012836542     0.0047880302 
   0.00039595795    0.00051247426    0.00030313988    0.00019649784 
   0.00055295874 
   0.00027555420    0.00034326718    0.00012225954     0.0045602810 
   0.00037712367    0.00048809771    0.00028872061    0.00018715115 
   0.00052665649 
   0.00024849480    0.00030955836    0.00011025366     0.0041124617 
   0.00034009015    0.00044016655    0.00026036827    0.00016877292 
   0.00047493886 
   0.00015515495    0.00019328177    6.8840081e-05     0.0025677350 
   0.00021234517    0.00027483079    0.00016256850    0.00010537828 
   0.00029654189 
   0.00018488156    0.00023031320    8.2029359e-05     0.0030596951 
   0.00025302902    0.00032748644    0.00019371549    0.00012556802 
   0.00035335724 
   0.00019490804    0.00024280353    8.6477971e-05     0.0032256283 
   0.00026675128    0.00034524667    0.00020422106    0.00013237782 
   0.00037252049 
   0.00021114970    0.00026303631    9.3684167e-05     0.0034944194 
   0.00028897962    0.00037401602    0.00022123876    0.00014340884 
   0.00040356256 
   0.00019394996    0.00024161002    8.6052885e-05     0.0032097726 
   0.00026544005    0.00034354959    0.00020321720    0.00013172711 
   0.00037068935 
   0.00021287191    0.00026518173    9.4448287e-05     0.0035229211 
   0.00029133664    0.00037706662    0.00022304326    0.00014457853 
   0.00040685416 
   0.00021294883    0.00026527756    9.4482417e-05     0.0035241942 
   0.00029144192    0.00037720288    0.00022312386    0.00014463078 
   0.00040700118 
   0.00023138853    0.00028824851    0.00010266385     0.0038293617 
   0.00031667850    0.00040986569    0.00024244464    0.00015715467 
   0.00044224429 
   0.00022473237    0.00027995671    9.9710610e-05     0.0037192058 
   0.00030756888    0.00039807544    0.00023547044    0.00015263393 
   0.00042952263 
   0.00027853040    0.00034697473    0.00012358004     0.0046095355 
   0.00038119690    0.00049336955    0.00029183902    0.00018917252 
   0.00053234479 
   0.00021050879    0.00026223791    9.3399804e-05     0.0034838127 
   0.00028810247    0.00037288076    0.00022056723    0.00014297355 
   0.00040233762 
   0.00035425720    0.00044131016    0.00015717896     0.0058627753 
   0.00048483664    0.00062750678    0.00037118416    0.00024060472 
   0.00067707861 
   0.00043030289    0.00053604285    0.00019091937     0.0071212926 
   0.00058891283    0.00076220888    0.00045086344    0.00029225350 
   0.00082242191 
   0.00049817539    0.00062059392    0.00022103345     0.0082445477 
   0.00068180318    0.00088243355    0.00052197900    0.00033835121 
   0.00095214410 
   0.00044524277    0.00055465396    0.00019754798     0.0073685398 
   0.00060935955    0.00078867234    0.00046651716    0.00030240038 
   0.00085097594 
   0.00047712669    0.00059437284    0.00021169444     0.0078962025 
   0.00065299592    0.00084514933    0.00049992456    0.00032405533 
   0.00091191450 
   0.00049674306    0.00061880961    0.00022039794     0.0082208433 
   0.00067984289    0.00087989641    0.00052047822    0.00033737839 
   0.00094940653 
   0.00050602204    0.00063036875    0.00022451490     0.0083744057 
   0.00069254211    0.00089633256    0.00053020057    0.00034368050 
   0.00096714110 
   0.00052181551    0.00065004321    0.00023152224     0.0086357795 
   0.00071415706    0.00092430801    0.00054674867    0.00035440712 
   0.00099732656 
   0.00051926319    0.00064686370    0.00023038981     0.0085935399 
   0.00071066395    0.00091978701    0.00054407440    0.00035267363 
   0.00099244841 
   0.00034890424    0.00043464180    0.00015480393     0.0057741866 
   0.00047751058    0.00061802492    0.00036557543    0.00023696909 
   0.00066684770 
   0.00056203356    0.00070014420    0.00024936643     0.0093013677 
   0.00076919952    0.00099554750    0.00058888841    0.00038172245 
    0.0010741938 
   0.00069803429    0.00086956489    0.00030970804      0.011552110 
   0.00095533020     0.0012364498    0.00073138746    0.00047409155 
    0.0013341270 
    0.0016038498     0.0019979699    0.00071160572      0.026542893 
    0.0021950299     0.0028409490     0.0016804843     0.0010893041 
    0.0030653785 
    0.0021466224     0.0026741201    0.00095242632      0.035525502 
    0.0029378689     0.0038023789     0.0022491914     0.0014579449 
    0.0041027595 
    0.0025618033     0.0031913249     0.0011366363      0.042396533 
    0.0035060857     0.0045378017     0.0026842103     0.0017399278 
    0.0048962793 
    0.0029299730     0.0036499663     0.0012999880      0.048489553 
    0.0040099630     0.0051899521     0.0030699717     0.0019899816 
    0.0055999484 
    0.0029919293     0.0037271474     0.0013274772      0.049514898 
    0.0040947565     0.0052996973     0.0031348884     0.0020320612 
    0.0057183631 
    0.0028691962     0.0035742546     0.0012730222      0.047483728 
    0.0039267839     0.0050822963     0.0030062909     0.0019487032 
    0.0054837880 
    0.0032425249     0.0040393228     0.0014386629      0.053662127 
    0.0044377218     0.0057435850     0.0033974578     0.0022022609 
    0.0061973172 
    0.0027074077     0.0033727092     0.0012012389      0.044806211 
    0.0037053600     0.0047957153     0.0028367719     0.0018388195 
    0.0051745676 
    0.0035021067     0.0043626926     0.0015538357      0.057958072 
    0.0047929856     0.0062033903     0.0036694428     0.0023785639 
    0.0066934462 
    0.0033350325     0.0041545627     0.0014797073      0.055193081 
    0.0045643278     0.0059074467     0.0034943856     0.0022650903 
    0.0063741236 
    0.0036203225     0.0045099581     0.0016062864      0.059914484 
    0.0049547759     0.0064127897     0.0037933072     0.0024588539 
    0.0069193877 
    0.0033805291     0.0042112393     0.0014998934      0.055946025 
    0.0046265944     0.0059880361     0.0035420561     0.0022959907 
    0.0064610794 
    0.0029288238     0.0036485348     0.0012994781      0.048470535 
    0.0040083903     0.0051879166     0.0030687676     0.0019892012 
    0.0055977520 
    0.0026667434     0.0033220524     0.0011831967      0.044133238 
    0.0036497068     0.0047236854     0.0027941646     0.0018112012 
    0.0050968475 
    0.0030272244     0.0037711157     0.0013431371      0.050099014 
    0.0041430613     0.0053622165     0.0031718699     0.0020560329 
    0.0057858213 
    0.0030350069     0.0037808107     0.0013465901      0.050227811 
    0.0041537126     0.0053760021     0.0031800243     0.0020613187 
    0.0058006959 
    0.0029858239     0.0037195418     0.0013247683      0.049413858 
    0.0040864007     0.0052888827     0.0031284913     0.0020279146 
    0.0057066942 
    0.0021752866     0.0027098280    0.00096514421      0.035999879 
    0.0029770987     0.0038531526     0.0022792252     0.0014774131 
    0.0041575443 
    0.0029855772     0.0037192344     0.0013246588      0.049409774 
    0.0040860629     0.0052884456     0.0031282327     0.0020277469 
    0.0057062226 
    0.0029690623     0.0036986613     0.0013173314      0.049136462 
    0.0040634607     0.0052591923     0.0031109288     0.0020165304 
    0.0056746584 
    0.0040411539     0.0050342019     0.0017930034      0.066879028 
    0.0055307260     0.0071582214     0.0042342466     0.0027446745 
    0.0077237071 
    0.0045132954     0.0056223646     0.0020024860      0.074692729 
    0.0061768992     0.0079945404     0.0047289478     0.0030653440 
    0.0086260937 
    0.0045583951     0.0056785468     0.0020224961      0.075439105 
    0.0062386226     0.0080744268     0.0047762023     0.0030959748 
    0.0087122909 
    0.0042542646     0.0052996811     0.0018875577      0.070405901 
    0.0058223894     0.0075357110     0.0044575400     0.0028894152 
    0.0081310176 
    0.0050560142     0.0062984477     0.0022432827      0.083674446 
    0.0069196645     0.0089558749     0.0052975985     0.0034339482 
    0.0096633718 
    0.0057931703     0.0072167480     0.0025703486      0.095874003 
    0.0079285368      0.010261622     0.0060699771     0.0039346105 
     0.011072271 
     0.017358331      0.021623859     0.0077016485       0.28727149 
     0.023756624      0.030747351      0.018187739      0.011789447 
     0.033176332 
     0.083370508       0.10385746      0.036990328        1.3797392 
      0.11410093       0.14767677      0.087354082      0.056623656 
      0.15934295 
      0.20859378       0.25985232      0.092550140        3.4521202 
      0.28548159       0.36948864       0.21856072       0.14167291 
      0.39867753 
      0.19967708       0.24874449      0.088593928        3.3045535 
      0.27327819       0.35369422       0.20921797       0.13561686 
      0.38163538 
      0.18864395       0.23500014      0.083698681        3.1219608 
      0.25817824       0.33415089       0.19765766       0.12812337 
      0.36054817 
      0.16081918       0.20033789      0.071353221        2.6614752 
      0.22009724       0.28486401       0.16850338       0.10922532 
      0.30736772 
      0.19707816       0.24550692      0.087440820        3.2615426 
      0.26972130       0.34909066       0.20649486       0.13385172 
      0.37666815 
      0.24591647       0.30634645       0.10910969        4.0697916 
      0.33656144       0.43559947       0.25766674       0.16702176 
      0.47001099 
      0.28066296       0.34963133       0.12452623        4.6448282 
      0.38411551       0.49714701       0.29407347       0.19062092 
      0.53642067 
      0.37194245       0.38033213       0.14728548        2.3789402 
      0.54253259       0.73549521       0.30762157       0.15660735 
      0.44651737 
      0.27661254       0.20917963       0.11835163        2.0587679 
      0.26560308       0.35780726       0.21193199       0.15963709 
      0.21055581 
      0.19741291       0.20758010      0.055072271        1.7953560 
      0.19995471       0.27705589       0.14064611       0.15250783 
      0.21181643 
      0.27281827       0.37501954      0.080240667        2.7129792 
      0.42485322       0.48059937       0.27704146       0.23987736 
      0.38853376 
      0.61987960       0.77563350       0.39513405        5.2987685 
      0.92616076        1.1812208       0.51116547       0.42231258 
      0.90211821 
    0.0068138687       0.19468196        0.0000000        14.258507 
    0.0068138687      0.036016163       0.36308186      0.040883212 
       1.1213681 
     0.012938623       0.12076049      0.037737652        1.5461655 
    0.0021564372       0.13369911       0.12615158       0.55959546 
       1.8146419 
     0.044303164       0.34859594       0.11891902        4.1236918 
     0.053630145       0.58293636       0.32411262       0.50715464 
       8.2835257 
     0.039763588       0.44914780      0.053319357        3.5326333 
     0.051511921       0.31991614       0.15724692       0.43559203 
       5.6509481 
    0.0065703653      0.071452723      0.056669401        2.0745929 
     0.041064783       0.42050338       0.24228222       0.26527850 
       1.2294796 
     0.085603913       0.31573391       0.19233087        2.3969096 
      0.13674391       0.36131522       0.46470695       0.93719608 
       3.4208213 
      0.14520144       0.33931284       0.11157584        1.3924054 
      0.22315169       0.18188391       0.55635078       0.25983416 
       4.1512328 
     0.060758683       0.17359624      0.024799462       0.84690164 
     0.048358952       0.14383688       0.19715573       0.16491643 
       3.1247323 
     0.066110388       0.37462553      0.073455987        2.2506914 
      0.27178715       0.57001846       0.56414198       0.31732986 
       3.2144340 
     0.072368062       0.21214747       0.10309970        1.3502096 
      0.19430329       0.90608779       0.61463285       0.55614360 
       2.7985622 
     0.091959722       0.21794454       0.10851247        1.9320738 
      0.20415058       0.51589404       0.78165764       0.52049203 
       1.6515966 
     0.082056931       0.19732738       0.17974375        1.7368717 
      0.12503913       0.51578642       0.97784509       0.31845904 
       1.7612934 
     0.047154202       0.10332318      0.047847646       0.90147738 
     0.039526316       0.13314128       0.30164820       0.17405448 
       1.7024054 
     0.077194126       0.19810059       0.13299711        1.3541524 
     0.039062088       0.18414984       0.13113701       0.10044537 
       2.7464368 
    0.0087507606      0.064536859       0.11813527       0.97242827 
      0.11047835       0.22533208      0.038284578      0.089695296 
       1.1004081 
    0.0070321467       0.14064293       0.29836394       0.78458666 
      0.17078071       0.28630883       0.31443742       0.39580940 
       1.2738231 
     0.011204487      0.076190513       0.20168077        2.5411777 
      0.11428577      0.080672308        1.0957989       0.14789923 
       3.5854359 
     0.010582925       0.36193603       0.34923652        1.7990972 
     0.069847305       0.37886871       0.23494093      0.065614135 
       2.5780005 
     0.016480288       0.56856994      0.074161296        4.6865819 
       0.0000000        1.1721605      0.053560936      0.039140684 
       3.2527969 
     0.027170019       0.27364091      0.040755029        1.6030311 
     0.065984332       0.73553123     0.0077628626      0.017466441 
       4.1705979 
     0.037621933       0.39032755      0.070541124        2.3255057 
     0.051730158        1.3355786      0.039973304      0.016459596 
       4.8461752 
       1.3577063       0.27108179       0.95797549        111.93151 
       1.5001391        68.094368       0.56513662        1.0395298 
       30.077444 
       19.415119        8.8977495        10.167149        175.54528 
       10.909425        28.533997        23.765980        2.4515427 
       8.7471427 
       2.0220507        2.1484288        3.7940056        86.956160 
       1.2105698        86.805837        1.7706246        29.543224 
       46.191885 
       1.1653364        3.6495724        7.2849864        166.75965 
       2.0856255        35.024350        2.1967137        3.5766027 
       37.102352 
       2.4376443        6.3670820        17.214037        0.0000000 
       6.6232031        38.966362        2.6263652        9.9415447 
       56.384847 
       4.0425056        10.091021        16.557201        101.88425 
       12.554327        22.683456        6.3655745        7.4722332 
       25.535465 
       2.9625736        7.4182464        18.704691        227.11017 
       17.854191        24.143163        2.1656240        5.6652723 
       32.840309 
      0.79106004        9.2442465        115.37137        235.60574 
       4.0364346        28.530561        2.3630383        5.2044314 
       16.215041 
      0.69837444        10.974455        174.75142        265.01042 
       9.0335187        26.969951        12.839206        4.5312710 
       6.1547648 
      0.49639390        11.510686        129.13661        296.06452 
       7.7479845        8.3009073        3.5189205        4.2202314 
       6.5555793 
       1.6128831        1.5423433        122.54861        358.70444 
       7.7288749        4.9206281        14.045047        3.7805523 
       2.6519154 
      0.98504604        121.73256        42.407860        226.56059 
       10.438639        5.7271065        54.952951        1.8927538 
       93.160119 
       14.451934        59.136870        48.142907        308.69109 
       7.2593545        4.9286025        72.677808        58.481843 
       27.606533 
       30.149343        80.486310        11.325773        467.65987 
       33.831747        79.248059        75.285296        38.403750 
       31.614038 
       42.492322        62.222591        32.388432        232.35242 
       55.523027        67.150013        70.356747        63.206429 
       44.270640 
       63.663518        59.950713        59.698169        196.28176 
       101.76102        80.706173        92.816070        76.569744 
       90.626675 
       54.229736        72.677986        43.756268        276.91363 
       45.857022        43.572452        99.191917        47.414407 
       67.385703 
       25.456549        57.892148        27.856000        305.29368 
       44.533910        32.319497        35.172608        37.195802 
       27.249687 
       29.224398        48.867443        32.224919        238.92443 
       45.179214        40.981024        25.146821        57.217271 
       31.626085 
