
       0.0000000 
       0.0000000 
       0.0000000 
       0.0000000 
       0.0000000 
       0.0000000 
       0.0000000 
       0.0000000 
       0.0000000 
       0.0000000 
       0.0000000 
       0.0000000 
       0.0000000 
       0.0000000 
       0.0000000 
       0.0000000 
       0.0000000 
       0.0000000 
       0.0000000 
       0.0000000 
       0.0000000 
       0.0000000 
       0.0000000 
       0.0000000 
       0.0000000 
       0.0000000 
       0.0000000 
       0.0000000 
       0.0000000 
   0.00020817738 
   0.00027180817 
   0.00020220141 
   0.00028669138 
   7.4685576e-05 
   8.1708267e-05 
   9.2570451e-05 
   0.00012415935 
   0.00016894281 
   0.00015281415 
   0.00014051973 
   0.00021303884 
   0.00015553955 
   0.00022935310 
   6.0927706e-05 
   9.1612299e-05 
   0.00012563133 
   0.00023797208 
   0.00037308205 
   0.00036064138 
   0.00032267493 
   0.00047750084 
   0.00036292562 
   0.00050170991 
   0.00014150951 
   0.00017084456 
   0.00020828352 
   0.00037765135 
   0.00060537842 
    0.0011613875 
    0.0015561259 
    0.0025638122 
    0.0021412611 
    0.0029672557 
   0.00077830232 
    0.0010671595 
    0.0016166768 
    0.0023538543 
    0.0028931457 
    0.0026222907 
    0.0024512886 
    0.0029311206 
    0.0019494290 
    0.0030030921 
   0.00082350675 
   0.00098297520 
    0.0012992924 
    0.0020072428 
    0.0025763780 
    0.0029279190 
    0.0032735893 
    0.0045619695 
    0.0031107910 
    0.0050170991 
    0.0015723279 
    0.0056948186 
     0.048268878 
      0.13295397 
      0.17738996 
      0.14547906 
      0.12230421 
      0.20716190 
      0.19027672 
      0.31536052 
     0.065136465 
      0.35575507 
     0.088752913 
      0.12194044 
      0.26017748 
      0.11378832 
      0.57623784 
      0.28447012 
      0.19792960 
      0.18657690 
      0.41653963 
      0.31367621 
       1.1598697 
      0.38171089 
      0.36266749 
      0.43073108 
      0.56245333 
      0.56413857 
       1.1183569 
      0.28844967 
       2.6542872 
       4.5623833 
       3.4216582 
       1.7780036 
      0.52051146 
       1.5087224 
       2.6971422 
       3.6601504 
       2.3642699 
       10.643585 
       8.1538761 
       2.9753078 
       4.0550967 
       9.4085941 
       5.5363915 
       2.3734465 
       18.580032 
       17.454481 
       15.290385 
       18.433727 
       36.367427 
       37.410771 
       26.947470 
       13.832298 
       18.788404 

       0.0000000 
       0.0000000 
       0.0000000 
       0.0000000 
       0.0000000 
       0.0000000 
       0.0000000 
       0.0000000 
       0.0000000 
       0.0000000 
       0.0000000 
       0.0000000 
       0.0000000 
       0.0000000 
       0.0000000 
       0.0000000 
       0.0000000 
       0.0000000 
       0.0000000 
       0.0000000 
       0.0000000 
       0.0000000 
       0.0000000 
       0.0000000 
       0.0000000 
       0.0000000 
       0.0000000 
       0.0000000 
       0.0000000 
       9.0511023 
       20.868734 
       29.849073 
       43.229282 
       46.775040 
       50.676628 
       55.071484 
       60.932366 
       68.817117 
       75.869438 
       82.282719 
       92.169623 
       99.268404 
       109.73602 
       112.54781 
       116.77569 
       122.41598 
       132.39485 
       148.19973 
       162.52272 
       175.46228 
       194.24578 
       207.99831 
       226.75179 
       232.04130 
       237.57585 
       242.75834 
       248.83962 
       255.31083 
       266.80611 
       277.68091 
       293.96071 
       309.36155 
       332.86261 
       338.42408 
       344.28386 
       353.29312 
       368.39364 
       388.72126 
       406.92926 
       423.74878 
       446.25383 
       461.27532 
       487.06071 
       491.53307 
       497.24725 
       505.18357 
       517.82032 
       533.95475 
       551.21960 
       566.40821 
       587.91423 
       598.57775 
       609.26883 
       604.74055 
       600.93860 
       607.30604 
       622.79870 
       641.45341 
       654.89735 
       664.19007 
       682.84051 
       698.82869 
       731.07841 
       735.18437 
       737.64316 
       740.93655 
       752.63772 
       789.49853 
       832.37067 
       887.18133 
       944.13741 
       981.30018 
       1035.9258 
       1113.9070 
       1219.6973 
       1346.2189 
       1441.0938 
       1574.7383 
       1674.8232 
       1660.5143 
       1645.7840 
       1630.6836 
       1730.6868 
       1714.8871 
       1698.7640 
       1682.3304 
       1665.6415 
       1648.7178 
       1631.5806 
       1726.1574 
       1772.4246 
       1809.4079 
       1899.0405 
       1930.9377 
       1947.9507 
       1957.4071 
       1975.7617 
       1990.5397 
       1983.3842 
       1977.7269 
       1974.4002 
       1981.1190 
       1976.7276 
       1977.5767 
       1973.0678 
       1988.4825 
       1996.3916 
       1987.7360 
rc =       1.0000000 
uno-strad

       0.0000000 
       0.0000000 
       0.0000000 
       0.0000000 
       0.0000000 
       0.0000000 
       0.0000000 
       0.0000000 
       0.0000000 
       0.0000000 
       0.0000000 
       0.0000000 
       0.0000000 
       0.0000000 
       0.0000000 
       0.0000000 
       0.0000000 
       0.0000000 
       0.0000000 
       0.0000000 
       0.0000000 
       0.0000000 
       0.0000000 
       0.0000000 
       0.0000000 
       0.0000000 
       0.0000000 
       0.0000000 
       0.0000000 
       2.4467411 
       5.6413447 
       8.0689568 
       11.685965 
       12.644472 
       13.699170 
       14.887210 
       16.471554 
       18.603001 
       20.509421 
       22.243093 
       24.915772 
       26.834752 
       29.664411 
       30.424509 
       31.567411 
       33.092124 
       35.789664 
       40.062122 
       43.933988 
       47.431878 
       52.509530 
       56.227186 
       61.296725 
       62.726611 
       64.222740 
       65.623697 
       67.267621 
       69.023297 
       72.147989 
       75.118060 
       79.570041 
       83.805337 
       90.257312 
       91.888853 
       93.635656 
       96.277578 
       100.61385 
       106.42153 
       111.72299 
       116.71954 
       123.32860 
       127.98601 
       135.62362 
       137.56682 
       139.90675 
       142.90499 
       147.21970 
       152.51825 
       158.15390 
       163.24745 
       170.06106 
       173.93810 
       177.81068 
       177.55237 
       177.46753 
       180.10883 
       185.19323 
       191.11484 
       195.61487 
       198.98127 
       204.87234 
       210.02878 
       219.56119 
       221.63200 
       226.67546 
       229.15592 
       235.90869 
       242.09557 
       243.65582 
       248.92047 
       246.65160 
       244.15406 
       241.56062 
       238.99989 
       238.16347 
       235.61013 
       232.78616 
       229.94365 
       228.84353 
       225.99467 
       222.89122 
       220.12994 
       220.98236 
       219.50299 
       222.45227 
       223.75689 
       227.41395 
       230.34343 
       244.85286 
       250.53771 
       262.63646 
       277.10342 
       306.54473 
       334.59393 
       353.83048 
       364.78159 
       406.16540 
       413.00477 
       417.59553 
       429.81153 
       437.07666 
       444.50940 
       444.67719 
       457.91785 
       455.74170 
       450.81593 
       445.85255 
       440.78746 
rc =       1.0000000 
due-fer

       0.0000000 
       0.0000000 
       0.0000000 
       0.0000000 
       0.0000000 
       0.0000000 
       0.0000000 
       0.0000000 
       0.0000000 
       0.0000000 
       0.0000000 
       0.0000000 
       0.0000000 
       0.0000000 
       0.0000000 
       0.0000000 
       0.0000000 
       0.0000000 
       0.0000000 
       0.0000000 
       0.0000000 
       0.0000000 
       0.0000000 
       0.0000000 
       0.0000000 
       0.0000000 
       0.0000000 
       0.0000000 
       0.0000000 
      0.18396549 
      0.42416126 
      0.60668848 
      0.87864395 
      0.95071219 
       1.0300128 
       1.1193391 
       1.2384627 
       1.3987219 
       1.5420617 
       1.6724130 
       1.8733663 
       2.0176505 
       2.2304068 
       2.2875571 
       2.3734895 
       2.4881296 
       2.6909522 
       3.0121896 
       3.3033074 
       3.5663066 
       3.9480849 
       4.2276080 
       4.6087763 
       4.7162865 
       4.8287774 
       4.9341126 
       5.0577159 
       5.1897216 
       5.4241268 
       5.6460014 
       5.9782271 
       6.2924729 
       6.7717372 
       6.8868367 
       7.0085866 
       7.1950505 
       7.5059545 
       7.9237759 
       8.2994121 
       8.6474257 
       9.1118409 
       9.4243787 
       9.9561831 
       10.055141 
       10.179678 
       10.349678 
       10.615056 
       10.951234 
       11.310370 
       11.626748 
       12.071441 
       12.294812 
       12.518417 
       12.432393 
       12.360968 
       12.496121 
       12.816919 
       13.201948 
       13.481334 
       13.676321 
       14.061894 
       14.392427 
       15.053202 
       15.276315 
       15.460170 
       15.533235 
       15.905717 
       16.827889 
       16.609406 
       16.386636 
       16.159857 
       15.928268 
       15.692556 
       15.452213 
       15.206624 
       14.955154 
       14.696864 
       14.431234 
       14.157477 
       14.601041 
       17.358452 
       25.774315 
       30.066801 
       35.890185 
       35.615274 
       35.355669 
       35.022529 
       35.497571 
       35.582344 
       35.720657 
       35.369257 
       35.255678 
       34.897109 
       34.536007 
       34.172582 
       33.806090 
       33.434293 
       33.059474 
       32.680414 
       32.296993 
       31.909327 
       31.517833 
       31.123132 
       30.725883 
       30.327282 
       29.929318 
       29.533819 
       29.143892 
rc =       1.0000000 
tre-mar

       0.0000000 
       0.0000000 
       0.0000000 
       0.0000000 
       0.0000000 
       0.0000000 
       0.0000000 
       0.0000000 
       0.0000000 
       0.0000000 
       0.0000000 
       0.0000000 
       0.0000000 
       0.0000000 
       0.0000000 
       0.0000000 
       0.0000000 
       0.0000000 
       0.0000000 
       0.0000000 
       0.0000000 
       0.0000000 
       0.0000000 
       0.0000000 
       0.0000000 
       0.0000000 
       0.0000000 
       0.0000000 
       0.0000000 
    0.0061321831 
     0.014138709 
     0.020222949 
     0.029288132 
     0.031690406 
     0.034333759 
     0.037311304 
     0.041282091 
     0.046624063 
     0.051402058 
     0.055747099 
     0.062445544 
     0.067255017 
     0.074346894 
     0.076251903 
     0.079116318 
     0.082937655 
     0.089698406 
      0.10040632 
      0.11011025 
      0.11887689 
      0.13160283 
      0.14092027 
      0.15362588 
      0.15720955 
      0.16095925 
      0.16447042 
      0.16857245 
      0.17292326 
      0.18066707 
      0.18796270 
      0.19891051 
      0.20923530 
      0.22501467 
      0.22859897 
      0.23233730 
      0.23816108 
      0.24806105 
      0.26144378 
      0.27334290 
      0.28424826 
      0.29897822 
      0.30860920 
      0.32551535 
      0.32797079 
      0.33126262 
      0.33607476 
      0.34409510 
      0.35450082 
      0.36570573 
      0.37551943 
      0.38965532 
      0.39646545 
      0.40330932 
      0.39984905 
      0.39688350 
      0.40079822 
      0.41089195 
      0.42311488 
      0.43180593 
      0.43767109 
      0.44992501 
      0.46041043 
      0.48194316 
      0.47489661 
      0.46771453 
      0.46041268 
      0.45300023 
      0.44546700 
      0.59052740 
      0.58272089 
      0.57476820 
      0.56665118 
      0.55833807 
      0.54980220 
      0.54100225 
      0.53191934 
      0.52254352 
       1.4636300 
       18.575569 
       20.170363 
       20.667905 
       22.732212 
       23.076200 
       24.396617 
       25.249405 
       25.439594 
       26.755312 
       28.038257 
       34.881830 
       35.749062 
       36.060768 
       36.484401 
       36.543679 
       36.999292 
       38.236971 
       41.534055 
       55.550327 
       74.424923 
       80.650504 
       88.201210 
       95.949689 
       99.979463 
       105.17470 
       135.96407 
       138.64294 
       139.49609 
       141.97625 
       144.63180 
rc =       1.0000000 
qua-com

       0.0000000 
       0.0000000 
       0.0000000 
       0.0000000 
       0.0000000 
       0.0000000 
       0.0000000 
       0.0000000 
       0.0000000 
       0.0000000 
       0.0000000 
       0.0000000 
       0.0000000 
       0.0000000 
       0.0000000 
       0.0000000 
       0.0000000 
       0.0000000 
       0.0000000 
       0.0000000 
       0.0000000 
       0.0000000 
       0.0000000 
       0.0000000 
       0.0000000 
       0.0000000 
       0.0000000 
       0.0000000 
       0.0000000 
      0.30660916 
      0.70693543 
       1.0111475 
       1.4644066 
       1.5845203 
       1.7166879 
       1.8655652 
       2.0641045 
       2.3312031 
       2.5701029 
       2.7873550 
       3.1222772 
       3.3627508 
       3.7173447 
       3.8125951 
       3.9558159 
       4.1468827 
       4.4849203 
       5.0203161 
       5.5055123 
       5.9438443 
       6.5801416 
       7.0460133 
       7.6812939 
       7.8604776 
       8.0479624 
       8.2235209 
       8.4295265 
       8.6495360 
       9.0411013 
       9.4132908 
       9.9711831 
       10.501922 
       11.310440 
       11.515523 
       11.736077 
       12.069956 
       12.617956 
       13.351963 
       14.024569 
       14.660968 
       15.501758 
       16.100999 
       17.076896 
       17.343340 
       17.664386 
       18.073178 
       18.652837 
       19.361523 
       20.118552 
       20.814004 
       21.731475 
       22.287888 
       22.850297 
       22.901668 
       22.981405 
       23.408670 
       24.147642 
       24.995378 
       25.668114 
       26.201169 
       27.051884 
       27.811258 
       29.118988 
       29.714974 
       30.234665 
       30.573073 
       31.469738 
       32.524356 
       32.700104 
       36.982593 
       42.158083 
       45.575251 
       48.731084 
       53.143071 
       58.770441 
       58.755774 
       67.789140 
       80.388404 
       88.539754 
       96.728610 
       105.56913 
       108.99027 
       109.77777 
       120.38770 
       120.04690 
       119.69758 
       119.33956 
       118.97261 
       118.59654 
       123.41291 
       133.04453 
       160.57359 
       185.94824 
       218.31465 
       274.95996 
       321.04575 
       363.05816 
       406.65229 
       434.91203 
       459.53476 
       498.53308 
       526.12357 
       534.68914 
       565.54642 
       610.97431 
       661.63716 
       707.59620 
       722.72428 
rc =       1.0000000 
cin-edpub

       0.0000000 
       0.0000000 
       0.0000000 
       0.0000000 
       0.0000000 
       0.0000000 
       0.0000000 
       0.0000000 
       0.0000000 
       0.0000000 
       0.0000000 
       0.0000000 
       0.0000000 
       0.0000000 
       0.0000000 
       0.0000000 
       0.0000000 
       0.0000000 
       0.0000000 
       0.0000000 
       0.0000000 
       0.0000000 
       0.0000000 
       0.0000000 
       0.0000000 
       0.0000000 
       0.0000000 
       0.0000000 
       0.0000000 
       5.6293441 
       12.979334 
       18.564668 
       26.886505 
       29.091793 
       31.518391 
       34.251777 
       37.896959 
       42.800890 
       47.187090 
       51.175837 
       57.325010 
       61.740105 
       68.250449 
       69.999247 
       72.628780 
       76.136767 
       82.343137 
       92.173003 
       101.08121 
       109.12898 
       120.81140 
       129.36480 
       141.02856 
       144.31837 
       147.76059 
       150.98384 
       154.76611 
       158.80548 
       165.99462 
       172.82802 
       183.07092 
       192.81529 
       207.65968 
       211.42500 
       215.47438 
       221.59291 
       231.62417 
       245.05014 
       257.31726 
       268.90166 
       284.21961 
       295.07677 
       312.82187 
       317.49731 
       323.12547 
       330.30922 
       340.56512 
       353.12336 
       366.49210 
       378.65628 
       394.82231 
       404.28009 
       413.76752 
       413.77843 
       414.21926 
       420.95474 
       433.32787 
       447.62863 
       458.64666 
       467.05187 
       481.25732 
       493.76152 
       516.32537 
       516.47964 
       518.01260 
       536.30116 
       544.76129 
       572.43055 
       593.11763 
       613.71559 
       638.07707 
       661.26352 
       674.11129 
       705.79353 
       741.71812 
       798.97795 
       816.84394 
       826.59691 
       836.37535 
       898.38810 
       929.21936 
       986.98919 
       999.25177 
       1062.3068 
       1094.5416 
       1111.6716 
       1125.1676 
       1125.0547 
       1134.9170 
       1134.9590 
       1143.7053 
       1146.0149 
       1146.9649 
       1145.2348 
       1150.0112 
       1166.4150 
       1186.2432 
       1196.1714 
       1202.4988 
       1208.3163 
       1230.5305 
       1272.1200 
       1310.2756 
       1355.1295 
       1395.5109 
       1426.6262 
       1479.0445 
       1514.4097 
rc =       1.0000000 
sei-idr

       0.0000000 
       0.0000000 
       0.0000000 
       0.0000000 
       0.0000000 
       0.0000000 
       0.0000000 
       0.0000000 
       0.0000000 
       0.0000000 
       0.0000000 
       0.0000000 
       0.0000000 
       0.0000000 
       0.0000000 
       0.0000000 
       0.0000000 
       0.0000000 
       0.0000000 
       0.0000000 
       0.0000000 
       0.0000000 
       0.0000000 
       0.0000000 
       0.0000000 
       0.0000000 
       0.0000000 
       0.0000000 
       0.0000000 
       6.8005911 
       15.679828 
       22.427251 
       32.480538 
       35.144661 
       38.076139 
       41.378236 
       45.781838 
       51.706086 
       57.004883 
       61.823533 
       69.252109 
       74.585813 
       82.450705 
       84.563360 
       87.739997 
       91.977859 
       99.475533 
       111.35061 
       122.11226 
       131.83447 
       145.94754 
       156.28057 
       170.37110 
       174.34539 
       178.50381 
       182.39769 
       186.94685 
       191.77190 
       200.35978 
       208.45064 
       220.59175 
       232.04194 
       249.54127 
       253.51626 
       257.66207 
       264.12064 
       275.09970 
       289.94115 
       303.13728 
       315.23132 
       331.56684 
       342.24760 
       360.99653 
       363.71961 
       367.37024 
       372.70691 
       381.60146 
       393.14141 
       405.56765 
       416.45105 
       432.12775 
       439.68018 
       447.27004 
       443.43259 
       440.14380 
       444.48523 
       455.67917 
       469.23441 
       478.87277 
       485.37724 
       498.96684 
       510.59517 
       534.47496 
       532.83899 
       532.34236 
       532.96422 
       561.17046 
       592.82916 
       626.39151 
       637.73439 
       684.34357 
       698.99693 
       721.81665 
       743.21038 
       768.06655 
       827.34130 
       886.80912 
       922.12102 
       954.30471 
       1006.1618 
       1025.9857 
       1156.3565 
       1161.0214 
       1211.9052 
       1294.5730 
       1357.5600 
       1569.9089 
       1723.1767 
       1981.0822 
       2030.1119 
       2062.5379 
       2091.3239 
       2166.7725 
       2188.2877 
       2211.3332 
       2224.9268 
       2242.5891 
       2281.8804 
       2295.6154 
       2298.2596 
       2309.6973 
       2320.9913 
       2348.1573 
       2392.9583 
       2411.3683 
       2430.3572 
       2454.5324 
       2451.6203 
rc =       1.0000000 
set-igien

       0.0000000 
       0.0000000 
       0.0000000 
       0.0000000 
       0.0000000 
       0.0000000 
       0.0000000 
       0.0000000 
       0.0000000 
       0.0000000 
       0.0000000 
       0.0000000 
       0.0000000 
       0.0000000 
       0.0000000 
       0.0000000 
       0.0000000 
       0.0000000 
       0.0000000 
       0.0000000 
       0.0000000 
       0.0000000 
       0.0000000 
       0.0000000 
       0.0000000 
       0.0000000 
       0.0000000 
       0.0000000 
       0.0000000 
       5.5434936 
       12.781392 
       18.281546 
       26.476471 
       28.648127 
       31.037718 
       33.729419 
       37.319010 
       42.148153 
       46.467461 
       50.395378 
       56.450772 
       60.798535 
       67.209592 
       68.931720 
       71.521151 
       74.975640 
       81.087359 
       90.767315 
       99.539663 
       107.46471 
       118.96896 
       127.39192 
       138.87779 
       142.11743 
       145.50716 
       148.68126 
       152.40584 
       156.38361 
       163.44702 
       170.13284 
       180.14391 
       189.61318 
       204.05501 
       207.52335 
       211.19208 
       216.81085 
       226.17943 
       238.76978 
       250.08895 
       260.57576 
       274.57014 
       283.98794 
       300.01298 
       302.99490 
       306.74762 
       311.87031 
       319.86703 
       329.99720 
       340.81914 
       350.35266 
       363.75275 
       370.48367 
       377.22163 
       374.62943 
       372.47718 
       376.54978 
       386.21650 
       397.81870 
       406.23754 
       412.11315 
       423.73175 
       433.69181 
       453.60317 
       455.89549 
       458.75970 
       461.17918 
       471.57592 
       495.54051 
       515.42671 
       530.43273 
       590.69842 
       630.34602 
       708.29427 
       758.24915 
       784.64651 
       813.73725 
       845.00626 
       908.58713 
       945.97864 
       1113.4106 
       1197.7998 
       1373.3547 
       1384.6104 
       1699.6665 
       1837.2840 
       2017.2264 
       2247.9878 
       2390.0553 
       2479.2368 
       2508.0340 
       2542.3703 
       2569.1651 
       2615.6842 
       2653.2509 
       2647.3581 
       2649.4663 
       2648.6621 
       2656.0327 
       2647.2650 
       2645.6735 
       2637.9632 
       2633.7264 
       2631.5125 
       2631.7213 
       2622.1103 
       2610.3629 
       2598.7894 
       2589.9241 
rc =       1.0000000 
ot-bonif

       0.0000000 
       0.0000000 
       0.0000000 
       0.0000000 
       0.0000000 
       0.0000000 
       0.0000000 
       0.0000000 
       0.0000000 
       0.0000000 
       0.0000000 
       0.0000000 
       0.0000000 
       0.0000000 
       0.0000000 
       0.0000000 
       0.0000000 
       0.0000000 
       0.0000000 
       0.0000000 
       0.0000000 
       0.0000000 
       0.0000000 
       0.0000000 
       0.0000000 
       0.0000000 
       0.0000000 
       0.0000000 
       0.0000000 
       1.6679538 
       3.8457287 
       5.5006422 
       7.9663718 
       8.6197905 
       9.3387824 
       10.148675 
       11.228729 
       12.681745 
       13.981360 
       15.163211 
       16.985188 
       18.293365 
       20.222355 
       20.740518 
       21.519638 
       22.559042 
       24.397967 
       27.310519 
       29.949987 
       32.334513 
       35.795970 
       38.330312 
       41.786239 
       42.760998 
       43.780915 
       44.735954 
       45.856624 
       47.053476 
       49.183591 
       51.208302 
       54.239415 
       57.116430 
       61.497162 
       62.583588 
       63.743136 
       65.505129 
       68.414364 
       72.313483 
       75.851351 
       79.163169 
       83.554526 
       86.593145 
       91.640169 
       92.779406 
       94.166815 
       95.980304 
       98.670951 
       102.01020 
       105.55755 
       108.71686 
       113.03511 
       115.34088 
       117.63759 
       117.11277 
       116.71035 
       118.17208 
       121.30972 
       125.02595 
       127.78183 
       129.77188 
       133.49002 
       136.71159 
       142.92131 
       142.89772 
       149.66495 
       149.99605 
       150.90242 
       154.83708 
       155.48261 
       165.88269 
       169.82562 
       171.66948 
       172.97234 
       177.64286 
       179.64279 
       192.33025 
       194.93164 
       197.96377 
       201.45808 
       205.91737 
       209.97561 
       219.83918 
       219.98000 
       236.69226 
       262.16695 
       276.88496 
       281.67825 
       280.76055 
       282.48421 
       286.13909 
       290.38553 
       291.39019 
       304.65135 
       313.00727 
       313.65809 
       315.50663 
       323.58953 
       326.59920 
       325.83767 
       341.07596 
       354.15046 
       364.59903 
       376.80802 
       403.57591 
       429.69157 
       448.20388 
       455.70264 
       467.02668 
rc =       1.0000000 
nov-al
  rc =         1.0000000 
