
       0.0000000 
       0.0000000 
       0.0000000 
       0.0000000 
       0.0000000 
       0.0000000 
       0.0000000 
       0.0000000 
       0.0000000 
       0.0000000 
       0.0000000 
       0.0000000 
       0.0000000 
       0.0000000 
       0.0000000 
       0.0000000 
       0.0000000 
       0.0000000 
       0.0000000 
       0.0000000 
       0.0000000 
       0.0000000 
       0.0000000 
       0.0000000 
       0.0000000 
       0.0000000 
       0.0000000 
       0.0000000 
       0.0000000 
   0.00069188364 
   0.00090336243 
   0.00067202233 
   0.00095282723 
   0.00024821971 
   0.00027155983 
   0.00030766062 
   0.00041264724 
   0.00056148641 
   0.00050788231 
   0.00046702145 
   0.00070804085 
   0.00051694027 
   0.00076226178 
   0.00020249502 
   0.00030447617 
   0.00041753941 
   0.00079090722 
    0.0012399492 
    0.0011986022 
    0.0010724196 
    0.0015869881 
    0.0012061940 
    0.0016674476 
   0.00047031103 
   0.00056780691 
   0.00069223639 
    0.0012551354 
    0.0020119930 
    0.0038599055 
    0.0051718301 
    0.0085209052 
    0.0071165443 
    0.0098617617 
    0.0025867106 
    0.0035467359 
    0.0053730729 
    0.0078231039 
    0.0096154548 
    0.0087152602 
    0.0081469297 
    0.0097416654 
    0.0064789847 
    0.0099808651 
    0.0027369489 
    0.0032669470 
    0.0043182365 
    0.0066711303 
    0.0085626679 
    0.0097310250 
     0.010879870 
     0.015161840 
     0.010338805 
     0.016674476 
    0.0052256781 
     0.018926897 
      0.16042304 
      0.44187642 
      0.58956073 
      0.48350395 
      0.40648164 
      0.68850868 
      0.63239027 
       1.0481100 
      0.34384538 
      0.37903640 
      0.38014049 
      0.77400090 
       1.3858433 
       1.2199985 
       1.0202472 
       3.2637866 
       2.4356336 
       4.8281805 
       3.5576836 
       2.6073298 
       2.8747584 
       3.1372376 
       4.9646981 
       3.4232486 
       14.630142 
       8.1816029 
       16.789509 
       2.2401238 
       44.676517 
       23.904526 
       37.288147 
       56.663855 
       41.518710 
       32.563259 
       16.052178 
       22.707710 
       21.911235 
       37.311705 
       34.365069 
       3.9137561 
       10.496307 
       8.5745484 
       16.422611 
       2.5101824 
       10.229215 
       4.7601378 
       9.3941784 
       13.128309 
       17.161189 
       6.6947684 
       5.0412307 
       6.7860855 
       11.798816 
