
       0.0000000 
       0.0000000 
       0.0000000 
       0.0000000 
       0.0000000 
       0.0000000 
       0.0000000 
       0.0000000 
       0.0000000 
       0.0000000 
       0.0000000 
       0.0000000 
       0.0000000 
       0.0000000 
       0.0000000 
       0.0000000 
       0.0000000 
       0.0000000 
       0.0000000 
       0.0000000 
       0.0000000 
       0.0000000 
       0.0000000 
       0.0000000 
       0.0000000 
       0.0000000 
       0.0000000 
       0.0000000 
       0.0000000 
   7.6535801e-07 
   9.9929473e-07 
   7.4338754e-07 
   1.0540124e-06 
   2.7457932e-07 
   3.0039804e-07 
   3.4033254e-07 
   4.5646819e-07 
   6.2111329e-07 
   5.6181671e-07 
   5.1661664e-07 
   7.8323103e-07 
   5.7183658e-07 
   8.4320994e-07 
   2.2399892e-07 
   3.3680992e-07 
   4.6187988e-07 
   8.7489737e-07 
   1.3716252e-06 
   1.3258874e-06 
   1.1863049e-06 
   1.7555178e-06 
   1.3342854e-06 
   1.8445217e-06 
   5.2025556e-07 
   6.2810499e-07 
   7.6574822e-07 
   1.3884241e-06 
   2.2256559e-06 
   4.2698069e-06 
   5.7210510e-06 
   9.4257801e-06 
   7.8722836e-06 
   1.0909028e-05 
   2.8614056e-06 
   3.9233805e-06 
   5.9436647e-06 
   8.6538760e-06 
   1.0636565e-05 
   9.6407746e-06 
   9.0120904e-06 
   1.0776179e-05 
   7.1670184e-06 
   1.1040780e-05 
   3.0275983e-06 
   3.6138794e-06 
   4.7768103e-06 
   7.3795690e-06 
   9.4719778e-06 
   1.0764408e-05 
   1.2035255e-05 
   1.6771947e-05 
   1.1436731e-05 
   1.8445217e-05 
   5.7806174e-06 
   2.0936833e-05 
   0.00017745911 
   0.00048880135 
   0.00065216895 
   0.00053484950 
   0.00044964783 
   0.00076162465 
   0.00069954675 
    0.0011594137 
       0.0000000 
       0.0000000 
       0.0000000 
       0.0000000 
       0.0000000 
    0.0070384530 
       0.0000000 
       0.0000000 
       0.0000000 
       0.0000000 
       0.0000000 
       0.0000000 
       0.0000000 
       0.0000000 
     0.065939543 
       1.2842167 
      0.13346350 
     0.044621130 
      0.18875221 
     0.038797325 
      0.18332915 
      0.14026745 
     0.039633106 
      0.31235199 
      0.35304255 
       2.2430816 
      0.35935761 
      0.16361162 
      0.25446869 
     0.046397494 
      0.33183629 
      0.97348780 
       2.6510771 
       11.651836 
       16.637747 
       5.8062361 
       7.5636797 
       8.2252098 
       4.4497212 
       6.1136341 
       36.947450 
       3.3907863 
       1.1182433 
       3.1519032 
       3.4373168 
