
       0.0000000 
       0.0000000 
       0.0000000 
       0.0000000 
       0.0000000 
       0.0000000 
       0.0000000 
       0.0000000 
       0.0000000 
       0.0000000 
       0.0000000 
       0.0000000 
       0.0000000 
       0.0000000 
       0.0000000 
       0.0000000 
       0.0000000 
       0.0000000 
       0.0000000 
       0.0000000 
       0.0000000 
       0.0000000 
       0.0000000 
       0.0000000 
       0.0000000 
       0.0000000 
       0.0000000 
       0.0000000 
       0.0000000 
   0.00070259865 
   0.00091735256 
   0.00068242976 
   0.00096758340 
   0.00025206382 
   0.00027576540 
   0.00031242527 
   0.00041903780 
   0.00057018200 
   0.00051574774 
   0.00047425408 
   0.00071900608 
   0.00052494598 
   0.00077406672 
   0.00020563101 
   0.00030919151 
   0.00042400573 
   0.00080315578 
    0.0012591519 
    0.0012171647 
    0.0010890279 
    0.0016115653 
    0.0012248740 
    0.0016932709 
   0.00047759460 
   0.00057660038 
   0.00070295687 
    0.0012745733 
    0.0020431522 
    0.0039196828 
    0.0052519248 
    0.0086528662 
    0.0072267563 
     0.010014488 
    0.0026267703 
    0.0036016633 
    0.0054562842 
    0.0079442582 
    0.0097643667 
    0.0088502311 
    0.0082730990 
    0.0098925319 
    0.0065793229 
     0.010135436 
    0.0027793353 
    0.0033175413 
    0.0043851119 
    0.0067744443 
    0.0086952756 
    0.0098817267 
     0.011048364 
     0.015396647 
     0.010498919 
     0.016932709 
    0.0053066068 
     0.019220013 
      0.16290746 
      0.44871964 
      0.59869110 
      0.49099184 
      0.41277670 
      0.69917143 
      0.64218392 
       1.0643417 
      0.16315432 
      0.23281331 
      0.98857913 
      0.59301561 
       1.4681443 
       1.1730755 
       1.1997996 
       1.4337802 
       1.4872210 
       1.0389246 
       2.3204987 
       3.2180856 
       4.9556505 
       1.9265751 
       1.1113560 
       1.2164165 
       5.7039758 
       3.2987764 
       5.8796314 
       2.1068634 
       9.6686199 
       6.4227726 
       4.8418445 
       4.9896228 
       2.1227815 
       5.8748736 
       3.3988696 
       8.6951662 
       6.4021090 
       6.3808154 
       5.2009205 
       10.930790 
       20.710369 
       24.480328 
       17.405850 
       15.219420 
       15.984266 
       34.458002 
       57.283451 
       57.213692 
       66.708230 
       64.526210 
       51.203482 
       77.931755 
       57.823810 
