
       0.0000000 
       0.0000000 
       0.0000000 
       0.0000000 
       0.0000000 
       0.0000000 
       0.0000000 
       0.0000000 
       0.0000000 
       0.0000000 
       0.0000000 
       0.0000000 
       0.0000000 
       0.0000000 
       0.0000000 
       0.0000000 
       0.0000000 
       0.0000000 
       0.0000000 
       0.0000000 
       0.0000000 
       0.0000000 
       0.0000000 
       0.0000000 
       0.0000000 
       0.0000000 
       0.0000000 
       0.0000000 
       0.0000000 
   0.00030537784 
   0.00039871860 
   0.00029661163 
   0.00042055096 
   0.00010955715 
   0.00011985882 
   0.00013579268 
   0.00018213081 
   0.00024782420 
   0.00022416487 
   0.00020613004 
   0.00031250918 
   0.00022816279 
   0.00033644076 
   8.9375569e-05 
   0.00013438716 
   0.00018429007 
   0.00034908405 
   0.00054727844 
   0.00052902908 
   0.00047333566 
   0.00070045160 
   0.00053237986 
   0.00073596417 
   0.00020758197 
   0.00025061389 
   0.00030553354 
   0.00055398121 
   0.00088803672 
    0.0017036530 
    0.0022826993 
    0.0037608863 
    0.0031410411 
    0.0043527023 
    0.0011417008 
    0.0015654288 
    0.0023715222 
    0.0034528965 
    0.0042439895 
    0.0038466691 
    0.0035958241 
    0.0042996952 
    0.0028596404 
    0.0044052712 
    0.0012080117 
    0.0014419379 
    0.0019059473 
    0.0029444480 
    0.0037793191 
    0.0042949988 
    0.0048020666 
    0.0066920068 
    0.0045632558 
    0.0073596417 
    0.0023064663 
    0.0083537965 
     0.070806185 
      0.19503174 
      0.26021541 
      0.21340495 
      0.17940948 
      0.30388824 
      0.27911915 
      0.46260605 
      0.16565957 
      0.29775597 
      0.20049604 
      0.41203033 
      0.38362904 
      0.17830747 
      0.35910474 
    0.0088896913 
    0.0013745111 
       0.0000000 
    0.0062170093 
      0.14605030 
     0.018901580 
    0.0032764883 
    0.0054949619 
      0.14091819 
     0.015888512 
       0.0000000 
     0.037750443 
      0.44869949 
      0.25506664 
       1.0335496 
      0.94458903 
       1.7059224 
       1.8014223 
       5.9777411 
       3.8967432 
       8.1066921 
       10.807514 
       21.852060 
       22.891539 
       18.325641 
       12.266091 
       38.060701 
       9.9937412 
       8.5251205 
       16.842962 
       12.667363 
       13.413001 
       5.8447622 
       21.730272 
       3.4595062 
     0.060297431 
     0.070253263 
       0.0000000 
