
       0.0000000 
       0.0000000 
       0.0000000 
       0.0000000 
       0.0000000 
       0.0000000 
       0.0000000 
       0.0000000 
       0.0000000 
       0.0000000 
       0.0000000 
       0.0000000 
       0.0000000 
       0.0000000 
       0.0000000 
       0.0000000 
       0.0000000 
       0.0000000 
       0.0000000 
       0.0000000 
       0.0000000 
       0.0000000 
       0.0000000 
       0.0000000 
       0.0000000 
       0.0000000 
       0.0000000 
       0.0000000 
       0.0000000 
   3.8267900e-05 
   4.9964736e-05 
   3.7169377e-05 
   5.2700621e-05 
   1.3728966e-05 
   1.5019902e-05 
   1.7016627e-05 
   2.2823409e-05 
   3.1055664e-05 
   2.8090836e-05 
   2.5830832e-05 
   3.9161551e-05 
   2.8591829e-05 
   4.2160497e-05 
   1.1199946e-05 
   1.6840496e-05 
   2.3093994e-05 
   4.3744868e-05 
   6.8581259e-05 
   6.6294371e-05 
   5.9315245e-05 
   8.7775890e-05 
   6.6714268e-05 
   9.2226087e-05 
   2.6012778e-05 
   3.1405249e-05 
   3.8287411e-05 
   6.9421204e-05 
   0.00011128280 
   0.00021349035 
   0.00028605255 
   0.00047128901 
   0.00039361418 
   0.00054545142 
   0.00014307028 
   0.00019616902 
   0.00029718324 
   0.00043269380 
   0.00053182825 
   0.00048203873 
   0.00045060452 
   0.00053880893 
   0.00035835092 
   0.00055203900 
   0.00015137992 
   0.00018069397 
   0.00023884052 
   0.00036897845 
   0.00047359889 
   0.00053822041 
   0.00060176273 
   0.00083859734 
   0.00057183657 
   0.00092226087 
   0.00028903087 
    0.0010468417 
    0.0088729555 
     0.024440068 
     0.032608448 
     0.026742475 
     0.022482391 
     0.038081232 
     0.034977338 
     0.057970683 
     0.030062984 
     0.027774219 
     0.021386244 
     0.048776176 
     0.055752317 
     0.016423057 
      0.21017371 
      0.26161091 
      0.18968253 
      0.19194601 
      0.28909093 
      0.45308786 
     0.018901580 
      0.74703934 
      0.89293131 
      0.63280246 
      0.70544994 
      0.80318034 
      0.33975398 
      0.12145249 
       1.5064874 
       0.0000000 
       0.0000000 
       0.0000000 
       0.0000000 
       0.0000000 
       2.1260903 
       5.0680020 
       16.316963 
       16.788933 
       23.269858 
       44.463560 
       37.270601 
       35.268663 
       38.808524 
       26.741215 
       25.104332 
       41.848742 
       30.917365 
       10.655648 
       37.639735 
       57.809741 
       62.110009 
       56.891852 
       19.357521 
