
       0.0000000 
       0.0000000 
       0.0000000 
       0.0000000 
       0.0000000 
       0.0000000 
       0.0000000 
       0.0000000 
       0.0000000 
       0.0000000 
       0.0000000 
       0.0000000 
       0.0000000 
       0.0000000 
       0.0000000 
       0.0000000 
       0.0000000 
       0.0000000 
       0.0000000 
       0.0000000 
       0.0000000 
       0.0000000 
       0.0000000 
       0.0000000 
       0.0000000 
       0.0000000 
       0.0000000 
       0.0000000 
       0.0000000 
   0.00084878203 
    0.0011082179 
   0.00082441678 
    0.0011688998 
   0.00030450847 
   0.00033314143 
   0.00037742879 
   0.00050622322 
   0.00068881464 
   0.00062305473 
   0.00057292786 
   0.00086860321 
   0.00063416676 
   0.00093511982 
   0.00024841480 
   0.00037352220 
   0.00051222478 
   0.00097026118 
    0.0015211323 
    0.0014704092 
    0.0013156121 
    0.0019468692 
    0.0014797225 
    0.0020455746 
   0.00057696341 
   0.00069656843 
   0.00084921478 
    0.0015397623 
    0.0024682524 
    0.0047352159 
    0.0063446456 
     0.010453190 
    0.0087303625 
     0.012098113 
    0.0031732988 
    0.0043510289 
    0.0065915242 
    0.0095971485 
     0.011795951 
     0.010691619 
    0.0099944083 
     0.011950782 
    0.0079482234 
     0.012244225 
    0.0033576066 
    0.0040077923 
    0.0052974826 
    0.0081839420 
     0.010504423 
     0.011937729 
     0.013347097 
     0.018600089 
     0.012683335 
     0.020455746 
    0.0064107047 
     0.023218948 
      0.19680215 
      0.54208070 
      0.72325537 
      0.59314809 
      0.49865944 
      0.84464174 
      0.77579735 
       1.2857898 
      0.25741430 
      0.31613597 
      0.38388308 
       1.6840617 
       1.8225698 
       1.9379207 
      0.93951822 
       2.6961164 
       1.2356855 
       1.8187892 
       1.9195016 
       2.6703970 
       5.4367817 
       5.6126245 
       3.1939466 
       3.2437773 
       5.2590975 
       2.7665101 
       12.943683 
       1.8403427 
       8.7121200 
       15.466332 
       14.888837 
       53.011739 
       45.352390 
       88.688875 
       25.460813 
       23.118059 
       24.612104 
       57.836796 
       24.852859 
       28.625721 
       22.065428 
       26.463124 
       47.469430 
       26.741215 
       18.150684 
       29.189088 
       30.917365 
       52.658875 
       76.186925 
       48.109380 
       48.575976 
       57.015270 
       25.815682 
