
       0.0000000 
       0.0000000 
       0.0000000 
       0.0000000 
       0.0000000 
       0.0000000 
       0.0000000 
       0.0000000 
       0.0000000 
       0.0000000 
       0.0000000 
       0.0000000 
       0.0000000 
       0.0000000 
       0.0000000 
       0.0000000 
       0.0000000 
       0.0000000 
       0.0000000 
       0.0000000 
       0.0000000 
       0.0000000 
       0.0000000 
       0.0000000 
       0.0000000 
       0.0000000 
       0.0000000 
       0.0000000 
       0.0000000 
   2.2960740e-05 
   2.9978842e-05 
   2.2301626e-05 
   3.1620373e-05 
   8.2373797e-06 
   9.0119412e-06 
   1.0209976e-05 
   1.3694046e-05 
   1.8633399e-05 
   1.6854501e-05 
   1.5498499e-05 
   2.3496931e-05 
   1.7155097e-05 
   2.5296298e-05 
   6.7199676e-06 
   1.0104298e-05 
   1.3856396e-05 
   2.6246921e-05 
   4.1148755e-05 
   3.9776623e-05 
   3.5589147e-05 
   5.2665534e-05 
   4.0028561e-05 
   5.5335652e-05 
   1.5607667e-05 
   1.8843150e-05 
   2.2972447e-05 
   4.1652722e-05 
   6.6769678e-05 
   0.00012809421 
   0.00017163153 
   0.00028277340 
   0.00023616851 
   0.00032727085 
   8.5842167e-05 
   0.00011770141 
   0.00017830994 
   0.00025961628 
   0.00031909695 
   0.00028922324 
   0.00027036271 
   0.00032328536 
   0.00021501055 
   0.00033122340 
   9.0827950e-05 
   0.00010841638 
   0.00014330431 
   0.00022138707 
   0.00028415933 
   0.00032293224 
   0.00036105764 
   0.00050315841 
   0.00034310194 
   0.00055335652 
   0.00017341852 
   0.00062810500 
    0.0053237733 
     0.014664041 
     0.019565069 
     0.016045485 
     0.013489435 
     0.022848739 
     0.020986403 
     0.034782410 
     0.017536741 
     0.016337776 
     0.012297090 
     0.026955255 
     0.051770008 
       0.0000000 
       0.0000000 
       0.0000000 
       0.0000000 
       0.0000000 
       0.0000000 
       0.0000000 
       0.0000000 
       0.0000000 
       0.0000000 
       0.0000000 
     0.060376346 
      0.26772678 
      0.79275930 
      0.50267838 
      0.84490825 
    0.0073824973 
     0.013211035 
       0.0000000 
      0.22178314 
      0.14001401 
      0.19862675 
       0.0000000 
      0.14137149 
       0.0000000 
       0.0000000 
       0.0000000 
       0.0000000 
       0.0000000 
       0.0000000 
       0.0000000 
       0.0000000 
       0.0000000 
       0.0000000 
       0.0000000 
       0.0000000 
       0.0000000 
       0.0000000 
       0.0000000 
       0.0000000 
