
       0.0000000 
       0.0000000 
       0.0000000 
       0.0000000 
       0.0000000 
       0.0000000 
       0.0000000 
       0.0000000 
       0.0000000 
       0.0000000 
       0.0000000 
       0.0000000 
       0.0000000 
       0.0000000 
       0.0000000 
       0.0000000 
       0.0000000 
       0.0000000 
       0.0000000 
       0.0000000 
       0.0000000 
       0.0000000 
       0.0000000 
       0.0000000 
       0.0000000 
       0.0000000 
       0.0000000 
       0.0000000 
       0.0000000 
    0.0011296684 
    0.0014749590 
    0.0010972400 
    0.0015557223 
   0.00040527908 
   0.00044338751 
   0.00050233083 
   0.00067374704 
   0.00091676322 
   0.00082924147 
   0.00076252617 
    0.0011560490 
   0.00084403079 
    0.0012445779 
   0.00033062240 
   0.00049713145 
   0.00068173470 
    0.0012913485 
    0.0020245188 
    0.0019570098 
    0.0017509860 
    0.0025911443 
    0.0019694052 
    0.0027225141 
   0.00076789720 
   0.00092708296 
    0.0011302444 
    0.0020493139 
    0.0032850682 
    0.0063022350 
    0.0084442713 
     0.013912451 
     0.011619491 
     0.016101726 
    0.0042234346 
    0.0057909096 
    0.0087728491 
     0.012773121 
     0.015699570 
     0.014229783 
     0.013301845 
     0.015905639 
     0.010578519 
     0.016296191 
    0.0044687352 
    0.0053340860 
    0.0070505720 
     0.010892244 
     0.013980639 
     0.015888266 
     0.017764036 
     0.024755394 
     0.016880616 
     0.027225141 
    0.0085321913 
     0.030902766 
      0.26192965 
      0.72147080 
      0.96260138 
      0.78943786 
      0.66368019 
       1.1241580 
       1.0325310 
       1.7112946 
      0.58622818 
      0.53465372 
      0.60202277 
       1.0294340 
       2.1690306 
       2.4810547 
       3.0983223 
       3.3234746 
       2.5455945 
       3.7704640 
       5.5999712 
       9.1132068 
       10.913085 
       8.6695881 
       10.201397 
       8.5481508 
       0.0000000 
       0.0000000 
       0.0000000 
       12.619252 
       0.0000000 
       0.0000000 
       0.0000000 
       0.0000000 
       0.0000000 
       0.0000000 
       45.733809 
       32.234129 
       31.898794 
       69.888545 
       35.275360 
       27.207384 
       22.075509 
       30.478326 
       29.505571 
       11.196507 
       14.048623 
       18.061543 
       30.757773 
       21.076033 
       29.513803 
       26.220272 
       51.877717 
       45.875381 
       28.715918 
