
       0.0000000        0.0000000        0.0000000        0.0000000 
       0.0000000        0.0000000 
       0.0000000        0.0000000        0.0000000        0.0000000 
       0.0000000        0.0000000 
       0.0000000        0.0000000        0.0000000        0.0000000 
       0.0000000        0.0000000 
       0.0000000        0.0000000        0.0000000        0.0000000 
       0.0000000        0.0000000 
       0.0000000        0.0000000        0.0000000        0.0000000 
       0.0000000        0.0000000 
       0.0000000        0.0000000        0.0000000        0.0000000 
       0.0000000        0.0000000 
       0.0000000        0.0000000        0.0000000        0.0000000 
       0.0000000        0.0000000 
       0.0000000        0.0000000        0.0000000        0.0000000 
       0.0000000        0.0000000 
       0.0000000        0.0000000        0.0000000        0.0000000 
       0.0000000        0.0000000 
       0.0000000        0.0000000        0.0000000        0.0000000 
       0.0000000        0.0000000 
       0.0000000        0.0000000        0.0000000        0.0000000 
       0.0000000        0.0000000 
       0.0000000        0.0000000        0.0000000        0.0000000 
       0.0000000        0.0000000 
       0.0000000        0.0000000        0.0000000        0.0000000 
       0.0000000        0.0000000 
       0.0000000        0.0000000        0.0000000        0.0000000 
       0.0000000        0.0000000 
       0.0000000        0.0000000        0.0000000        0.0000000 
       0.0000000        0.0000000 
       0.0000000        0.0000000        0.0000000        0.0000000 
       0.0000000        0.0000000 
       0.0000000        0.0000000        0.0000000        0.0000000 
       0.0000000        0.0000000 
       0.0000000        0.0000000        0.0000000        0.0000000 
       0.0000000        0.0000000 
       0.0000000        0.0000000        0.0000000        0.0000000 
       0.0000000        0.0000000 
       0.0000000        0.0000000        0.0000000        0.0000000 
       0.0000000        0.0000000 
       0.0000000        0.0000000        0.0000000        0.0000000 
       0.0000000        0.0000000 
       0.0000000        0.0000000        0.0000000        0.0000000 
       0.0000000        0.0000000 
       0.0000000        0.0000000        0.0000000        0.0000000 
       0.0000000        0.0000000 
       0.0000000        0.0000000        0.0000000        0.0000000 
       0.0000000        0.0000000 
       0.0000000        0.0000000        0.0000000        0.0000000 
       0.0000000        0.0000000 
       0.0000000        0.0000000        0.0000000        0.0000000 
       0.0000000        0.0000000 
       0.0000000        0.0000000        0.0000000        0.0000000 
       0.0000000        0.0000000 
       0.0000000        0.0000000        0.0000000        0.0000000 
       0.0000000        0.0000000 
       0.0000000        0.0000000        0.0000000        0.0000000 
       0.0000000        0.0000000 
   0.00029274097    0.00012753072    0.00011014017    0.00011303859 
   3.5747248e-05    8.2122056e-05 
   0.00029264344    0.00012748823    0.00011010347    0.00011300093 
   3.5735338e-05    8.2094695e-05 
   0.00030592205    0.00013327297    0.00011509938    0.00011812831 
   3.7356817e-05    8.5819716e-05 
   0.00032448992    0.00014136194    0.00012208532    0.00012529809 
   3.9624181e-05    9.1028525e-05 
   0.00031393186    0.00013676239    0.00011811298    0.00012122121 
   3.8334914e-05    8.8066693e-05 
   0.00025904026    0.00011284922    9.7460693e-05    0.00010002545 
   3.1631979e-05    7.2668060e-05 
   0.00019535038    8.5103137e-05    7.3498164e-05    7.5432326e-05 
   2.3854667e-05    5.4801263e-05 
   0.00020340842    8.8613571e-05    7.6529902e-05    7.8543847e-05 
   2.4838653e-05    5.7061769e-05 
   0.00021869634    9.5273652e-05    8.2281790e-05    8.4447100e-05 
   2.6705493e-05    6.1350457e-05 
   0.00019425447    8.4625711e-05    7.3085841e-05    7.5009153e-05 
   2.3720843e-05    5.4493829e-05 
   0.00019760016    8.6083237e-05    7.4344614e-05    7.6301051e-05 
   2.4129392e-05    5.5432388e-05 
   0.00022936918    9.9923209e-05    8.6297317e-05    8.8568299e-05 
   2.8008778e-05    6.4344491e-05 
   0.00023532465    0.00010251767    8.8537988e-05    9.0867935e-05 
   2.8736014e-05    6.6015167e-05 
   0.00025959193    0.00011308956    9.7668253e-05    0.00010023847 
   3.1699345e-05    7.2822820e-05 
   0.00025610231    0.00011156932    9.6355324e-05    9.8890990e-05 
   3.1273219e-05    7.1843882e-05 
   0.00029043908    0.00012652792    0.00010927411    0.00011214974 
   3.5466158e-05    8.1476309e-05 
   0.00026511838    0.00011549711    9.9747508e-05    0.00010237244 
   3.2374191e-05    7.4373142e-05 
   0.00038986615    0.00016984268    0.00014668231    0.00015054237 
   4.7607417e-05    0.00010936839 
   0.00048295441    0.00021039598    0.00018170562    0.00018648735 
   5.8974631e-05    0.00013548226 
   0.00045844055    0.00019971668    0.00017248258    0.00017702160 
   5.5981190e-05    0.00012860544 
   0.00045374851    0.00019767262    0.00017071726    0.00017520982 
   5.5408234e-05    0.00012728919 
   0.00051410335    0.00022396582    0.00019342502    0.00019851515 
   6.2778297e-05    0.00014422041 
   0.00054909085    0.00023920790    0.00020658864    0.00021202518 
   6.7050698e-05    0.00015403539 
   0.00056785736    0.00024738340    0.00021364930    0.00021927165 
   6.9342318e-05    0.00015929992 
   0.00059481827    0.00025912875    0.00022379301    0.00022968230 
   7.2634574e-05    0.00016686321 
   0.00054162963    0.00023595746    0.00020378144    0.00020914411 
   6.6139591e-05    0.00015194230 
   0.00043953836    0.00019148206    0.00016537087    0.00016972273 
   5.3673001e-05    0.00012330284 
   0.00061870062    0.00026953294    0.00023277845    0.00023890420 
   7.5550901e-05    0.00017356288 
   0.00078366187    0.00034139725    0.00029484308    0.00030260211 
   9.5694684e-05    0.00021983914 
    0.0014763340    0.00064315541    0.00055545240    0.00057006957 
   0.00018027841    0.00041415311 
    0.0021882388    0.00095329215    0.00082329776    0.00084496349 
   0.00026721068    0.00061386237 
    0.0027603395     0.0012025241     0.0010385436     0.0010658737 
   0.00033707116    0.00077435267 
    0.0032396360     0.0014113266     0.0012188730     0.0012509486 
   0.00039559912    0.00090880879 
    0.0033584707     0.0014630961     0.0012635830     0.0012968352 
   0.00041011028    0.00094214523 
    0.0032715004     0.0014252081     0.0012308615     0.0012632526 
   0.00039949015    0.00091774764 
    0.0033832228     0.0014738792     0.0012728957     0.0013063930 
   0.00041313282    0.00094908890 
    0.0034116549     0.0014862655     0.0012835929     0.0013173717 
   0.00041660472    0.00095706490 
    0.0038562847     0.0016799656     0.0014508794     0.0014890604 
   0.00047089945     0.0010817960 
    0.0037451748     0.0016315613     0.0014090757     0.0014461566 
   0.00045733157     0.0010506266 
    0.0033334067     0.0014521772     0.0012541530     0.0012871571 
   0.00040704967    0.00093511410 
    0.0034470250     0.0015016742     0.0012969005     0.0013310294 
   0.00042092384    0.00096698720 
    0.0031558036     0.0013748055     0.0011873320     0.0012185776 
   0.00038536215    0.00088529143 
    0.0029494023     0.0012848881     0.0011096761     0.0011388781 
   0.00036015804    0.00082739009 
    0.0033990319     0.0014807664     0.0012788437     0.0013124975 
   0.00041506330    0.00095352379 
    0.0034615118     0.0015079854     0.0013023510     0.0013366234 
   0.00042269286    0.00097105117 
    0.0031163328     0.0013576103     0.0011724817     0.0012033364 
   0.00038054229    0.00087421878 
    0.0027418822     0.0011944833     0.0010315992     0.0010587466 
   0.00033481729    0.00076917486 
    0.0032884362     0.0014325861     0.0012372334     0.0012697922 
   0.00040155821    0.00092249860 
    0.0033351191     0.0014529232     0.0012547973     0.0012878183 
   0.00040725877    0.00093559448 
    0.0037219157     0.0016214286     0.0014003247     0.0014371754 
   0.00045449136     0.0010441018 
    0.0046033518     0.0020054206     0.0017319542     0.0017775319 
   0.00056212547     0.0012913693 
    0.0049116642     0.0021397349     0.0018479529     0.0018965832 
   0.00059977418     0.0013778596 
    0.0047064931     0.0020503534     0.0017707598     0.0018173587 
   0.00057472028     0.0013203033 
    0.0056785736     0.0024738340     0.0021364930     0.0021927165 
   0.00069342318     0.0015929992 
    0.0066090918     0.0028792083     0.0024865890     0.0025520255 
   0.00080705081     0.0018540356 
     0.018054321     0.0078652489     0.0067927149     0.0069714706 
    0.0022046531     0.0050647436 
      0.10186127      0.044375207      0.038324042      0.039332570 
     0.012438505      0.028574944 
      0.21781652      0.094890366      0.081950771      0.084107370 
     0.026598057      0.061103645 
      0.22963115       0.10003733      0.086395879      0.088669455 
     0.028040768      0.064417980 
      0.18493026      0.080563677      0.069577721      0.071408714 
     0.022582243      0.051878125 
      0.17198532      0.074924299      0.064707349      0.066410174 
     0.021001508      0.048246708 
      0.21460806      0.093492621      0.080743627      0.082868459 
     0.026206265      0.060203582 
      0.27599547       0.12023565       0.10383988       0.10657251 
     0.033702417      0.077424472 
      0.34414673       0.14992531       0.12948095       0.13288834 
     0.042024518      0.096542812 
      0.26659315      0.066648287       0.13457827       0.10509922 
     0.017943770      0.076901869 
      0.49356078       0.17947665       0.15255515       0.18075862 
     0.085892396       0.17819467 
      0.94312113       0.11276448      0.096106093       0.13967419 
     0.058945070      0.097387508 
      0.43651419       0.10142536       0.16818635       0.14379291 
     0.062909397       0.12838653 
     0.080664110       0.42096582       0.13233956       0.16384897 
     0.051675445       0.11847541 
     0.099777103       0.11386328       0.17255570       0.15025258 
    0.0023476966      0.046953931 
      0.20599807      0.064026427      0.084904610       0.14475540 
     0.011135031      0.083512731 
      0.27047513      0.074920341       0.19047544       0.15999937 
     0.012698363      0.057142633 
      0.29351861      0.048230758       0.24390983      0.038584606 
    0.0027560433      0.073035147 
      0.24161037      0.060402592      0.091275028      0.084563629 
    0.0053691193      0.095301867 
      0.39409684      0.038991914       0.41637794      0.043169619 
     0.029243935       0.11976088 
      0.49457942      0.033193250       0.21409646      0.051449537 
     0.056428525     0.0033193250 
      0.46186711       0.10227057       0.17649922      0.056083863 
     0.016495254      0.042887660 
      0.53570584      0.076997475       0.34730776      0.016382441 
    0.0081912207       0.16873915 
      0.23903084       0.56048610       0.21705099      0.037090992 
     0.027474809      0.064565800 
      0.25071270       0.41453066       0.60826320     0.0028490079 
    0.0071225199      0.071225199 
      0.66681831       0.64989399       0.27530231     0.0033848645 
     0.033848645      0.094776206 
      0.33449891       0.82656101       0.42232102      0.032287539 
     0.011623514       0.16531220 
      0.27308627       0.35050763       0.31813143       0.10416693 
       0.0000000       0.12387418 
      0.51106992       0.69154676       0.43010835       0.15011625 
       0.0000000       0.20071723 
      0.38694813       0.71198455        1.0873242       0.10060651 
     0.013543184       0.24764680 
       1.1418957       0.27987641        1.5964150       0.14105771 
       0.0000000        1.2695194 
      0.23850620       0.57850441       0.25626730      0.043134100 
       0.0000000       0.14970070 
      0.60000956       0.24581890        1.3586120       0.63701456 
       0.0000000       0.73745669 
       2.2358917      0.032640755        2.0590876      0.051681195 
     0.029920692        1.0771449 
       2.8507127      0.028450226        1.9687557      0.079660634 
     0.062590498        1.0071380 
      0.95130586        5.0662264        5.7849328        0.0000000 
       0.0000000       0.64291550 
       6.5496294        7.1589887        3.4753136       0.40623952 
      0.21753471        1.8752540 
       4.5898611        2.6241242        6.4923175       0.18984172 
      0.35275553       0.54394364 
       0.0000000        0.0000000        10.221368        0.0000000 
       0.0000000     0.0023198747 
    0.0026697324      0.050724916        7.3017181        0.0000000 
       0.0000000        0.0000000 
       1.3055536        9.0351630        1.5511075        1.7737837 
      0.35231645       0.37366896 
      0.88228584        10.630609        1.8566864       0.60882041 
    0.0086357505        13.938101 
       1.0600220        16.848771        4.4926956        1.1437080 
      0.11003152        1.7729023 
       1.4670759        19.285411        9.7216888       0.74446121 
      0.34786337        1.9409768 
       2.7341721        24.237839        10.992145        2.1006239 
     0.087385955        1.1813909 
       3.6172292        22.612605        17.874947        74.046705 
      0.15571447        4.3564255 
       3.2217944        27.362129        9.8715625        4.2237878 
      0.15415284        1.8556148 
       1.7308695        11.516884        6.3373328        1.4334443 
     0.036271364        1.8643481 
      0.95382983        4.3210412        2.5142058        1.0258472 
      0.10562545        1.7012099 
      0.53337414        5.1327871        3.3054172       0.61976573 
       2.4076959        2.4433794 
       1.5966749        3.8979771        2.5319731        3.1050460 
      0.52081155        5.5397049 
       6.9289570        7.7493952        5.5183149        1.7285847 
       1.2005076        4.2556806 
       15.860078        17.323997        11.635407        7.0404847 
      0.58670706        4.5968213 
       15.016060        33.026662        21.988878        12.398426 
       3.2602639        11.241315 
