
       0.0000000        0.0000000        0.0000000        0.0000000 
       0.0000000        0.0000000 
       0.0000000        0.0000000        0.0000000        0.0000000 
       0.0000000        0.0000000 
       0.0000000        0.0000000        0.0000000        0.0000000 
       0.0000000        0.0000000 
       0.0000000        0.0000000        0.0000000        0.0000000 
       0.0000000        0.0000000 
       0.0000000        0.0000000        0.0000000        0.0000000 
       0.0000000        0.0000000 
       0.0000000        0.0000000        0.0000000        0.0000000 
       0.0000000        0.0000000 
       0.0000000        0.0000000        0.0000000        0.0000000 
       0.0000000        0.0000000 
       0.0000000        0.0000000        0.0000000        0.0000000 
       0.0000000        0.0000000 
       0.0000000        0.0000000        0.0000000        0.0000000 
       0.0000000        0.0000000 
       0.0000000        0.0000000        0.0000000        0.0000000 
       0.0000000        0.0000000 
       0.0000000        0.0000000        0.0000000        0.0000000 
       0.0000000        0.0000000 
       0.0000000        0.0000000        0.0000000        0.0000000 
       0.0000000        0.0000000 
       0.0000000        0.0000000        0.0000000        0.0000000 
       0.0000000        0.0000000 
       0.0000000        0.0000000        0.0000000        0.0000000 
       0.0000000        0.0000000 
       0.0000000        0.0000000        0.0000000        0.0000000 
       0.0000000        0.0000000 
       0.0000000        0.0000000        0.0000000        0.0000000 
       0.0000000        0.0000000 
       0.0000000        0.0000000        0.0000000        0.0000000 
       0.0000000        0.0000000 
       0.0000000        0.0000000        0.0000000        0.0000000 
       0.0000000        0.0000000 
       0.0000000        0.0000000        0.0000000        0.0000000 
       0.0000000        0.0000000 
       0.0000000        0.0000000        0.0000000        0.0000000 
       0.0000000        0.0000000 
       0.0000000        0.0000000        0.0000000        0.0000000 
       0.0000000        0.0000000 
       0.0000000        0.0000000        0.0000000        0.0000000 
       0.0000000        0.0000000 
       0.0000000        0.0000000        0.0000000        0.0000000 
       0.0000000        0.0000000 
       0.0000000        0.0000000        0.0000000        0.0000000 
       0.0000000        0.0000000 
       0.0000000        0.0000000        0.0000000        0.0000000 
       0.0000000        0.0000000 
       0.0000000        0.0000000        0.0000000        0.0000000 
       0.0000000        0.0000000 
       0.0000000        0.0000000        0.0000000        0.0000000 
       0.0000000        0.0000000 
       0.0000000        0.0000000        0.0000000        0.0000000 
       0.0000000        0.0000000 
       0.0000000        0.0000000        0.0000000        0.0000000 
       0.0000000        0.0000000 
   4.0577957e-05    1.8356695e-05    5.7968510e-06    8.6952765e-06 
   2.8984255e-06    2.3187404e-05 
   4.0564437e-05    1.8350579e-05    5.7949196e-06    8.6923795e-06 
   2.8974598e-06    2.3179679e-05 
   4.2405036e-05    1.9183231e-05    6.0578623e-06    9.0867934e-06 
   3.0289311e-06    2.4231449e-05 
   4.4978801e-05    2.0347553e-05    6.4255429e-06    9.6383144e-06 
   3.2127715e-06    2.5702172e-05 
   4.3515307e-05    1.9685496e-05    6.2164725e-06    9.3247087e-06 
   3.1082362e-06    2.4865890e-05 
   3.5906571e-05    1.6243449e-05    5.1295101e-06    7.6942652e-06 
   2.5647551e-06    2.0518041e-05 
   2.7078271e-05    1.2249694e-05    3.8683244e-06    5.8024866e-06 
   1.9341622e-06    1.5473298e-05 
   2.8195227e-05    1.2754984e-05    4.0278896e-06    6.0418344e-06 
   2.0139448e-06    1.6111558e-05 
   3.0314344e-05    1.3713632e-05    4.3306205e-06    6.4959308e-06 
   2.1653103e-06    1.7322482e-05 
   2.6926363e-05    1.2180974e-05    3.8466232e-06    5.7699348e-06 
   1.9233116e-06    1.5386493e-05 
   2.7390121e-05    1.2390769e-05    3.9128744e-06    5.8693116e-06 
   1.9564372e-06    1.5651498e-05 
   3.1793748e-05    1.4382886e-05    4.5419640e-06    6.8129461e-06 
   2.2709820e-06    1.8167856e-05 
   3.2619259e-05    1.4756331e-05    4.6598941e-06    6.9898412e-06 
   2.3299471e-06    1.8639576e-05 
   3.5983040e-05    1.6278042e-05    5.1404343e-06    7.7106515e-06 
   2.5702172e-06    2.0561737e-05 
   3.5499330e-05    1.6059221e-05    5.0713328e-06    7.6069993e-06 
   2.5356664e-06    2.0285331e-05 
   4.0258882e-05    1.8212351e-05    5.7512689e-06    8.6269033e-06 
   2.8756344e-06    2.3005076e-05 
   3.6749082e-05    1.6624585e-05    5.2498688e-06    7.8748032e-06 
   2.6249344e-06    2.0999475e-05 
   5.4040852e-05    2.4447052e-05    7.7201217e-06    1.1580183e-05 
   3.8600609e-06    3.0880487e-05 
   6.6944176e-05    3.0284270e-05    9.5634537e-06    1.4345181e-05 
   4.7817268e-06    3.8253815e-05 
   6.3546215e-05    2.8747097e-05    9.0780308e-06    1.3617046e-05 
   4.5390154e-06    3.6312123e-05 
   6.2895833e-05    2.8452877e-05    8.9851190e-06    1.3477679e-05 
   4.4925595e-06    3.5940476e-05 
   7.1261850e-05    3.2237504e-05    1.0180264e-05    1.5270396e-05 
   5.0901322e-06    4.0721057e-05 
   7.6111603e-05    3.4431440e-05    1.0873086e-05    1.6309629e-05 
   5.4365431e-06    4.3492345e-05 
   7.8712901e-05    3.5608217e-05    1.1244700e-05    1.6867050e-05 
   5.6223501e-06    4.4978801e-05 
   8.2450057e-05    3.7298835e-05    1.1778580e-05    1.7667869e-05 
   5.8892898e-06    4.7114318e-05 
   7.5077374e-05    3.3963574e-05    1.0725339e-05    1.6088009e-05 
   5.3626696e-06    4.2901357e-05 
   6.0926109e-05    2.7561811e-05    8.7037299e-06    1.3055595e-05 
   4.3518650e-06    3.4814920e-05 
   8.5760482e-05    3.8796409e-05    1.2251497e-05    1.8377246e-05 
   6.1257487e-06    4.9005990e-05 
   0.00010862640    4.9140514e-05    1.5518057e-05    2.3277085e-05 
   7.7590285e-06    6.2072228e-05 
   0.00020464036    9.2575400e-05    2.9234337e-05    4.3851505e-05 
   1.4617168e-05    0.00011693735 
   0.00030332023    0.00013721629    4.3331461e-05    6.4997192e-05 
   2.1665731e-05    0.00017332584 
   0.00038262132    0.00017309060    5.4660188e-05    8.1990282e-05 
   2.7330094e-05    0.00021864075 
   0.00044905846    0.00020314549    6.4151208e-05    9.6226813e-05 
   3.2075604e-05    0.00025660483 
   0.00046553059    0.00021059717    6.6504370e-05    9.9756554e-05 
   3.3252185e-05    0.00026601748 
   0.00045347531    0.00020514359    6.4782187e-05    9.7173280e-05 
   3.2391093e-05    0.00025912875 
   0.00046896158    0.00021214928    6.6994511e-05    0.00010049177 
   3.3497255e-05    0.00026797804 
   0.00047290266    0.00021393215    6.7557522e-05    0.00010133628 
   3.3778761e-05    0.00027023009 
   0.00053453452    0.00024181323    7.6362074e-05    0.00011454311 
   3.8181037e-05    0.00030544829 
   0.00051913314    0.00023484594    7.4161877e-05    0.00011124281 
   3.7080938e-05    0.00029664751 
   0.00046205638    0.00020902551    6.6008054e-05    9.9012082e-05 
   3.3004027e-05    0.00026403222 
   0.00047780544    0.00021615008    6.8257920e-05    0.00010238688 
   3.4128960e-05    0.00027303168 
   0.00043743812    0.00019788867    6.2491160e-05    9.3736740e-05 
   3.1245580e-05    0.00024996464 
   0.00040882804    0.00018494602    5.8404006e-05    8.7606009e-05 
   2.9202003e-05    0.00023361603 
   0.00047115293    0.00021314061    6.7307562e-05    0.00010096134 
   3.3653781e-05    0.00026923025 
   0.00047981352    0.00021705850    6.8544789e-05    0.00010281718 
   3.4272394e-05    0.00027417916 
   0.00043196693    0.00019541361    6.1709561e-05    9.2564341e-05 
   3.0854780e-05    0.00024683824 
   0.00038006287    0.00017193320    5.4294696e-05    8.1442044e-05 
   2.7147348e-05    0.00021717878 
   0.00045582284    0.00020620557    6.5117548e-05    9.7676323e-05 
   3.2558774e-05    0.00026047019 
   0.00046229374    0.00020913288    6.6041963e-05    9.9062945e-05 
   3.3020982e-05    0.00026416785 
   0.00051590911    0.00023338745    7.3701302e-05    0.00011055195 
   3.6850651e-05    0.00029480521 
   0.00063808837    0.00028865903    9.1155482e-05    0.00013673322 
   4.5577741e-05    0.00036462193 
   0.00068082474    0.00030799214    9.7260677e-05    0.00014589102 
   4.8630339e-05    0.00038904271 
   0.00065238518    0.00029512663    9.3197883e-05    0.00013979683 
   4.6598942e-05    0.00037279153 
   0.00078712901    0.00035608217    0.00011244700    0.00016867050 
   5.6223501e-05    0.00044978801 
   0.00091611173    0.00041443150    0.00013087310    0.00019630966 
   6.5436552e-05    0.00052349242 
    0.0025025792     0.0011321192    0.00035751131    0.00053626697 
   0.00017875566     0.0014300453 
     0.014119384     0.0063873403     0.0020170548     0.0030255823 
    0.0010085274     0.0080682194 
     0.030192389      0.013658462     0.0043131985     0.0064697977 
    0.0021565992      0.017252794 
     0.031830061      0.014399313     0.0045471515     0.0068207273 
    0.0022735758      0.018188606 
     0.025633897      0.011596287     0.0036619853     0.0054929780 
    0.0018309927      0.014647941 
     0.023839550      0.010784558     0.0034056500     0.0051084749 
    0.0017028250      0.013622600 
     0.029747652      0.013457271     0.0042496646     0.0063744969 
    0.0021248323      0.016998658 
     0.038256798      0.017306647     0.0054652569     0.0081978853 
    0.0027326284      0.021861027 
     0.047703507      0.021580158     0.0068147867      0.010222180 
    0.0034073934      0.027259147 
       0.0000000        0.0000000        0.0000000        0.0000000 
       0.0000000        0.0000000 
       0.0000000        0.0000000        0.0000000        0.0000000 
       0.0000000        0.0000000 
       0.0000000        0.0000000        0.0000000        0.0000000 
       0.0000000        0.0000000 
       0.0000000        0.0000000        0.0000000        0.0000000 
       0.0000000        0.0000000 
     0.026467911       0.13990182      0.044113185      0.054196199 
     0.016384897      0.039071678 
      0.27115895     0.0011738483     0.0023476966      0.014086179 
    0.0070430897       0.13264486 
    0.0027837577        0.0000000     0.0013918789        0.0000000 
       0.0000000        0.0000000 
      0.45841090        0.0000000        0.0000000     0.0025396726 
     0.043174434       0.46095057 
      0.10472965        0.0000000        0.0000000     0.0027560433 
     0.031694498     0.0041340650 
     0.069798551        0.0000000        0.0000000        0.0000000 
       0.0000000     0.0013422798 
      0.49993204     0.0013925683        0.0000000        0.0000000 
       0.0000000       0.10583519 
       1.1252512        0.0000000      0.018256287        0.0000000 
       0.0000000       0.37840305 
      0.24412976        0.0000000        0.0000000        0.0000000 
       0.0000000        0.0000000 
       1.8495776        0.0000000        0.0000000        1.3646574 
       0.0000000       0.33747829 
      0.34480885     0.0013737404     0.0054949617       0.30771786 
    0.0013737404      0.053575877 
       1.9957301        0.0000000     0.0099715278       0.23646766 
     0.039886111        0.0000000 
      0.78303199     0.0045131527      0.025950628        0.0000000 
    0.0011282882      0.046259815 
      0.75681992      0.030996038     0.0025830032      0.021955527 
    0.0025830032      0.025830032 
      0.51801931        0.0000000     0.0014076612     0.0070383059 
    0.0014076612        0.0000000 
      0.82310932     0.0050600983        0.0000000        0.0000000 
       0.0000000      0.025300491 
      0.55140108     0.0038694813      0.027086369       0.62685596 
    0.0038694813       0.13930133 
       2.9331048     0.0067170338       0.14777474       0.62916216 
     0.011195056      0.020151101 
      0.10656660      0.012686500        0.0000000        0.0000000 
       0.0000000      0.048208701 
       45.685310       0.24317568       0.15330641      0.071366776 
      0.19559783        1.9691944 
       16.274136       0.23120535       0.80241856      0.043521007 
      0.22576522       0.23392541 
       20.740215       0.20199661       0.76815611      0.065435521 
      0.46658371       0.21906674 
       32.019021        1.7523368        2.2920199        2.5612081 
      0.60763355        2.3351423 
       10.372212        1.5240534        1.4729459        3.4281374 
      0.19918841       0.83999849 
       4.7339254       0.28678217       0.64761607       0.51432295 
       0.0000000       0.64492328 
       5.6593343       0.37581970       0.82471545        4.1154577 
      0.10555430        1.8767786 
       15.400351        2.9620681        4.8615827       0.38711120 
      0.57132273        2.6016542 
       25.984482        1.5861866        3.2196538        8.1902136 
      0.35231645        3.5963731 
       150.69097        18.690643        12.724778        34.901386 
      0.28210118        4.3855220 
       85.412358        9.8842403        15.574885        14.411030 
      0.32854483        5.9541002 
       262.10748        5.4246519        11.950031        2.5459565 
      0.46045682        8.4982852 
       53.821346        4.6818706        4.2180528        3.5676997 
       7.2832832        19.539163 
       106.71274        1.7593945        1.1007402        1.3155188 
       12.115302        23.011735 
       127.20307        1.7785384        2.5184720       0.84784062 
       19.866447        30.655219 
       93.461150        6.0819824        1.1389208        1.2825554 
       5.7685978        34.814706 
       1.6531983        1.9764762        2.0308894       0.11362738 
       0.0000000        4.2730296 
       3.7523998        1.6602209        2.3626221       0.47327565 
     0.061976573        2.7363596 
       3.5501687       0.97134057        2.9176260       0.90466228 
     0.073886760        1.7786886 
       1.5915405       0.61030370       0.93007360        3.8445478 
     0.069435750       0.67425768 
       4.2417591       0.41582151        6.4822586        4.2189744 
       0.0000000       0.36835330 
       1.5566347       0.78020189        8.3504217        7.4552625 
      0.15076365       0.70858916 
