
       0.0000000        0.0000000        0.0000000        0.0000000 
       0.0000000        0.0000000 
       0.0000000        0.0000000        0.0000000        0.0000000 
       0.0000000        0.0000000 
       0.0000000        0.0000000        0.0000000        0.0000000 
       0.0000000        0.0000000 
       0.0000000        0.0000000        0.0000000        0.0000000 
       0.0000000        0.0000000 
       0.0000000        0.0000000        0.0000000        0.0000000 
       0.0000000        0.0000000 
       0.0000000        0.0000000        0.0000000        0.0000000 
       0.0000000        0.0000000 
       0.0000000        0.0000000        0.0000000        0.0000000 
       0.0000000        0.0000000 
       0.0000000        0.0000000        0.0000000        0.0000000 
       0.0000000        0.0000000 
       0.0000000        0.0000000        0.0000000        0.0000000 
       0.0000000        0.0000000 
       0.0000000        0.0000000        0.0000000        0.0000000 
       0.0000000        0.0000000 
       0.0000000        0.0000000        0.0000000        0.0000000 
       0.0000000        0.0000000 
       0.0000000        0.0000000        0.0000000        0.0000000 
       0.0000000        0.0000000 
       0.0000000        0.0000000        0.0000000        0.0000000 
       0.0000000        0.0000000 
       0.0000000        0.0000000        0.0000000        0.0000000 
       0.0000000        0.0000000 
       0.0000000        0.0000000        0.0000000        0.0000000 
       0.0000000        0.0000000 
       0.0000000        0.0000000        0.0000000        0.0000000 
       0.0000000        0.0000000 
       0.0000000        0.0000000        0.0000000        0.0000000 
       0.0000000        0.0000000 
       0.0000000        0.0000000        0.0000000        0.0000000 
       0.0000000        0.0000000 
       0.0000000        0.0000000        0.0000000        0.0000000 
       0.0000000        0.0000000 
       0.0000000        0.0000000        0.0000000        0.0000000 
       0.0000000        0.0000000 
       0.0000000        0.0000000        0.0000000        0.0000000 
       0.0000000        0.0000000 
       0.0000000        0.0000000        0.0000000        0.0000000 
       0.0000000        0.0000000 
       0.0000000        0.0000000        0.0000000        0.0000000 
       0.0000000        0.0000000 
       0.0000000        0.0000000        0.0000000        0.0000000 
       0.0000000        0.0000000 
       0.0000000        0.0000000        0.0000000        0.0000000 
       0.0000000        0.0000000 
       0.0000000        0.0000000        0.0000000        0.0000000 
       0.0000000        0.0000000 
       0.0000000        0.0000000        0.0000000        0.0000000 
       0.0000000        0.0000000 
       0.0000000        0.0000000        0.0000000        0.0000000 
       0.0000000        0.0000000 
       0.0000000        0.0000000        0.0000000        0.0000000 
       0.0000000        0.0000000 
    0.0013120206    0.00064151817    0.00046084965    0.00061253392 
   0.00018743151    0.00036713390 
    0.0013115835    0.00064130444    0.00046069611    0.00061232984 
   0.00018736907    0.00036701158 
    0.0013710962    0.00067040343    0.00048160005    0.00064011411 
   0.00019587088    0.00038366461 
    0.0014543146    0.00071109342    0.00051083066    0.00067896570 
   0.00020775922    0.00040695105 
    0.0014069949    0.00068795629    0.00049420956    0.00065687392 
   0.00020099928    0.00039370992 
    0.0011609791    0.00056766579    0.00040779606    0.00054201824 
   0.00016585416    0.00032486898 
   0.00087553076    0.00042809457    0.00030753179    0.00040875295 
   0.00012507582    0.00024499388 
   0.00091164568    0.00044575312    0.00032021722    0.00042561367 
   0.00013023510    0.00025509967 
   0.00098016378    0.00047925534    0.00034428433    0.00045760224 
   0.00014002340    0.00027427263 
   0.00087061906    0.00042569297    0.00030580655    0.00040645985 
   0.00012437415    0.00024361947 
   0.00088561391    0.00043302477    0.00031107352    0.00041346040 
   0.00012651627    0.00024781538 
    0.0010279979    0.00050264402    0.00036108614    0.00047993420 
   0.00014685684    0.00028765772 
    0.0010546894    0.00051569495    0.00037046158    0.00049239548 
   0.00015066991    0.00029512663 
    0.0011634516    0.00056887473    0.00040866453    0.00054317256 
   0.00016620738    0.00032556084 
    0.0011478117    0.00056122750    0.00040317096    0.00053587084 
   0.00016397310    0.00032118441 
    0.0013017039    0.00063647376    0.00045722588    0.00060771741 
   0.00018595769    0.00036424703 
    0.0011882203    0.00058098548    0.00041736457    0.00055473614 
   0.00016974576    0.00033249169 
    0.0017473209    0.00085436014    0.00061374968    0.00081575953 
   0.00024961727    0.00048894104 
    0.0021645284     0.0010583555    0.00076029457     0.0010105383 
   0.00030921834    0.00060568540 
    0.0020546610     0.0010046354    0.00072170345    0.00095924525 
   0.00029352300    0.00057494195 
    0.0020336319    0.00099435317    0.00071431696    0.00094942758 
   0.00029051885    0.00056905754 
    0.0023041332     0.0011266159    0.00080933101     0.0010757146 
   0.00032916188    0.00064475007 
    0.0024609418     0.0012032882    0.00086441035     0.0011489228 
   0.00035156312    0.00068862879 
    0.0025450505     0.0012444135    0.00089395366     0.0011881900 
   0.00036357864    0.00071216434 
    0.0026658852     0.0013034961    0.00093639708     0.0012446032 
   0.00038084074    0.00074597671 
    0.0024275018     0.0011869375    0.00085266446     0.0011333108 
   0.00034678597    0.00067927148 
    0.0019699442    0.00096321278    0.00069194653    0.00091969413 
   0.00028142060    0.00055123623 
    0.0027729223     0.0013558324    0.00097399405     0.0012945749 
   0.00039613175    0.00077592817 
    0.0035122535     0.0017173316     0.0012336855     0.0016397413 
   0.00050175051    0.00098281027 
    0.0066167049     0.0032352666     0.0023241298     0.0030890949 
   0.00094524356     0.0018515080 
    0.0098073540     0.0047953484     0.0034448512     0.0045786911 
    0.0014010506     0.0027443259 
     0.012371423     0.0060490608     0.0043454850     0.0057757599 
    0.0017673461     0.0034618119 
     0.014519557     0.0070994004     0.0051000211     0.0067786444 
    0.0020742224     0.0040629099 
     0.015052156     0.0073598169     0.0052870974     0.0070272950 
    0.0021503079     0.0042119434 
     0.014662368     0.0071692286     0.0051501838     0.0068453177 
    0.0020946240     0.0041028718 
     0.015163091     0.0074140592     0.0053260636     0.0070790866 
    0.0021661558     0.0042429857 
     0.015290519     0.0074763658     0.0053708230     0.0071385782 
    0.0021843599     0.0042786431 
     0.017283283     0.0084507361     0.0060707849     0.0080689258 
    0.0024690404     0.0048362647 
     0.016785305     0.0082072477     0.0058958692     0.0078364383 
    0.0023979007     0.0046969188 
     0.014939823     0.0073048914     0.0052476403     0.0069748511 
    0.0021342604     0.0041805101 
     0.015449043     0.0075538765     0.0054265047     0.0072125869 
    0.0022070061     0.0043230016 
     0.014143833     0.0069156884     0.0049680472     0.0066032326 
    0.0020205475     0.0039577735 
     0.013218773     0.0064633767     0.0046431185     0.0061713567 
    0.0018883962     0.0036989204 
     0.015233945     0.0074487035     0.0053509512     0.0071121657 
    0.0021762778     0.0042628122 
     0.015513971     0.0075856233     0.0054493107     0.0072428993 
    0.0022162815     0.0043411700 
     0.013966931     0.0068291914     0.0049059101     0.0065206436 
    0.0019952758     0.0039082722 
     0.012288700     0.0060086130     0.0043164283     0.0057371395 
    0.0017555285     0.0034386641 
     0.014738272     0.0072063420     0.0051768451     0.0068807543 
    0.0021054674     0.0041241114 
     0.014947498     0.0073086439     0.0052503361     0.0069784341 
    0.0021353568     0.0041826577 
     0.016681061     0.0081562774     0.0058592535     0.0077877709 
    0.0023830088     0.0046677491 
     0.020631524      0.010087873     0.0072468608     0.0096320959 
    0.0029473606     0.0057731805 
     0.022013333      0.010763515     0.0077322238      0.010277212 
    0.0031447619     0.0061598429 
     0.021093788      0.010313899     0.0074092317     0.0098479097 
    0.0030133982     0.0059025326 
     0.025450505      0.012444135     0.0089395366      0.011881900 
    0.0036357864     0.0071216434 
     0.029620946      0.014483290      0.010404412      0.013828925 
    0.0042315637     0.0082886299 
     0.080916727      0.039564585      0.028422149      0.037777029 
     0.011559532      0.022642383 
      0.45652675       0.22322074       0.16035586       0.21313546 
     0.065218107       0.12774681 
      0.97622059       0.47732730       0.34289928       0.45576130 
      0.13946008       0.27316924 
       1.0291720       0.50321810       0.36149855       0.48048234 
      0.14702457       0.28798626 
      0.82882934       0.40525971       0.29112783       0.38694978 
      0.11840419       0.23192574 
      0.77081211       0.37689193       0.27074917       0.35986368 
      0.11011602       0.21569116 
      0.96184075       0.47029621       0.33784833       0.44904789 
      0.13740582       0.26914542 
       1.2369698       0.60482176       0.43448792       0.57749548 
      0.17670997       0.34613293 
       1.5424134       0.75416973       0.54177555       0.72009580 
      0.22034477       0.43160316 
       1.1035418       0.27428333       0.55882025       0.43577726 
     0.075620172       0.31914276 
       1.4242754       0.51791833       0.44228174       0.52176426 
      0.24998533       0.51279042 
       2.4141851       0.28959969       0.24475018       0.35879608 
      0.15120692       0.24859443 
       2.2865640       0.53408795       0.88073156       0.75362890 
      0.33252110       0.67274539 
      0.55708651        2.8976061       0.90873161        1.1242560 
      0.35164510       0.81924487 
       2.4286921       0.50240706       0.56344717        1.5260028 
      0.30050516       0.30637440 
       3.1066736        1.1663945       0.47323881        1.2554747 
      0.25749759       0.78919531 
       3.4907799       0.29841153       0.70475914       0.67682274 
      0.77079063       0.64380700 
       3.7950716       0.44510099       0.59806140        1.1010393 
      0.66971852       0.92740857 
       7.1261636       0.44161006       0.45369058        1.0322132 
      0.24295265        1.1610720 
       7.4864474       0.88288833        1.6919705        2.1292370 
      0.42194821        1.3271176 
       9.7256222        1.6281289        2.1459436        2.1675192 
      0.50287774        2.8015103 
       9.3033232        1.6462263        1.4367366        1.8656132 
      0.79177219        1.9629352 
       9.4297333        1.3679339        1.5645232        2.3803687 
      0.47672905        1.7086886 
       9.7961430        1.0014568        1.4575386        2.0345096 
      0.46844549        1.4122052 
       10.279221        1.2606860        1.5698034       0.99857728 
      0.32478691        1.2606860 
       13.169380       0.71307812       0.90714369       0.75369650 
      0.25837799        1.2264492 
       17.666450        1.1106914       0.80977149        1.5588424 
      0.17564421        1.4025707 
       28.931660        1.7314233        2.5689817        1.9031579 
      0.17877297        2.0734849 
       37.846162        2.2045161        3.7512195        1.3611664 
      0.33733988        2.6801654 
       47.594619       0.89578491        4.1268018        1.3214278 
       4.9761529        2.2191475 
       80.273032        2.6890525        7.3596300        2.8816075 
       2.1673629        1.9524178 
       75.309602        3.6740104        8.6115963        3.8059500 
       1.8471544        3.9531134 
       81.392487        2.8890328        9.4204145        4.7075640 
      0.55243171        4.7049208 
       66.940748        2.8071049        10.613686        3.9821721 
      0.45697057        4.1698565 
       85.316539        2.4353394        10.148196        6.1139537 
      0.94170249        3.8976810 
       67.824972        6.7297049        8.1553570        9.7979277 
       2.7546054        10.273581 
       75.581518        12.375890        11.739012        9.2675028 
       4.2759985        7.1524364 
       105.14538        17.554300        14.077908        13.225640 
       6.4128801        9.6630781 
       122.98700        8.0314062        45.955558        11.598213 
       1.3780056        10.713181 
       81.533627        13.060331        28.931890        22.965038 
       12.266086        11.457157 
       257.63331        34.862552        25.821288        35.385688 
       10.787594        17.155218 
       267.55426        20.142888        23.680667        31.598211 
       8.0916982        15.902735 
       125.29491        25.686937        28.352489        31.072283 
       10.418901        20.000942 
       156.25619        43.768606        42.904829        31.700940 
       9.2746759        32.539509 
       288.75344        31.132927        42.874574        47.669038 
       21.974207        32.351289 
       321.87613        35.012488        45.747837        52.529471 
       15.773697        38.602870 
       166.98414        44.540536        35.131432        53.333029 
       12.054752        35.838608 
       208.62853        42.646419        64.629768        54.501352 
       13.031576        33.668531 
       201.82783        38.542087        51.599633        58.977411 
       11.167491        40.729814 
       160.68835        40.673534        38.677138        61.518322 
       18.112184        28.486686 
       145.66144        39.385247        38.293165        201.19184 
       14.523254        45.562901 
       210.38301        30.538939        48.489908        65.901836 
       18.214094        40.291008 
       289.67569        41.534683        44.897330        79.296592 
       32.684710        60.848547 
       309.04099        46.727309        43.012870        87.991320 
       53.492828        46.725424 
