
       0.0000000        0.0000000        0.0000000        0.0000000 
       0.0000000        0.0000000 
       0.0000000        0.0000000        0.0000000        0.0000000 
       0.0000000        0.0000000 
       0.0000000        0.0000000        0.0000000        0.0000000 
       0.0000000        0.0000000 
       0.0000000        0.0000000        0.0000000        0.0000000 
       0.0000000        0.0000000 
       0.0000000        0.0000000        0.0000000        0.0000000 
       0.0000000        0.0000000 
       0.0000000        0.0000000        0.0000000        0.0000000 
       0.0000000        0.0000000 
       0.0000000        0.0000000        0.0000000        0.0000000 
       0.0000000        0.0000000 
       0.0000000        0.0000000        0.0000000        0.0000000 
       0.0000000        0.0000000 
       0.0000000        0.0000000        0.0000000        0.0000000 
       0.0000000        0.0000000 
       0.0000000        0.0000000        0.0000000        0.0000000 
       0.0000000        0.0000000 
       0.0000000        0.0000000        0.0000000        0.0000000 
       0.0000000        0.0000000 
       0.0000000        0.0000000        0.0000000        0.0000000 
       0.0000000        0.0000000 
       0.0000000        0.0000000        0.0000000        0.0000000 
       0.0000000        0.0000000 
       0.0000000        0.0000000        0.0000000        0.0000000 
       0.0000000        0.0000000 
       0.0000000        0.0000000        0.0000000        0.0000000 
       0.0000000        0.0000000 
       0.0000000        0.0000000        0.0000000        0.0000000 
       0.0000000        0.0000000 
       0.0000000        0.0000000        0.0000000        0.0000000 
       0.0000000        0.0000000 
       0.0000000        0.0000000        0.0000000        0.0000000 
       0.0000000        0.0000000 
       0.0000000        0.0000000        0.0000000        0.0000000 
       0.0000000        0.0000000 
       0.0000000        0.0000000        0.0000000        0.0000000 
       0.0000000        0.0000000 
       0.0000000        0.0000000        0.0000000        0.0000000 
       0.0000000        0.0000000 
       0.0000000        0.0000000        0.0000000        0.0000000 
       0.0000000        0.0000000 
       0.0000000        0.0000000        0.0000000        0.0000000 
       0.0000000        0.0000000 
       0.0000000        0.0000000        0.0000000        0.0000000 
       0.0000000        0.0000000 
       0.0000000        0.0000000        0.0000000        0.0000000 
       0.0000000        0.0000000 
       0.0000000        0.0000000        0.0000000        0.0000000 
       0.0000000        0.0000000 
       0.0000000        0.0000000        0.0000000        0.0000000 
       0.0000000        0.0000000 
       0.0000000        0.0000000        0.0000000        0.0000000 
       0.0000000        0.0000000 
       0.0000000        0.0000000        0.0000000        0.0000000 
       0.0000000        0.0000000 
   0.00064924731    0.00017583781    0.00034298035    0.00016521025 
   5.4103942e-05    0.00020772049 
   0.00064903100    0.00017577923    0.00034286608    0.00016515521 
   5.4085917e-05    0.00020765129 
   0.00067848058    0.00018375516    0.00035842352    0.00017264908 
   5.6540048e-05    0.00021707340 
   0.00071966081    0.00019490814    0.00038017796    0.00018312797 
   5.9971734e-05    0.00023024862 
   0.00069624492    0.00018856633    0.00036780795    0.00017716947 
   5.8020410e-05    0.00022275693 
   0.00057450513    0.00015559514    0.00030349602    0.00014619104 
   4.7875428e-05    0.00018380745 
   0.00043325234    0.00011733917    0.00022887586    0.00011024725 
   3.6104361e-05    0.00013861496 
   0.00045112363    0.00012217932    0.00023831680    0.00011479485 
   3.7593636e-05    0.00014433271 
   0.00048502950    0.00013136216    0.00025622838    0.00012342269 
   4.0419125e-05    0.00015518057 
   0.00043082180    0.00011668090    0.00022759187    0.00010962876 
   3.5901817e-05    0.00013783733 
   0.00043824193    0.00011869052    0.00023151174    0.00011151692 
   3.6520161e-05    0.00014021133 
   0.00050869997    0.00013777291    0.00026873287    0.00012944598 
   4.2391664e-05    0.00016275371 
   0.00052190814    0.00014135012    0.00027571040    0.00013280698 
   4.3492345e-05    0.00016697954 
   0.00057572865    0.00015592651    0.00030414237    0.00014650238 
   4.7977387e-05    0.00018419890 
   0.00056798928    0.00015383043    0.00030005386    0.00014453299 
   4.7332440e-05    0.00018172276 
   0.00064414212    0.00017445516    0.00034028341    0.00016391116 
   5.3678510e-05    0.00020608714 
   0.00058798531    0.00015924602    0.00031061724    0.00014962126 
   4.8998776e-05    0.00018812030 
   0.00086465363    0.00023417703    0.00045677387    0.00022002347 
   7.2054469e-05    0.00027663770 
    0.0010711068    0.00029009143    0.00056583768    0.00027255843 
   8.9258901e-05    0.00034269042 
    0.0010167394    0.00027536693    0.00053711682    0.00025872388 
   8.4728287e-05    0.00032529610 
    0.0010063333    0.00027254861    0.00053161954    0.00025607589 
   8.3861111e-05    0.00032196676 
    0.0011401896    0.00030880135    0.00060233231    0.00029013753 
   9.5015800e-05    0.00036479281 
    0.0012177857    0.00032981695    0.00064332427    0.00030988296 
   0.00010148214    0.00038961892 
    0.0012594064    0.00034108924    0.00066531142    0.00032047395 
   0.00010495053    0.00040293509 
    0.0013192009    0.00035728358    0.00069689929    0.00033568952 
   0.00010993341    0.00042206577 
    0.0012012380    0.00032533529    0.00063458257    0.00030567217 
   0.00010010317    0.00038432465 
   0.00097481775    0.00026401314    0.00051497069    0.00024805630 
   8.1234813e-05    0.00031188366 
    0.0013721677    0.00037162876    0.00072488026    0.00034916768 
   0.00011434731    0.00043901199 
    0.0017380224    0.00047071439    0.00091815170    0.00044226462 
   0.00014483520    0.00055606371 
    0.0032742457    0.00088677488     0.0017296983    0.00083317860 
   0.00027285381     0.0010475637 
    0.0048531236     0.0013143877     0.0025637781     0.0012349466 
   0.00040442697     0.0015527107 
    0.0061219411     0.0016580257     0.0032340611     0.0015578154 
   0.00051016176     0.0019586567 
    0.0071849353     0.0019459200     0.0037956132     0.0018283094 
   0.00059874461     0.0022987516 
    0.0074484894     0.0020172992     0.0039348419     0.0018953745 
   0.00062070745     0.0023830732 
    0.0072556049     0.0019650597     0.0038329460     0.0018462923 
   0.00060463374     0.0023213617 
    0.0075033852     0.0020321668     0.0039638419     0.0019093436 
   0.00062528210     0.0024006366 
    0.0075664425     0.0020492448     0.0039971534     0.0019253894 
   0.00063053687     0.0024208112 
    0.0085525522     0.0023163162     0.0045180894     0.0021763191 
   0.00071271269     0.0027363076 
    0.0083061302     0.0022495769     0.0043879110     0.0021136135 
   0.00069217751     0.0026574672 
    0.0073929021     0.0020022443     0.0039054766     0.0018812296 
   0.00061607517     0.0023652886 
    0.0076448871     0.0020704902     0.0040385936     0.0019453507 
   0.00063707392     0.0024459088 
    0.0069990099     0.0018955652     0.0036973936     0.0017809981 
   0.00058325083     0.0022392666 
    0.0065412487     0.0017715882     0.0034555704     0.0016645142 
   0.00054510406     0.0020928102 
    0.0075384469     0.0020416627     0.0039823641     0.0019182655 
   0.00062820391     0.0024118543 
    0.0076770163     0.0020791919     0.0040555667     0.0019535265 
   0.00063975136     0.0024561883 
    0.0069114708     0.0018718567     0.0036511490     0.0017587225 
   0.00057595590     0.0022112593 
    0.0060810060     0.0016469391     0.0032124362     0.0015473988 
   0.00050675050     0.0019455599 
    0.0072931654     0.0019752323     0.0038527883     0.0018558501 
   0.00060776378     0.0023333788 
    0.0073966999     0.0020032729     0.0039074828     0.0018821960 
   0.00061639166     0.0023665037 
    0.0082545458     0.0022356061     0.0043606603     0.0021004871 
   0.00068787881     0.0026409633 
     0.010209414     0.0027650496     0.0053933660     0.0025979312 
   0.00085078450     0.0032664048 
     0.010893196     0.0029502405     0.0057545901     0.0027719293 
   0.00090776632     0.0034851743 
     0.010438163     0.0028270025     0.0055142081     0.0026561397 
   0.00086984691     0.0033395908 
     0.012594064     0.0034108924     0.0066531142     0.0032047395 
    0.0010495053     0.0040293509 
     0.014657788     0.0039698175     0.0077433253     0.0037298835 
    0.0012214823     0.0046896196 
     0.040041267      0.010844510      0.021152753      0.010189072 
    0.0033367723      0.012810822 
      0.22591014      0.061183997       0.11934241      0.057486063 
     0.018825845      0.072277799 
      0.48307823       0.13083369       0.25519758       0.12292616 
     0.040256519       0.15455628 
      0.50928097       0.13793026       0.26903980       0.12959382 
     0.042440081       0.16293960 
      0.41014235       0.11108022       0.21666746       0.10436658 
     0.034178530       0.13122114 
      0.38143279       0.10330472       0.20150096      0.097061024 
     0.031786066       0.12203579 
      0.47596243       0.12890649       0.25143849       0.12111544 
     0.039663536       0.15227965 
      0.61210877       0.16577946       0.32336103       0.15575982 
     0.051009064       0.19583837 
      0.76325612       0.20671520       0.40320822       0.19422142 
     0.063604676       0.24419653 
       1.1189222       0.27812843       0.56651044       0.44218575 
     0.075620172       0.32298785 
      0.76790366       0.27947078       0.23844755       0.28203473 
      0.13460749       0.27690683 
      0.81113543      0.097387508      0.082010533       0.12045297 
     0.051256583      0.083291947 
      0.41468848      0.096289894       0.16048316       0.13737358 
     0.060341667       0.12196720 
      0.75496565       0.14494332       0.23695082       0.29240740 
     0.092007500       0.21300367 
       1.1808914       0.45780083        1.3241009      0.034041600 
     0.011738483       0.57518565 
       2.0112649       0.25053819        1.3654332      0.055675154 
    0.0041756366        1.1121112 
       2.4228476      0.034285580       0.41777614       0.10793608 
      0.38730007       0.52317255 
       2.2847599     0.0068901083       0.44234495       0.30178674 
      0.13918019       0.73586356 
       1.0765084      0.056375752       0.40939534      0.084563629 
      0.17986550        1.7033531 
      0.91352484       0.51803543       0.41637794       0.20470755 
      0.22002580        1.1182324 
       1.6580028       0.83978922       0.87630180       0.22239477 
      0.16762591        2.7168675 
       1.8887066       0.13526108        1.0457991       0.20784020 
     0.087424846        2.8058427 
       1.5252053      0.013105953       0.15563319       0.14416548 
     0.083550451        2.4753869 
       1.0728913      0.061818319       0.48630411       0.18270748 
      0.20468732        1.6718421 
       1.2962986       0.50854792       0.23646766      0.061253671 
     0.084045734        1.1666688 
       2.9437038      0.034976933        1.0617192       0.19857872 
      0.15570377       0.71646299 
       5.3158205      0.018081022       0.74390491       0.70774286 
      0.44815105       0.87434657 
       2.2339583      0.056306447       0.88823420       0.31109312 
      0.20974152        1.0219620 
       2.4777614       0.19059703        1.0541871       0.32553299 
    0.0016866994        1.4977891 
       9.8942636       0.37340494        1.0273473        1.4684681 
      0.16058347        7.5280758 
       5.6803716        2.0531733        2.3084206        1.1396567 
       1.6389562        2.3039426 
       27.988957        1.1316358        1.7431251        1.9714821 
       2.2886446        10.494273 
       22.107841       0.53657243        3.5339770        3.4863992 
      0.69780848        1.2872452 
       30.864554       0.14144327        4.3466605        4.3031395 
       1.4715540        2.2304516 
       39.338128       0.12233597        4.1565781        6.6089876 
       3.0327941        2.0854016 
       39.092399       0.60632681        2.6592135        3.7699415 
       2.5468340        3.9463512 
       72.387951       0.57004578        2.6471091        1.7664867 
       1.4650832        3.6102899 
       60.564894       0.89400639        2.8947496        1.2252196 
      0.32852042        3.7766384 
       50.177730        1.1216594        3.8730308        4.6652680 
      0.53937086        3.8011147 
       58.302951        2.5762918        60.209140        6.1577378 
      0.90637415        11.295638 
       32.341430        9.7108175        19.256916        9.8633354 
       1.9430786        25.870094 
       73.042617        5.3786333        48.060830        11.174661 
       2.3215776        14.807434 
       44.678998        2.3184107        35.634717        13.715197 
       4.8925285        10.299571 
       41.641094        22.632965        23.093422        29.696104 
       16.794911        3.7290281 
       112.68587        1.5141297        11.481170        1.4099388 
       7.4630966        6.2649008 
       151.21665      0.085911432        26.859851        1.5678836 
      0.42239787        1.7218083 
       121.94260        0.0000000        6.1815289       0.56073096 
       2.1581398        1.3912294 
       131.64619        22.762457        27.151292        15.978261 
       5.3899247        12.973542 
       215.21666        9.2918389        58.516500        21.664420 
       3.2983948        24.357869 
       213.46234        9.2063382        8.9452853        4.1355277 
       6.2295846        15.588047 
       108.09633        12.075980        7.2084644        8.8339731 
       2.4995350        18.781654 
       47.367972        11.058557        4.7234583        14.340310 
       6.9728111        9.2404365 
       54.204897        4.2607464        5.7303621        18.212602 
       7.5322553        5.4113758 
       60.737021        1.2777219        18.570313        3.3997203 
       2.4404866        4.8734350 
