
       0.0000000        0.0000000        0.0000000        0.0000000 
       0.0000000        0.0000000 
       0.0000000        0.0000000        0.0000000        0.0000000 
       0.0000000        0.0000000 
       0.0000000        0.0000000        0.0000000        0.0000000 
       0.0000000        0.0000000 
       0.0000000        0.0000000        0.0000000        0.0000000 
       0.0000000        0.0000000 
       0.0000000        0.0000000        0.0000000        0.0000000 
       0.0000000        0.0000000 
       0.0000000        0.0000000        0.0000000        0.0000000 
       0.0000000        0.0000000 
       0.0000000        0.0000000        0.0000000        0.0000000 
       0.0000000        0.0000000 
       0.0000000        0.0000000        0.0000000        0.0000000 
       0.0000000        0.0000000 
       0.0000000        0.0000000        0.0000000        0.0000000 
       0.0000000        0.0000000 
       0.0000000        0.0000000        0.0000000        0.0000000 
       0.0000000        0.0000000 
       0.0000000        0.0000000        0.0000000        0.0000000 
       0.0000000        0.0000000 
       0.0000000        0.0000000        0.0000000        0.0000000 
       0.0000000        0.0000000 
       0.0000000        0.0000000        0.0000000        0.0000000 
       0.0000000        0.0000000 
       0.0000000        0.0000000        0.0000000        0.0000000 
       0.0000000        0.0000000 
       0.0000000        0.0000000        0.0000000        0.0000000 
       0.0000000        0.0000000 
       0.0000000        0.0000000        0.0000000        0.0000000 
       0.0000000        0.0000000 
       0.0000000        0.0000000        0.0000000        0.0000000 
       0.0000000        0.0000000 
       0.0000000        0.0000000        0.0000000        0.0000000 
       0.0000000        0.0000000 
       0.0000000        0.0000000        0.0000000        0.0000000 
       0.0000000        0.0000000 
       0.0000000        0.0000000        0.0000000        0.0000000 
       0.0000000        0.0000000 
       0.0000000        0.0000000        0.0000000        0.0000000 
       0.0000000        0.0000000 
       0.0000000        0.0000000        0.0000000        0.0000000 
       0.0000000        0.0000000 
       0.0000000        0.0000000        0.0000000        0.0000000 
       0.0000000        0.0000000 
       0.0000000        0.0000000        0.0000000        0.0000000 
       0.0000000        0.0000000 
       0.0000000        0.0000000        0.0000000        0.0000000 
       0.0000000        0.0000000 
       0.0000000        0.0000000        0.0000000        0.0000000 
       0.0000000        0.0000000 
       0.0000000        0.0000000        0.0000000        0.0000000 
       0.0000000        0.0000000 
       0.0000000        0.0000000        0.0000000        0.0000000 
       0.0000000        0.0000000 
       0.0000000        0.0000000        0.0000000        0.0000000 
       0.0000000        0.0000000 
    0.0012125080    0.00056326069    0.00040964414    0.00050915674 
   0.00016134569    0.00037389689 
    0.0012121040    0.00056307302    0.00040950765    0.00050898711 
   0.00016129193    0.00037377232 
    0.0012671029    0.00058862229    0.00042808893    0.00053208224 
   0.00016861050    0.00039073212 
    0.0013440094    0.00062434859    0.00045407170    0.00056437685 
   0.00017884428    0.00041444752 
    0.0013002788    0.00060403391    0.00043929739    0.00054601350 
   0.00017302515    0.00040096247 
    0.0010729225    0.00049841740    0.00036248538    0.00045054197 
   0.00014277137    0.00033085340 
   0.00080912453    0.00037587219    0.00027336159    0.00033976783 
   0.00010766836    0.00024950693 
   0.00084250024    0.00039137661    0.00028463753    0.00035378297 
   0.00011210959    0.00025979888 
   0.00090582146    0.00042079196    0.00030603052    0.00038037284 
   0.00012053560    0.00027932502 
   0.00080458536    0.00037376356    0.00027182804    0.00033786174 
   0.00010706435    0.00024810720 
   0.00081844290    0.00038020096    0.00027650979    0.00034368080 
   0.00010890834    0.00025238040 
   0.00095002748    0.00044132751    0.00032096546    0.00039893584 
   0.00012641800    0.00029295668 
   0.00097469452    0.00045278638    0.00032929918    0.00040929403 
   0.00012970039    0.00030056317 
    0.0010752075    0.00049947887    0.00036325736    0.00045150148 
   0.00014307542    0.00033155802 
    0.0010607538    0.00049276451    0.00035837419    0.00044543207 
   0.00014115210    0.00032710097 
    0.0012029737    0.00055883163    0.00040642300    0.00050515312 
   0.00016007698    0.00037095684 
    0.0010980976    0.00051011225    0.00037099073    0.00046111348 
   0.00014612135    0.00033861654 
    0.0016147921    0.00075013849    0.00054555527    0.00067808403 
   0.00021487672    0.00049794785 
    0.0020003557    0.00092924892    0.00067581739    0.00083999002 
   0.00026618279    0.00061684276 
    0.0018988214    0.00088208199    0.00064151418    0.00079735370 
   0.00025267186    0.00058553299 
    0.0018793874    0.00087305406    0.00063494841    0.00078919295 
   0.00025008581    0.00057954018 
    0.0021293720    0.00098918235    0.00071940535    0.00089416655 
   0.00028335069    0.00065662705 
    0.0022742872     0.0010565015    0.00076836476    0.00095501940 
   0.00030263423    0.00070131406 
    0.0023520164     0.0010926100    0.00079462548    0.00098765950 
   0.00031297749    0.00072528316 
    0.0024636862     0.0011444853    0.00083235296     0.0010345519 
   0.00032783713    0.00075971838 
    0.0022433834     0.0010421455    0.00075792397    0.00094204229 
   0.00029852194    0.00069178437 
    0.0018205302    0.00084571242    0.00061506358    0.00076447761 
   0.00024225382    0.00056139058 
    0.0025626049     0.0011904372    0.00086577248     0.0010760899 
   0.00034100001    0.00079022158 
    0.0032458602     0.0015078379     0.0010966094     0.0013630027 
   0.00043191925     0.0010009147 
    0.0061148488     0.0028406031     0.0020658931     0.0025677493 
   0.00081368904     0.0018856147 
    0.0090634973     0.0042103736     0.0030620899     0.0038059467 
    0.0012060590     0.0027948792 
     0.011433089     0.0053111483     0.0038626533     0.0048009865 
    0.0015213752     0.0035255821 
     0.013418294     0.0062333591     0.0045333521     0.0056346145 
    0.0017855420     0.0041377529 
     0.013910497     0.0064620079     0.0046996421     0.0058413005 
    0.0018510383     0.0042895318 
     0.013550274     0.0062946691     0.0045779412     0.0056900354 
    0.0018031042     0.0041784510 
     0.014013019     0.0065096333     0.0047342788     0.0058843512 
    0.0018646806     0.0043211459 
     0.014130782     0.0065643392     0.0047740649     0.0059338024 
    0.0018803510     0.0043574602 
     0.015972400     0.0074198482     0.0053962532     0.0067071355 
    0.0021254110     0.0049253537 
     0.015512193     0.0072060623     0.0052407726     0.0065138848 
    0.0020641722     0.0047834410 
     0.013806685     0.0064137826     0.0046645692     0.0057977074 
    0.0018372242     0.0042575195 
     0.014277282     0.0066323946     0.0048235597     0.0059953207 
    0.0018998454     0.0044026359 
     0.013071068     0.0060720577     0.0044160420     0.0054888069 
    0.0017393373     0.0040306798 
     0.012216171     0.0056749226     0.0041272164     0.0051298186 
    0.0016255782     0.0037670584 
     0.014078498     0.0065400514     0.0047564010     0.0059118475 
    0.0018733938     0.0043413377 
     0.014337285     0.0066602686     0.0048438317     0.0060205173 
    0.0019078300     0.0044211389 
     0.012907583     0.0059961123     0.0043608090     0.0054201564 
    0.0017175828     0.0039802667 
     0.011356641     0.0052756346     0.0038368252     0.0047688841 
    0.0015112024     0.0035020079 
     0.013620421     0.0063272551     0.0046016401     0.0057194913 
    0.0018124384     0.0042000819 
     0.013813777     0.0064170774     0.0046669654     0.0058006858 
    0.0018381680     0.0042597066 
     0.015415856     0.0071613098     0.0052082253     0.0064734310 
    0.0020513529     0.0047537340 
     0.019066688     0.0088572743     0.0064416541     0.0080064898 
    0.0025371609     0.0058795286 
     0.020343692     0.0094504958     0.0068730879     0.0085427295 
    0.0027070889     0.0062733137 
     0.019493891     0.0090557277     0.0065859838     0.0081858808 
    0.0025940078     0.0060112635 
     0.023520164      0.010926100     0.0079462548     0.0098765950 
    0.0031297749     0.0072528316 
     0.027374291      0.012716503     0.0092483660      0.011495021 
    0.0036426347     0.0084413152 
     0.074779450      0.034738183      0.025264133      0.031401410 
    0.0099507315      0.023059480 
      0.42190064       0.19599050       0.14253854       0.17716465 
     0.056141360       0.13010004 
      0.90217735       0.41909912       0.30479936       0.37884260 
      0.12005069       0.27820130 
      0.95111253       0.44183156       0.32133204       0.39939148 
      0.12656238       0.29329127 
      0.76596526       0.35582291       0.25878030       0.32164438 
      0.10192526       0.23619805 
      0.71234845       0.33091565       0.24066593       0.29912959 
     0.094790590       0.21966442 
      0.88888817       0.41292574       0.30030963       0.37326221 
      0.11828233       0.27410337 
       1.1431496       0.53104079       0.38621149       0.48003173 
      0.15211632       0.35250907 
       1.4254262       0.66217011       0.48157826       0.59856544 
      0.18967823       0.43955375 
       1.4329382       0.35503030       0.72544097       0.56651044 
     0.097409035       0.41398840 
       1.4319673       0.52176426       0.44484569       0.52561019 
      0.25126731       0.51535438 
       1.8362671       0.22040331       0.18580511       0.27294130 
      0.11532731       0.18964936 
       2.0220878       0.47117855       0.77930621       0.66632607 
      0.29400514       0.59442961 
      0.46129788        2.3959761       0.75244490       0.92889764 
      0.29114702       0.67682230 
       2.2549625       0.44019310       0.32867752       0.98955410 
      0.21364039       0.52705788 
       1.7955237       0.28115953       0.39250984        1.1246381 
      0.16424170       0.99797714 
       2.1447535       0.39872859       0.53206140       0.90285360 
       1.0666625       0.73777488 
       2.7271048       0.53742844       0.51124603       0.93567670 
      0.52364823       0.96323713 
       4.0939534       0.37986519       0.51543545        1.4107361 
      0.42550270       0.68456271 
       8.8372387       0.92048768       0.63222603        1.7560287 
      0.61133750        1.3925683 
       10.432638        2.0546622        1.7260490        2.0546622 
       1.2215116        2.3766367 
       9.5936397        1.2833308        1.4680776        1.8227256 
      0.77692646        2.3505737 
       9.3592888        1.8577689        1.4416548        1.8397482 
      0.63236224        2.5654903 
       7.8124618        1.3654980        2.8505114        1.1264672 
      0.28161679        1.7831151 
       6.8447416        1.7264988        2.2578388        1.7051313 
      0.33048492        1.5868974 
       5.5872830        1.0526929       0.83267667       0.93873576 
      0.35202591        1.1948572 
       5.0549372       0.47914708        1.0977763        1.4309837 
      0.67287232        1.8520133 
       12.400087        1.3217938        1.7736531       0.82207413 
      0.41244473        1.8102523 
       13.950691        1.4657418        2.0240393       0.54649061 
      0.58697140        3.4880944 
       13.821787       0.86676380        3.8095043        1.5342493 
       1.1434317        2.4493816 
       22.327420        2.1964700        4.2653165        3.8667724 
      0.37167587        3.5174867 
       29.772679        3.2172964        9.2789062        3.5928168 
      0.41104260        4.0698292 
       32.120336        3.9410320        6.3437135        3.8379466 
      0.51542672        2.5136965 
       37.088058        2.3501344        7.2435276        6.0875008 
      0.58481353        2.1678901 
       47.270051        2.0398812        6.9247851        9.3487444 
       1.2062896        2.0256561 
       53.403802        6.0410536        8.8087264        11.030182 
       3.8169841        7.0550829 
       36.634942        9.4037896        10.069498        15.748989 
       4.8840474        10.517672 
       32.644697        3.0845913        8.3261077        13.967503 
       4.0620742        11.001395 
       36.473070        5.5653794        5.3751496        5.3716698 
      0.80847633        9.9267438 
       44.615233        11.809561        14.423229        17.756390 
       5.2860702        11.785534 
       64.292414        17.638700        27.102439        44.764016 
       47.274462        26.098871 
       117.24039        26.043984        26.082845        47.371409 
       7.3878846        69.320609 
       71.363967        23.915584        41.539225        51.680722 
       11.471174        31.236555 
       75.372077        43.756842        49.205021        58.671274 
       11.731566        37.382708 
       99.648557        44.739928        47.579972        66.388118 
       13.408703        38.922040 
       111.99629        59.540202        48.271486        54.934991 
       12.485795        46.145178 
       109.59303        65.229774        39.014157        68.651967 
       13.027842        60.331568 
       92.454257        37.112860        27.395036        57.540892 
       15.804159        43.757774 
       82.317435        32.017315        27.296177        60.547389 
       12.955122        36.504796 
       123.62073        25.023511        28.700787        85.337984 
       10.077766        29.416335 
       115.18045        31.446926        19.374550        41.556797 
       19.270027        35.216953 
       121.92918        27.302868        26.478775        46.443381 
       29.466340        43.479570 
       165.14759        49.773265        33.229645        58.644124 
       78.706087        42.552401 
       229.97487        48.091720        49.495707        93.224703 
       63.961479        59.762711 
