
       0.0000000        0.0000000        0.0000000        0.0000000 
       0.0000000        0.0000000 
       0.0000000        0.0000000        0.0000000        0.0000000 
       0.0000000        0.0000000 
       0.0000000        0.0000000        0.0000000        0.0000000 
       0.0000000        0.0000000 
       0.0000000        0.0000000        0.0000000        0.0000000 
       0.0000000        0.0000000 
       0.0000000        0.0000000        0.0000000        0.0000000 
       0.0000000        0.0000000 
       0.0000000        0.0000000        0.0000000        0.0000000 
       0.0000000        0.0000000 
       0.0000000        0.0000000        0.0000000        0.0000000 
       0.0000000        0.0000000 
       0.0000000        0.0000000        0.0000000        0.0000000 
       0.0000000        0.0000000 
       0.0000000        0.0000000        0.0000000        0.0000000 
       0.0000000        0.0000000 
       0.0000000        0.0000000        0.0000000        0.0000000 
       0.0000000        0.0000000 
       0.0000000        0.0000000        0.0000000        0.0000000 
       0.0000000        0.0000000 
       0.0000000        0.0000000        0.0000000        0.0000000 
       0.0000000        0.0000000 
       0.0000000        0.0000000        0.0000000        0.0000000 
       0.0000000        0.0000000 
       0.0000000        0.0000000        0.0000000        0.0000000 
       0.0000000        0.0000000 
       0.0000000        0.0000000        0.0000000        0.0000000 
       0.0000000        0.0000000 
       0.0000000        0.0000000        0.0000000        0.0000000 
       0.0000000        0.0000000 
       0.0000000        0.0000000        0.0000000        0.0000000 
       0.0000000        0.0000000 
       0.0000000        0.0000000        0.0000000        0.0000000 
       0.0000000        0.0000000 
       0.0000000        0.0000000        0.0000000        0.0000000 
       0.0000000        0.0000000 
       0.0000000        0.0000000        0.0000000        0.0000000 
       0.0000000        0.0000000 
       0.0000000        0.0000000        0.0000000        0.0000000 
       0.0000000        0.0000000 
       0.0000000        0.0000000        0.0000000        0.0000000 
       0.0000000        0.0000000 
       0.0000000        0.0000000        0.0000000        0.0000000 
       0.0000000        0.0000000 
       0.0000000        0.0000000        0.0000000        0.0000000 
       0.0000000        0.0000000 
       0.0000000        0.0000000        0.0000000        0.0000000 
       0.0000000        0.0000000 
       0.0000000        0.0000000        0.0000000        0.0000000 
       0.0000000        0.0000000 
       0.0000000        0.0000000        0.0000000        0.0000000 
       0.0000000        0.0000000 
       0.0000000        0.0000000        0.0000000        0.0000000 
       0.0000000        0.0000000 
       0.0000000        0.0000000        0.0000000        0.0000000 
       0.0000000        0.0000000 
   0.00084150953    0.00014781970    0.00021544963    0.00021544963 
   7.2460637e-05    0.00017197325 
   0.00084122917    0.00014777045    0.00021537785    0.00021537785 
   7.2436495e-05    0.00017191595 
   0.00087939968    0.00015447549    0.00022515055    0.00022515055 
   7.5723279e-05    0.00017971658 
   0.00093277465    0.00016385134    0.00023881601    0.00023881601 
   8.0319287e-05    0.00019062444 
   0.00090242459    0.00015852005    0.00023104556    0.00023104556 
   7.7705906e-05    0.00018442202 
   0.00074463389    0.00013080251    0.00019064679    0.00019064679 
   6.4118877e-05    0.00015217547 
   0.00056155176    9.8642273e-05    0.00014377272    0.00014377272 
   4.8354055e-05    0.00011476029 
   0.00058471531    0.00010271118    0.00014970323    0.00014970323 
   5.0348620e-05    0.00011949406 
   0.00062866175    0.00011043082    0.00016095473    0.00016095473 
   5.4132757e-05    0.00012847508 
   0.00055840147    9.8088892e-05    0.00014296616    0.00014296616 
   4.8082790e-05    0.00011411649 
   0.00056801894    9.9778298e-05    0.00014542850    0.00014542850 
   4.8910930e-05    0.00011608194 
   0.00065934178    0.00011582008    0.00016880966    0.00016880966 
   5.6774551e-05    0.00013474493 
   0.00067646130    0.00011882730    0.00017319273    0.00017319273 
   5.8248676e-05    0.00013824353 
   0.00074621972    0.00013108108    0.00019105281    0.00019105281 
   6.4255429e-05    0.00015249955 
   0.00073618848    0.00012931899    0.00018848454    0.00018848454 
   6.3391661e-05    0.00015044954 
   0.00083489253    0.00014665736    0.00021375549    0.00021375549 
   7.1890861e-05    0.00017062098 
   0.00076210596    0.00013387166    0.00019512012    0.00019512012 
   6.5623360e-05    0.00015574611 
    0.0011207043    0.00019686310    0.00028693119    0.00028693119 
   9.6501522e-05    0.00022903028 
    0.0013882947    0.00024386807    0.00035544170    0.00035544170 
   0.00011954317    0.00028371579 
    0.0013178275    0.00023148978    0.00033740014    0.00033740014 
   0.00011347538    0.00026931491 
    0.0013043398    0.00022912054    0.00033394692    0.00033394692 
   0.00011231399    0.00026655853 
    0.0014778350    0.00025959674    0.00037836649    0.00037836649 
   0.00012725330    0.00030201451 
    0.0015784097    0.00027726370    0.00040411637    0.00040411637 
   0.00013591358    0.00032256822 
    0.0016323556    0.00028673985    0.00041792802    0.00041792802 
   0.00014055875    0.00033359277 
    0.0017098571    0.00030035378    0.00043777054    0.00043777054 
   0.00014723224    0.00034943119 
    0.0015569617    0.00027349615    0.00039862510    0.00039862510 
   0.00013406674    0.00031818506 
    0.0012634915    0.00022194511    0.00032348863    0.00032348863 
   0.00010879662    0.00025821065 
    0.0017785090    0.00031241318    0.00045534732    0.00045534732 
   0.00015314372    0.00036346109 
    0.0022527046    0.00039571045    0.00057675445    0.00057675445 
   0.00019397571    0.00046036902 
    0.0042438512    0.00074547559     0.0010865429     0.0010865429 
   0.00036542921    0.00086728533 
    0.0062902838     0.0011049523     0.0016104860     0.0016104860 
   0.00054164326     0.0012855000 
    0.0079348373     0.0013938348     0.0020315370     0.0020315370 
   0.00068325235     0.0016215856 
    0.0093126171     0.0016358558     0.0023842866     0.0023842866 
   0.00080189010     0.0019031525 
    0.0096542176     0.0016958614     0.0024717457     0.0024717457 
   0.00083130462     0.0019729630 
    0.0094042141     0.0016519458     0.0024077379     0.0024077379 
   0.00080977733     0.0019218715 
    0.0097253698     0.0017083600     0.0024899627     0.0024899627 
   0.00083743138     0.0019875038 
    0.0098071003     0.0017227168     0.0025108879     0.0025108879 
   0.00084446903     0.0020042065 
     0.011085228     0.0019472329     0.0028381237     0.0028381237 
   0.00095452592     0.0022654082 
     0.010765832     0.0018911279     0.0027563497     0.0027563497 
   0.00092702346     0.0022001357 
    0.0095821692     0.0016832054     0.0024532994     0.0024532994 
   0.00082510068     0.0019582389 
    0.0099087748     0.0017405770     0.0025369194     0.0025369194 
   0.00085322400     0.0020249850 
    0.0090716334     0.0015935246     0.0023225881     0.0023225881 
   0.00078113950     0.0018539044 
    0.0084783149     0.0014893022     0.0021706822     0.0021706822 
   0.00073005008     0.0017326522 
    0.0097708144     0.0017163428     0.0025015977     0.0025015977 
   0.00084134452     0.0019967910 
    0.0099504185     0.0017478921     0.0025475813     0.0025475813 
   0.00085680986     0.0020334954 
    0.0089581713     0.0015735938     0.0022935387     0.0022935387 
   0.00077136951     0.0018307170 
    0.0078817800     0.0013845147     0.0020179529     0.0020179529 
   0.00067868370     0.0016107426 
    0.0094528974     0.0016604975     0.0024202022     0.0024202022 
   0.00081396935     0.0019318206 
    0.0095870917     0.0016840701     0.0024545596     0.0024545596 
   0.00082552454     0.0019592449 
     0.010698972     0.0018793832     0.0027392317     0.0027392317 
   0.00092126627     0.0021864719 
     0.013232737     0.0023244648     0.0033879454     0.0033879454 
    0.0011394435     0.0027042793 
     0.014119008     0.0024801473     0.0036148552     0.0036148552 
    0.0012157585     0.0028854001 
     0.013529226     0.0023765460     0.0034638547     0.0034638547 
    0.0011649735     0.0027648705 
     0.016323556     0.0028673985     0.0041792802     0.0041792802 
    0.0014055875     0.0033359277 
     0.018998412     0.0033372642     0.0048641170     0.0048641170 
    0.0016359138     0.0038825688 
     0.051898726     0.0091165385      0.013287504      0.013287504 
    0.0044688914      0.010606169 
      0.29280913      0.051434899      0.074967205      0.074967205 
     0.025213186      0.059839294 
      0.62613264       0.10998656       0.16030721       0.16030721 
     0.053914981       0.12795822 
      0.66009483       0.11595236       0.16900246       0.16900246 
     0.056839394       0.13489883 
      0.53159820      0.093380625       0.13610379       0.13610379 
     0.045774816       0.10863890 
      0.49438685      0.086844074       0.12657666       0.12657666 
     0.042570624       0.10103428 
      0.61690964       0.10836645       0.15794587       0.15794587 
     0.053120807       0.12607338 
      0.79337312       0.13936405       0.20312538       0.20312538 
     0.068315711       0.16213595 
      0.98927988       0.17377706       0.25328291       0.25328291 
     0.085184834       0.20217201 
       1.3970506       0.34605841       0.70749720       0.55241176 
     0.094845639       0.40373481 
       1.0819878       0.39356665       0.33587773       0.39741258 
      0.18973246       0.38972072 
      0.83676372      0.099950337      0.084573362       0.12429721 
     0.052537998      0.085854777 
      0.48273334       0.11298014       0.18616046       0.15919929 
     0.070612589       0.14250904 
       1.1292975       0.21678480       0.35416586       0.43735072 
      0.13738106       0.31887531 
       1.6034767        0.0000000      0.038736993      0.035215448 
     0.024650814      0.017607724 
       2.6473536       0.16702546      0.083512731       0.26445698 
      0.56371094       0.27837577 
       2.6476087       0.26793546       0.20317381       0.26031644 
      0.44190303       0.43682368 
       2.1648720      0.026182411       0.18052084       0.14055821 
      0.30316476       0.14607029 
       1.2201324       0.28993244      0.085905908       0.44429462 
      0.46711338       0.48053618 
       1.2073568       0.32725356       0.28129881       0.43448132 
      0.62665576       0.52639084 
      0.61573479       0.57424322       0.33027284       0.25060904 
      0.42155427       0.71365487 
      0.14680776       0.41073182       0.12206488       0.26887264 
      0.28371837       0.51960050 
      0.48983500       0.76997475       0.33911654       0.87809886 
      0.34894600        1.0173496 
      0.65664793       0.74868854       0.95337586       0.60581953 
      0.53438503        1.3311545 
      0.85185337       0.84045734        3.1994359        2.0242201 
      0.44871875        2.0769268 
      0.69953867       0.16811494       0.34299960        1.2140381 
      0.59460787        1.4002056 
      0.47785558     0.0025830032       0.45460855       0.94279615 
      0.16143770        1.1985135 
      0.27449393       0.58981003       0.25337901      0.090090316 
      0.10557459       0.92764872 
     0.091081769       0.22264432      0.086021670      0.015180295 
    0.0067467977        1.1688827 
     0.019347406       0.60557382      0.085128588      0.023216888 
      0.89771965      0.021282147 
     0.062692315       0.71200558        0.0000000      0.055975282 
     0.035824180        1.4575963 
       0.0000000        2.1440185       0.74850351      0.025373000 
      0.84999551        1.2432770 
    0.0026432139       0.35947710        1.1392252        0.0000000 
      0.89604953       0.13744712 
      0.29104673       0.15504359       0.21760503        1.0553844 
      0.17680409      0.059841384 
      0.36985294       0.13371606       0.20768665        1.6216629 
      0.36416290      0.056900453 
       61.127935       0.72654678       0.78012308        52.334890 
      0.21953212        2.5389935 
       65.730864        1.1964409        1.6577193        66.987586 
      0.86882839        1.5817132 
       71.463962       0.93035906       0.97882928        24.384563 
      0.28005019       0.72166781 
       98.213055       0.77947789       0.65768447        8.9500765 
      0.48601375        1.9510146 
       125.84184        1.8314364        1.8100786        4.7654723 
      0.73017181        1.8541292 
       176.90861        32.591559        9.3173212        10.555767 
       2.8231071        5.7956819 
       138.25261        46.340877        27.808556        21.996696 
       6.2292547        16.063935 
       231.76049        5.2226231        12.893835        10.442147 
       1.1979489        5.1885288 
       264.06359        10.002332        21.898587        8.2193223 
       3.7021401        6.4934495 
       272.12490        8.8427864        27.168629        10.496398 
       1.8401465        3.3341103 
       283.60795        9.6560870        55.903285        8.4372185 
       2.1459960        5.6934222 
       205.06374        7.6845191        67.181735        22.868574 
       1.7689038        50.407979 
       262.75847        38.311266        38.987364        5.2462901 
       58.157505        74.378060 
       256.53541        130.13376        57.409033        20.937845 
       18.540467        77.221807 
       196.85074        109.28160        65.503603        23.590537 
       20.352731        68.987438 
       128.30346        121.48425        65.416814        95.234627 
       56.330545        66.251194 
       207.53980        95.839608        80.081347        39.404788 
       30.115016        31.485458 
       292.72695        86.299102        83.188985        65.340939 
       31.099272        26.551817 
       307.87822        60.150928        68.088634        51.197451 
       22.265907        18.918954 
