
       0.0000000        0.0000000        0.0000000        0.0000000 
       0.0000000        0.0000000 
       0.0000000        0.0000000        0.0000000        0.0000000 
       0.0000000        0.0000000 
       0.0000000        0.0000000        0.0000000        0.0000000 
       0.0000000        0.0000000 
       0.0000000        0.0000000        0.0000000        0.0000000 
       0.0000000        0.0000000 
       0.0000000        0.0000000        0.0000000        0.0000000 
       0.0000000        0.0000000 
       0.0000000        0.0000000        0.0000000        0.0000000 
       0.0000000        0.0000000 
       0.0000000        0.0000000        0.0000000        0.0000000 
       0.0000000        0.0000000 
       0.0000000        0.0000000        0.0000000        0.0000000 
       0.0000000        0.0000000 
       0.0000000        0.0000000        0.0000000        0.0000000 
       0.0000000        0.0000000 
       0.0000000        0.0000000        0.0000000        0.0000000 
       0.0000000        0.0000000 
       0.0000000        0.0000000        0.0000000        0.0000000 
       0.0000000        0.0000000 
       0.0000000        0.0000000        0.0000000        0.0000000 
       0.0000000        0.0000000 
       0.0000000        0.0000000        0.0000000        0.0000000 
       0.0000000        0.0000000 
       0.0000000        0.0000000        0.0000000        0.0000000 
       0.0000000        0.0000000 
       0.0000000        0.0000000        0.0000000        0.0000000 
       0.0000000        0.0000000 
       0.0000000        0.0000000        0.0000000        0.0000000 
       0.0000000        0.0000000 
       0.0000000        0.0000000        0.0000000        0.0000000 
       0.0000000        0.0000000 
       0.0000000        0.0000000        0.0000000        0.0000000 
       0.0000000        0.0000000 
       0.0000000        0.0000000        0.0000000        0.0000000 
       0.0000000        0.0000000 
       0.0000000        0.0000000        0.0000000        0.0000000 
       0.0000000        0.0000000 
       0.0000000        0.0000000        0.0000000        0.0000000 
       0.0000000        0.0000000 
       0.0000000        0.0000000        0.0000000        0.0000000 
       0.0000000        0.0000000 
       0.0000000        0.0000000        0.0000000        0.0000000 
       0.0000000        0.0000000 
       0.0000000        0.0000000        0.0000000        0.0000000 
       0.0000000        0.0000000 
       0.0000000        0.0000000        0.0000000        0.0000000 
       0.0000000        0.0000000 
       0.0000000        0.0000000        0.0000000        0.0000000 
       0.0000000        0.0000000 
       0.0000000        0.0000000        0.0000000        0.0000000 
       0.0000000        0.0000000 
       0.0000000        0.0000000        0.0000000        0.0000000 
       0.0000000        0.0000000 
       0.0000000        0.0000000        0.0000000        0.0000000 
       0.0000000        0.0000000 
    0.0026501270    0.00057485439    0.00093908986    0.00094198828 
   0.00028887641    0.00077774417 
    0.0026492441    0.00057466286    0.00093877698    0.00094167444 
   0.00028878016    0.00077748505 
    0.0027694527    0.00060073801    0.00098137369    0.00098440262 
   0.00030188347    0.00081276319 
    0.0029375440    0.00063719967     0.0010409380     0.0010441507 
   0.00032020622    0.00086209368 
    0.0028419640    0.00061646685     0.0010070685     0.0010101768 
   0.00030978754    0.00083404339 
    0.0023450410    0.00050867642    0.00083098064    0.00083354540 
   0.00025562059    0.00068820928 
    0.0017684690    0.00038360884    0.00062666856    0.00062860272 
   0.00019277150    0.00051900019 
    0.0018414169    0.00039943238    0.00065251811    0.00065453206 
   0.00020072316    0.00054040852 
    0.0019798154    0.00042945320    0.00070156053    0.00070372584 
   0.00021580926    0.00058102492 
    0.0017585479    0.00038145680    0.00062315296    0.00062507627 
   0.00019169006    0.00051608862 
    0.0017888358    0.00038802671    0.00063388566    0.00063584209 
   0.00019499158    0.00052497732 
    0.0020764346    0.00045041143    0.00073579817    0.00073806916 
   0.00022634121    0.00060938018 
    0.0021303483    0.00046210617    0.00075490285    0.00075723279 
   0.00023221806    0.00062520246 
    0.0023500352    0.00050975974    0.00083275036    0.00083532058 
   0.00025616498    0.00068967494 
    0.0023184443    0.00050290717    0.00082155592    0.00082409159 
   0.00025272142    0.00068040382 
    0.0026292884    0.00057033416    0.00093170556    0.00093458119 
   0.00028660490    0.00077162858 
    0.0024000650    0.00052061199    0.00085047875    0.00085310368 
   0.00026161846    0.00070435740 
    0.0035293823    0.00076557874     0.0012506597     0.0012545198 
   0.00038471940     0.0010357830 
    0.0043720922    0.00094837582     0.0015492795     0.0015540612 
   0.00047657878     0.0012830967 
    0.0041501731    0.00090023805     0.0014706410     0.0014751800 
   0.00045238853     0.0012179691 
    0.0041076969    0.00089102430     0.0014555893     0.0014600818 
   0.00044775843     0.0012055035 
    0.0046540775     0.0010095429     0.0016492028     0.0016542930 
   0.00050731651     0.0013658521 
    0.0049708126     0.0010782477     0.0017614400     0.0017668765 
   0.00054184213     0.0014588057 
    0.0051407021     0.0011150994     0.0018216414     0.0018272638 
   0.00056036089     0.0015086639 
    0.0053847740     0.0011680425     0.0019081299     0.0019140192 
   0.00058696588     0.0015802928 
    0.0049032675     0.0010635961     0.0017375049     0.0017428676 
   0.00053447940     0.0014389830 
    0.0039790552    0.00086311988     0.0014100042     0.0014143561 
   0.00043373587     0.0011677504 
    0.0056009762     0.0012149402     0.0019847426     0.0019908683 
   0.00061053295     0.0016437426 
    0.0070943384     0.0015388740     0.0025139252     0.0025216842 
   0.00077331650     0.0020820060 
     0.013364964     0.0028990717     0.0047359626     0.0047505797 
    0.0014568445     0.0039222735 
     0.019809700     0.0042970366     0.0070196967     0.0070413624 
    0.0021593511     0.0058136377 
     0.024988816     0.0054204687     0.0088549505     0.0088822806 
    0.0027238994     0.0073335752 
     0.029327794     0.0063616615      0.010392496      0.010424571 
    0.0031968686     0.0086069538 
     0.030403581     0.0065950166      0.010773708      0.010806960 
    0.0033141344     0.0089226696 
     0.029616256     0.0064242335      0.010494714      0.010527105 
    0.0032283123     0.0086916100 
     0.030627657     0.0066436223      0.010853111      0.010886608 
    0.0033385598     0.0089884302 
     0.030885047     0.0066994543      0.010944319      0.010978097 
    0.0033666165     0.0090639676 
     0.034910195     0.0075725723      0.012370656      0.012408837 
    0.0038053767      0.010245245 
     0.033904338     0.0073543861      0.012014224      0.012051305 
    0.0036957335     0.0099500518 
     0.030176682     0.0065457987      0.010693305      0.010726309 
    0.0032894014     0.0088560806 
     0.031205246     0.0067689104      0.011057783      0.011091912 
    0.0034015197     0.0091579376 
     0.028568875     0.0061970400      0.010123568      0.010154814 
    0.0031141428     0.0083842306 
     0.026700365     0.0057917306     0.0094614490     0.0094906510 
    0.0029104663     0.0078358708 
     0.030770774     0.0066746665      0.010903825      0.010937479 
    0.0033541602     0.0090304312 
     0.031336393     0.0067973582      0.011104256      0.011138528 
    0.0034158153     0.0091964258 
     0.028211554     0.0061195315     0.0099969489      0.010027804 
    0.0030751931     0.0082793661 
     0.024821725     0.0053842240     0.0087957408     0.0088228881 
    0.0027056857     0.0072845384 
     0.029769573     0.0064574902      0.010549043      0.010581602 
    0.0032450245     0.0087366044 
     0.030192184     0.0065491614      0.010698798      0.010731819 
    0.0032910912     0.0088606301 
     0.033693778     0.0073087124      0.011939611      0.011976462 
    0.0036727815     0.0098882580 
     0.041673248     0.0090395853      0.014767188      0.014812766 
    0.0045425815      0.012230027 
     0.044464340     0.0096450172      0.015756230      0.015804860 
    0.0048468237      0.013049141 
     0.042606966     0.0092421234      0.015098057      0.015144656 
    0.0046443612      0.012504049 
     0.051407021      0.011150994      0.018216414      0.018272638 
    0.0056036089      0.015086639 
     0.059830821      0.012978249      0.021201443      0.021266879 
    0.0065218430      0.017558808 
      0.16344226      0.035453205      0.057916833      0.058095588 
     0.017815980      0.047966101 
      0.92213024       0.20002461       0.32676289       0.32777141 
      0.10051657       0.27062153 
       1.9718506       0.42772551       0.69873815       0.70089475 
      0.21494106       0.57868746 
       2.0788061       0.45092586       0.73663855       0.73891212 
      0.22659972       0.61007616 
       1.6741376       0.36314688       0.59324162       0.59507261 
      0.18248893       0.49131636 
       1.5569496       0.33772695       0.55171529       0.55341812 
      0.16971489       0.45692470 
       1.9428050       0.42142507       0.68844566       0.69057049 
      0.21177495       0.57016333 
       2.4985333       0.54197131       0.88537161       0.88810424 
      0.27235197       0.73325530 
       3.1154933       0.67579969        1.1039955        1.1074028 
      0.33960354       0.91431722 
       2.5005925       0.62034175        1.2650358       0.98947072 
      0.17046581       0.72287757 
       2.5190830       0.91661288       0.78200540       0.92430474 
      0.44099977       0.90763905 
       3.7776102       0.45233934       0.38314296       0.56125958 
      0.23706170       0.38955003 
       3.2545984       0.76004823        1.2543364        1.0733114 
      0.47374628       0.95776348 
       4.7478391       0.91251274        1.4897653        1.8414104 
      0.57599216        1.3423012 
       3.8607870       0.82521534        2.0835807        1.9051558 
      0.36037142        1.6962108 
       3.1999295       0.92699132        1.2902717        2.1922092 
      0.12109346        1.8609420 
       4.3771257        2.3618955        1.8450721        2.6450690 
      0.22603086        3.1022100 
       4.2470627        3.8832650        1.6963447        3.1653157 
      0.43269880        2.3550390 
       5.2872402        2.2147617        1.8134200        3.6859004 
      0.29261700        2.1087216 
       7.4627738        3.0260510        2.6737312        14.660960 
      0.67539565        2.7948847 
       8.8211062        3.8022868        3.7093457        10.177050 
       2.4496618        4.6819079 
       15.172335        3.2380183        3.9770057        3.2149250 
       7.0187306        3.0021362 
       11.562727        5.2309136        4.2479671        3.8646179 
       8.8629008        7.1361915 
       9.1518588        4.4179492        3.1898253        3.8135034 
       5.3411028        8.3743217 
       7.5398995        2.6595489        3.2051339        3.8632548 
       2.7749337        8.5669669 
       7.5685570        1.2704525        2.9775525        4.3134457 
      0.82026550        4.7410669 
       7.5643247        2.5223026        4.5280045        6.6215286 
       1.0499908        4.5099235 
       11.980604        2.3296793        4.4918468        6.3541826 
       3.2193211        3.0222486 
       14.660791        1.8030817        3.2182225        7.1566656 
       1.8638029        3.2114757 
       12.513902        10.029695        2.7821570        4.8445905 
      0.52624945        32.805462 
       12.919095        12.520551        3.5868960        5.7385859 
      0.47690940        35.712230 
       17.639310        5.9423567        2.3470025        4.4834091 
      0.19790940        30.899240 
       20.088426        10.327037        6.2512010        6.2564874 
      0.25903497        20.630285 
       33.843023        20.541915        5.9079767        5.4809268 
       1.5341155        26.545094 
       43.133388        17.832602        5.6502150        8.4155770 
       3.1636652        24.814287 
       30.482296        7.6287412        8.7433895        13.804389 
       1.9927767        13.541734 
       51.479720        7.3254158        22.199024        16.493324 
       11.106064        27.760574 
       51.825443        5.3290320        29.587034        14.217933 
       7.8427518        16.743770 
       77.664765        4.3114871        20.425337        12.840506 
       4.5887121        21.442602 
       93.121601        6.6703264        47.483860        34.976164 
       12.208686        6.2952290 
       83.526452        16.121147        51.824072        115.35542 
       12.886241        3.0442582 
       89.800291        25.750369        62.190357        29.738646 
       17.783889        22.012528 
       100.68039        34.201207        57.213293        52.934462 
       18.457401        23.838097 
       104.96735        29.889362        70.523836        55.022910 
       18.317443        27.570272 
       145.22873        26.367031        33.729298        57.765477 
       19.119039        26.466181 
       123.72499        26.086648        42.467095        125.09241 
       14.758868        25.351032 
       98.935293        29.194621        31.622528        58.703328 
       11.885184        15.259204 
       98.112589        16.766075        22.169058        45.392887 
       7.9884053        13.334804 
       138.33093        14.048185        31.141904        43.231217 
       12.201340        18.292408 
       107.35094        19.772405        27.765505        32.885145 
       9.8918366        18.429579 
       344.95746        29.147426        92.446753        97.262008 
       14.654808        26.033369 
       402.10426        43.178073        47.479435        189.73684 
       40.784367        46.644379 
       227.74677        48.212510        73.775090        279.93711 
       46.826438        44.941001 
       196.88225        60.708753        92.046862        224.97517 
       32.813709        72.811305 
