
       0.0000000        0.0000000        0.0000000        0.0000000 
       0.0000000 
       0.0000000        0.0000000        0.0000000        0.0000000 
       0.0000000 
       0.0000000        0.0000000        0.0000000        0.0000000 
       0.0000000 
       0.0000000        0.0000000        0.0000000        0.0000000 
       0.0000000 
       0.0000000        0.0000000        0.0000000        0.0000000 
       0.0000000 
       0.0000000        0.0000000        0.0000000        0.0000000 
       0.0000000 
       0.0000000        0.0000000        0.0000000        0.0000000 
       0.0000000 
       0.0000000        0.0000000        0.0000000        0.0000000 
       0.0000000 
       0.0000000        0.0000000        0.0000000        0.0000000 
       0.0000000 
       0.0000000        0.0000000        0.0000000        0.0000000 
       0.0000000 
       0.0000000        0.0000000        0.0000000        0.0000000 
       0.0000000 
       0.0000000        0.0000000        0.0000000        0.0000000 
       0.0000000 
       0.0000000        0.0000000        0.0000000        0.0000000 
       0.0000000 
       0.0000000        0.0000000        0.0000000        0.0000000 
       0.0000000 
       0.0000000        0.0000000        0.0000000        0.0000000 
       0.0000000 
       0.0000000        0.0000000        0.0000000        0.0000000 
       0.0000000 
       0.0000000        0.0000000        0.0000000        0.0000000 
       0.0000000 
       0.0000000        0.0000000        0.0000000        0.0000000 
       0.0000000 
       0.0000000        0.0000000        0.0000000        0.0000000 
       0.0000000 
       0.0000000        0.0000000        0.0000000        0.0000000 
       0.0000000 
       0.0000000        0.0000000        0.0000000        0.0000000 
       0.0000000 
       0.0000000        0.0000000        0.0000000        0.0000000 
       0.0000000 
       0.0000000        0.0000000        0.0000000        0.0000000 
       0.0000000 
       0.0000000        0.0000000        0.0000000        0.0000000 
       0.0000000 
       0.0000000        0.0000000        0.0000000        0.0000000 
       0.0000000 
       0.0000000        0.0000000        0.0000000        0.0000000 
       0.0000000 
       0.0000000        0.0000000        0.0000000        0.0000000 
       0.0000000 
       0.0000000        0.0000000        0.0000000        0.0000000 
       0.0000000 
       0.0000000        0.0000000        0.0000000        0.0000000 
       0.0000000 
    0.0015291227     0.0012929414    0.00066918044    0.00031188047 
   0.00050466096 
    0.0012601623     0.0010655234    0.00055147698    0.00025702321 
   0.00041589516 
    0.0013764477     0.0011638478    0.00060236621    0.00028074081 
   0.00045427316 
    0.0017231330     0.0014569857    0.00075408393    0.00035145088 
   0.00056869075 
    0.0015007537     0.0012689541    0.00065676547    0.00030609431 
   0.00049529824 
    0.0015644235     0.0013227898    0.00068462891    0.00031908044 
   0.00051631140 
    0.0013604727     0.0011503403    0.00059537517    0.00027748254 
   0.00044900088 
   0.00084688196    0.00071607643    0.00037061567    0.00017273038 
   0.00027949900 
   0.00091796835    0.00077618314    0.00040172477    0.00018722919 
   0.00030295985 
   0.00080167548    0.00067785234    0.00035083224    0.00016351005 
   0.00026457937 
    0.0010321578    0.00087273543    0.00045169679    0.00021051932 
   0.00034064615 
   0.00098769480    0.00083513996    0.00043223871    0.00020145062 
   0.00032597188 
    0.0010588059    0.00089526758    0.00046335863    0.00021595448 
   0.00034944090 
    0.0013785064     0.0011655885    0.00060326714    0.00028116070 
   0.00045495260 
    0.0012242991     0.0010351994    0.00053578236    0.00024970852 
   0.00040405909 
    0.0017540506     0.0014831280    0.00076761424    0.00035775686 
   0.00057889460 
    0.0018463558     0.0015611761    0.00080800916    0.00037658345 
   0.00060935834 
    0.0016231904     0.0013724798    0.00071034669    0.00033106656 
   0.00053570640 
    0.0020271801     0.0017140711    0.00088714219    0.00041346446 
   0.00066903634 
    0.0018919541     0.0015997315    0.00082796409    0.00038588372 
   0.00062440731 
    0.0023701402     0.0020040591     0.0010372297    0.00048341473 
   0.00078222448 
    0.0022137987     0.0018718654    0.00096881091    0.00045152726 
   0.00073062663 
    0.0024705471     0.0020889577     0.0010811701    0.00050389377 
   0.00081536209 
    0.0030154827     0.0025497250     0.0013196469    0.00061503905 
   0.00099520882 
    0.0028435333     0.0024043341     0.0012443977    0.00057996818 
   0.00093845984 
    0.0032710674     0.0027658332     0.0014314968    0.00066716820 
    0.0010795602 
    0.0030610635     0.0025882656     0.0013395941    0.00062433572 
    0.0010102520 
    0.0025759326     0.0021780658     0.0011272893    0.00052538823 
   0.00085014277 
    0.0032893866     0.0027813229     0.0014395137    0.00067090459 
    0.0010856061 
    0.0060927336     0.0051516778     0.0026663250     0.0012426764 
    0.0020108032 
     0.011430192     0.0096647369     0.0050021238     0.0023313065 
    0.0037723407 
     0.011886396      0.010050478     0.0052017694     0.0024243541 
    0.0039229030 
     0.014576228      0.012324850     0.0063789038     0.0029729733 
    0.0048106363 
     0.017834426      0.015079802     0.0078047687     0.0036375166 
    0.0058859493 
     0.015639433      0.013223837     0.0068441875     0.0031898250 
    0.0051615291 
     0.020432320      0.017276436     0.0089416685     0.0041673840 
    0.0067433398 
     0.023759683      0.020089871      0.010397802     0.0048460344 
    0.0078414796 
     0.016055470      0.013575615     0.0070262553     0.0032746801 
    0.0052988351 
     0.015720208      0.013292136     0.0068795366     0.0032062999 
    0.0051881875 
     0.013756751      0.011631946     0.0060202812     0.0028058324 
    0.0045401819 
     0.018005420      0.015224385     0.0078795997     0.0036723926 
    0.0059423829 
     0.013589318      0.011490374     0.0059470085     0.0027716827 
    0.0044849235 
     0.013270367      0.011220687     0.0058074281     0.0027066294 
    0.0043796592 
     0.018049818      0.015261925     0.0078990292     0.0036814480 
    0.0059570356 
     0.016547784      0.013991889     0.0072417035     0.0033750926 
    0.0054613148 
     0.018820489      0.015913562     0.0082362933     0.0038386344 
    0.0062113826 
     0.019095206      0.016145847     0.0083565157     0.0038946657 
    0.0063020480 
     0.013691258      0.011576569     0.0059916199     0.0027924744 
    0.0045185670 
     0.013999017      0.011836793     0.0061263027     0.0028552451 
    0.0046201378 
     0.015360102      0.012987651     0.0067219458     0.0031328526 
    0.0050693407 
     0.024045455      0.020331504      0.010522863     0.0049043205 
    0.0079357937 
     0.021150292      0.017883514     0.0092558704     0.0043138219 
    0.0069802944 
     0.021176118      0.017905351     0.0092671725     0.0043190895 
    0.0069888179 
     0.030154827      0.025497250      0.013196469     0.0061503905 
    0.0099520882 
     0.031594814      0.026714823      0.013826642     0.0064440909 
     0.010427331 
      0.10903558      0.092194441      0.047716561      0.022238940 
     0.035985340 
      0.70938932       0.59982028       0.31044562       0.14468733 
      0.23412189 
      0.90686943       0.76679850       0.39686761       0.18496545 
      0.29929684 
      0.96386678       0.81499231       0.42181101       0.19659065 
      0.31810785 
      0.76319506       0.64531543       0.33399229       0.15566157 
      0.25187956 
      0.89835960       0.75960306       0.39314351       0.18322978 
      0.29648832 
      0.96044804       0.81210161       0.42031489       0.19589336 
      0.31697955 
       1.2952726        1.0952107       0.56684206       0.26418431 
      0.42748270 
       1.8954463        1.6026843       0.82949232       0.38659597 
      0.62555982 
       2.5517149        1.7045610       0.80229711       0.42037293 
      0.67669788 
       1.7902558        2.2622201       0.63106850       0.35163351 
      0.67251580 
       2.1003834        1.5783784       0.97669888       0.47804671 
      0.70608048 
       1.3799882        1.2670218       0.59435772       0.45700076 
      0.38511300 
       1.3421892        1.5690381        1.0031762       0.50788944 
      0.71079316 
       2.6430470        1.6204621        1.1489860       0.19339368 
      0.74450248 
       3.5423317        1.6382414        1.6980922       0.12387722 
      0.56788657 
       4.5972403        1.3398034       0.80261211       0.18160369 
      0.66799679 
       4.7514187       0.81578882       0.44096693       0.21772742 
      0.58152514 
       7.2237531        2.2857770       0.81874571        1.2442250 
      0.92343778 
       7.6465929        1.7950206       0.94973162       0.61551521 
       1.5109367 
       9.5745930        1.2314696        1.5252298       0.94434796 
       1.1501461 
       5.7132462       0.40984992        1.8674365       0.56855120 
      0.74111959 
       9.8687828        1.0746882        1.5809056       0.58485316 
      0.72901865 
       7.0885007        1.0440427        2.3298638       0.36678870 
      0.68961770 
       5.3345762       0.80876738        1.3554818       0.42647835 
      0.72141639 
       13.321504        1.9432070        2.5181050       0.70236399 
       1.3709104 
       12.756642        3.1839937        2.8830320       0.58383982 
      0.81117568 
       7.3285988        2.4044519        1.4156389       0.32011934 
       1.5493776 
       15.586789        2.8285949       0.46384234       0.55829751 
       1.6715191 
       27.817412        7.9887488        1.9836404       0.42575696 
       2.2700587 
       26.094097        6.5980489        2.8046431       0.74734502 
       3.9466535 
       42.922310        11.383765        4.0716213       0.86413935 
       7.7950453 
       86.078260        20.458583        1.5088932        1.4349019 
       9.8672629 
       146.39460        20.616223        59.056632        3.1776165 
       12.483494 
       205.34517        54.067075        141.70204        5.6985273 
       16.788252 
       53.682800        40.437532        75.781332        1.2178956 
       6.3142399 
       34.093339        94.428401        85.809945       0.82320992 
       10.887274 
       51.869874        36.906038        86.097932     0.0026927903 
       11.670553 
       111.75182        11.690956        55.435758        1.0137547 
       11.763534 
       111.46382        3.5083789        104.88976       0.23663943 
       7.6814753 
       5.2132633       0.69774243       0.21176026        0.0000000 
       3.9427018 
       15.132740       0.26778514      0.046070561        0.0000000 
      0.52693204 
       11.813599        15.592949        35.464261        7.2833840 
       11.560182 
       7.1808291       0.14623879        9.4685417        1.0757796 
       8.0145583 
       33.533951       0.10813915       0.57004782       0.18229172 
      0.55768906 
       5.3016664      0.030940038        19.413964       0.56420069 
       9.5513716 
       1.1640175        0.0000000        53.972639      0.026980538 
       24.268994 
       54.511612        24.584376        23.252908        0.0000000 
       10.736685 
       59.153412      0.044811978        13.366773       0.60816256 
       14.491874 
       57.575760        4.0133890        2.1292479       0.81764615 
       19.567376 
       54.205561        6.8502925        2.3039262      0.061486258 
      0.88612548 
       49.610168        6.8921791        22.934950        2.6201975 
       17.126298 
       52.984252       0.10443053        26.722822       0.83544421 
       1.7126606 
       28.666921        2.4328816        6.6183425        8.3049645 
       14.746165 
