
       0.0000000        0.0000000        0.0000000        0.0000000 
       0.0000000 
       0.0000000        0.0000000        0.0000000        0.0000000 
       0.0000000 
       0.0000000        0.0000000        0.0000000        0.0000000 
       0.0000000 
       0.0000000        0.0000000        0.0000000        0.0000000 
       0.0000000 
       0.0000000        0.0000000        0.0000000        0.0000000 
       0.0000000 
       0.0000000        0.0000000        0.0000000        0.0000000 
       0.0000000 
       0.0000000        0.0000000        0.0000000        0.0000000 
       0.0000000 
       0.0000000        0.0000000        0.0000000        0.0000000 
       0.0000000 
       0.0000000        0.0000000        0.0000000        0.0000000 
       0.0000000 
       0.0000000        0.0000000        0.0000000        0.0000000 
       0.0000000 
       0.0000000        0.0000000        0.0000000        0.0000000 
       0.0000000 
       0.0000000        0.0000000        0.0000000        0.0000000 
       0.0000000 
       0.0000000        0.0000000        0.0000000        0.0000000 
       0.0000000 
       0.0000000        0.0000000        0.0000000        0.0000000 
       0.0000000 
       0.0000000        0.0000000        0.0000000        0.0000000 
       0.0000000 
       0.0000000        0.0000000        0.0000000        0.0000000 
       0.0000000 
       0.0000000        0.0000000        0.0000000        0.0000000 
       0.0000000 
       0.0000000        0.0000000        0.0000000        0.0000000 
       0.0000000 
       0.0000000        0.0000000        0.0000000        0.0000000 
       0.0000000 
       0.0000000        0.0000000        0.0000000        0.0000000 
       0.0000000 
       0.0000000        0.0000000        0.0000000        0.0000000 
       0.0000000 
       0.0000000        0.0000000        0.0000000        0.0000000 
       0.0000000 
       0.0000000        0.0000000        0.0000000        0.0000000 
       0.0000000 
       0.0000000        0.0000000        0.0000000        0.0000000 
       0.0000000 
       0.0000000        0.0000000        0.0000000        0.0000000 
       0.0000000 
       0.0000000        0.0000000        0.0000000        0.0000000 
       0.0000000 
       0.0000000        0.0000000        0.0000000        0.0000000 
       0.0000000 
       0.0000000        0.0000000        0.0000000        0.0000000 
       0.0000000 
       0.0000000        0.0000000        0.0000000        0.0000000 
       0.0000000 
   6.0559316e-06    1.0093219e-05    5.0466096e-06    1.7158473e-05 
   4.0372877e-06 
   4.9907419e-06    8.3179032e-06    4.1589516e-06    1.4140435e-05 
   3.3271613e-06 
   5.4512779e-06    9.0854632e-06    4.5427316e-06    1.5445288e-05 
   3.6341853e-06 
   6.8242890e-06    1.1373815e-05    5.6869075e-06    1.9335485e-05 
   4.5495260e-06 
   5.9435789e-06    9.9059648e-06    4.9529824e-06    1.6840140e-05 
   3.9623859e-06 
   6.1957368e-06    1.0326228e-05    5.1631140e-06    1.7554588e-05 
   4.1304912e-06 
   5.3880106e-06    8.9800176e-06    4.4900088e-06    1.5266030e-05 
   3.5920070e-06 
   3.3539880e-06    5.5899799e-06    2.7949900e-06    9.5029659e-06 
   2.2359920e-06 
   3.6355182e-06    6.0591971e-06    3.0295985e-06    1.0300635e-05 
   2.4236788e-06 
   3.1749524e-06    5.2915874e-06    2.6457937e-06    8.9956985e-06 
   2.1166349e-06 
   4.0877538e-06    6.8129230e-06    3.4064615e-06    1.1581969e-05 
   2.7251692e-06 
   3.9116626e-06    6.5194376e-06    3.2597188e-06    1.1083044e-05 
   2.6077750e-06 
   4.1932908e-06    6.9888180e-06    3.4944090e-06    1.1880991e-05 
   2.7955272e-06 
   5.4594311e-06    9.0990519e-06    4.5495260e-06    1.5468388e-05 
   3.6396208e-06 
   4.8487091e-06    8.0811819e-06    4.0405909e-06    1.3738009e-05 
   3.2324728e-06 
   6.9467352e-06    1.1577892e-05    5.7889460e-06    1.9682416e-05 
   4.6311568e-06 
   7.3123001e-06    1.2187167e-05    6.0935834e-06    2.0718184e-05 
   4.8748667e-06 
   6.4284769e-06    1.0714128e-05    5.3570640e-06    1.8214018e-05 
   4.2856512e-06 
   8.0284361e-06    1.3380727e-05    6.6903634e-06    2.2747236e-05 
   5.3522907e-06 
   7.4928877e-06    1.2488146e-05    6.2440731e-06    2.1229848e-05 
   4.9952585e-06 
   9.3866938e-06    1.5644490e-05    7.8222448e-06    2.6595632e-05 
   6.2577959e-06 
   8.7675196e-06    1.4612533e-05    7.3062663e-06    2.4841305e-05 
   5.8450130e-06 
   9.7843450e-06    1.6307242e-05    8.1536209e-06    2.7722311e-05 
   6.5228967e-06 
   1.1942506e-05    1.9904176e-05    9.9520882e-06    3.3837100e-05 
   7.9616706e-06 
   1.1261518e-05    1.8769197e-05    9.3845984e-06    3.1907635e-05 
   7.5076787e-06 
   1.2954722e-05    2.1591204e-05    1.0795602e-05    3.6705047e-05 
   8.6364816e-06 
   1.2123024e-05    2.0205039e-05    1.0102520e-05    3.4348567e-05 
   8.0820158e-06 
   1.0201713e-05    1.7002855e-05    8.5014277e-06    2.8904854e-05 
   6.8011422e-06 
   1.3027274e-05    2.1712123e-05    1.0856061e-05    3.6910609e-05 
   8.6848491e-06 
   2.4129638e-05    4.0216064e-05    2.0108032e-05    6.8367308e-05 
   1.6086425e-05 
   4.5268088e-05    7.5446814e-05    3.7723407e-05    0.00012825958 
   3.0178726e-05 
   4.7074836e-05    7.8458060e-05    3.9229030e-05    0.00013337870 
   3.1383224e-05 
   5.7727636e-05    9.6212727e-05    4.8106363e-05    0.00016356164 
   3.8485091e-05 
   7.0631391e-05    0.00011771899    5.8859493e-05    0.00020012227 
   4.7087594e-05 
   6.1938349e-05    0.00010323058    5.1615291e-05    0.00017549199 
   4.1292233e-05 
   8.0920077e-05    0.00013486680    6.7433398e-05    0.00022927355 
   5.3946718e-05 
   9.4097756e-05    0.00015682959    7.8414796e-05    0.00026661031 
   6.2731837e-05 
   6.3586021e-05    0.00010597670    5.2988351e-05    0.00018016039 
   4.2390681e-05 
   6.2258250e-05    0.00010376375    5.1881875e-05    0.00017639837 
   4.1505500e-05 
   5.4482183e-05    9.0803638e-05    4.5401819e-05    0.00015436618 
   3.6321455e-05 
   7.1308594e-05    0.00011884766    5.9423829e-05    0.00020204102 
   4.7539063e-05 
   5.3819082e-05    8.9698470e-05    4.4849235e-05    0.00015248740 
   3.5879388e-05 
   5.2555911e-05    8.7593184e-05    4.3796592e-05    0.00014890841 
   3.5037274e-05 
   7.1484427e-05    0.00011914071    5.9570356e-05    0.00020253921 
   4.7656285e-05 
   6.5535778e-05    0.00010922630    5.4613148e-05    0.00018568470 
   4.3690519e-05 
   7.4536591e-05    0.00012422765    6.2113826e-05    0.00021118701 
   4.9691061e-05 
   7.5624576e-05    0.00012604096    6.3020480e-05    0.00021426963 
   5.0416384e-05 
   5.4222805e-05    9.0371341e-05    4.5185670e-05    0.00015363128 
   3.6148536e-05 
   5.5441653e-05    9.2402756e-05    4.6201378e-05    0.00015708468 
   3.6961102e-05 
   6.0832089e-05    0.00010138681    5.0693407e-05    0.00017235758 
   4.0554726e-05 
   9.5229525e-05    0.00015871587    7.9357937e-05    0.00026981699 
   6.3486350e-05 
   8.3763533e-05    0.00013960589    6.9802944e-05    0.00023733001 
   5.5842355e-05 
   8.3865815e-05    0.00013977636    6.9888179e-05    0.00023761981 
   5.5910543e-05 
   0.00011942506    0.00019904176    9.9520882e-05    0.00033837100 
   7.9616706e-05 
   0.00012512798    0.00020854663    0.00010427331    0.00035452927 
   8.3418652e-05 
   0.00043182408    0.00071970680    0.00035985340     0.0012235016 
   0.00028788272 
    0.0028094627     0.0046824378     0.0023412189     0.0079601442 
    0.0018729751 
    0.0035915621     0.0059859368     0.0029929684      0.010176093 
    0.0023943747 
    0.0038172942     0.0063621570     0.0031810785      0.010815667 
    0.0025448628 
    0.0030225547     0.0050375911     0.0025187956     0.0085639050 
    0.0020150365 
    0.0035578598     0.0059297663     0.0029648832      0.010080603 
    0.0023719065 
    0.0038037546     0.0063395911     0.0031697955      0.010777305 
    0.0025358364 
    0.0051297924     0.0085496539     0.0042748270      0.014534412 
    0.0034198616 
    0.0075067178      0.012511196     0.0062555982      0.021269034 
    0.0050044786 
       0.0000000        0.0000000        0.0000000        0.0000000 
       0.0000000 
       0.0000000        0.0000000        0.0000000        0.0000000 
       0.0000000 
       0.0000000        0.0000000        0.0000000        0.0000000 
       0.0000000 
       0.0000000        0.0000000        0.0000000        0.0000000 
       0.0000000 
     0.040328690      0.047890319      0.030246517      0.015123259 
     0.021424616 
    0.0012640110      0.024016209     0.0088480770       0.11502500 
    0.0063200550 
      0.74047955      0.048715760      0.098823399     0.0027837577 
     0.020878183 
      0.14096510       0.17525391      0.085087044        0.0000000 
     0.035558764 
       0.0000000      0.063388996      0.068901083        0.0000000 
     0.064767018 
       0.0000000        0.0000000     0.0080532365        0.0000000 
     0.021475297 
      0.22698864       0.22977378        0.0000000        0.0000000 
    0.0083554101 
       1.1849990       0.77506239        0.0000000        0.0000000 
    0.0082983125 
     0.061631566       0.36362624        0.0000000        0.0000000 
     0.010785524 
      0.25065136       0.46853783        0.0000000        0.0000000 
       0.0000000 
      0.43822320       0.54262747       0.12501038       0.28436427 
     0.054949617 
       2.8219507        9.0988899        3.0881143        1.9340536 
       2.1868577 
     0.057229658       0.46824266       0.11315864      0.094949206 
      0.16128358 
      0.15629340      0.093001034       0.21829409     0.0051667241 
     0.028416983 
      0.18353509       0.43678506      0.051219094      0.022764042 
     0.035568816 
     0.072528075       0.18891033      0.048914283      0.026987191 
     0.025300491 
      0.22255478       0.28641832     0.0019352589      0.027093625 
     0.036769919 
     0.060879229       0.55421092       0.10076562      0.039886392 
     0.033588540 
       0.0000000      0.025415863        0.0000000        0.0000000 
    0.0076247590 
      0.44130501        18.822848       0.56021953       0.19819087 
      0.13476979 
       0.0000000        4.1019146        0.0000000        0.0000000 
       0.0000000 
       0.0000000        10.756545        0.0000000        0.0000000 
       0.0000000 
       1.8346839        3.7164110        1.6687261       0.48349933 
      0.46128449 
      0.59891164        6.6126891        1.9106456       0.39340274 
     0.063414173 
      0.10905801        8.6169291        2.0680630       0.26120066 
       0.0000000 
       1.0137547        2.7638277        32.954051        1.2490488 
      0.70119983 
       3.9284803        5.1927730        4.1199190       0.94921657 
       3.8912562 
      0.67489061        4.8141181        2.5609280        4.1194226 
       1.6422846 
       2.6864896        3.4049024        4.6128149        9.1306093 
       5.3672203 
       12.401776        5.3999660        2.5810961        16.874111 
       5.7034403 
       19.288393        9.9022154        1.5666041        17.120024 
       6.0428559 
       8.8133410        14.407225        7.9590417        1.9913053 
       3.1329458 
       4.9176460        1.3486216        10.217492       0.62426076 
       3.4925842 
       2.3473068        13.898831        47.871183       0.96551782 
       4.3978277 
       13.665065       0.81969155        1.3505799        2.2764491 
       2.7648663 
      0.99226523        2.2470006        25.686866        2.1061630 
       2.5270755 
      0.21891213        1.3527647        13.471515        4.8516166 
       2.3855809 
       5.4053654        1.9042656        22.288768       0.51720793 
       8.3440468 
       1.3100987        25.719595        8.3210455        1.0670818 
       2.1140645 
       2.1227878        21.554461        7.4411497       0.54493747 
       1.3063309 
      0.67464881        1.3700270        3.5635779      0.048996841 
      0.11872311 
