
       0.0000000        0.0000000        0.0000000        0.0000000 
       0.0000000 
       0.0000000        0.0000000        0.0000000        0.0000000 
       0.0000000 
       0.0000000        0.0000000        0.0000000        0.0000000 
       0.0000000 
       0.0000000        0.0000000        0.0000000        0.0000000 
       0.0000000 
       0.0000000        0.0000000        0.0000000        0.0000000 
       0.0000000 
       0.0000000        0.0000000        0.0000000        0.0000000 
       0.0000000 
       0.0000000        0.0000000        0.0000000        0.0000000 
       0.0000000 
       0.0000000        0.0000000        0.0000000        0.0000000 
       0.0000000 
       0.0000000        0.0000000        0.0000000        0.0000000 
       0.0000000 
       0.0000000        0.0000000        0.0000000        0.0000000 
       0.0000000 
       0.0000000        0.0000000        0.0000000        0.0000000 
       0.0000000 
       0.0000000        0.0000000        0.0000000        0.0000000 
       0.0000000 
       0.0000000        0.0000000        0.0000000        0.0000000 
       0.0000000 
       0.0000000        0.0000000        0.0000000        0.0000000 
       0.0000000 
       0.0000000        0.0000000        0.0000000        0.0000000 
       0.0000000 
       0.0000000        0.0000000        0.0000000        0.0000000 
       0.0000000 
       0.0000000        0.0000000        0.0000000        0.0000000 
       0.0000000 
       0.0000000        0.0000000        0.0000000        0.0000000 
       0.0000000 
       0.0000000        0.0000000        0.0000000        0.0000000 
       0.0000000 
       0.0000000        0.0000000        0.0000000        0.0000000 
       0.0000000 
       0.0000000        0.0000000        0.0000000        0.0000000 
       0.0000000 
       0.0000000        0.0000000        0.0000000        0.0000000 
       0.0000000 
       0.0000000        0.0000000        0.0000000        0.0000000 
       0.0000000 
       0.0000000        0.0000000        0.0000000        0.0000000 
       0.0000000 
       0.0000000        0.0000000        0.0000000        0.0000000 
       0.0000000 
       0.0000000        0.0000000        0.0000000        0.0000000 
       0.0000000 
       0.0000000        0.0000000        0.0000000        0.0000000 
       0.0000000 
       0.0000000        0.0000000        0.0000000        0.0000000 
       0.0000000 
       0.0000000        0.0000000        0.0000000        0.0000000 
       0.0000000 
    0.0013646032     0.0013696499    0.00066716179    0.00042492453 
   0.00061568637 
    0.0011245805     0.0011287395    0.00054981340    0.00035018372 
   0.00050739209 
    0.0012283546     0.0012328974    0.00060054912    0.00038249800 
   0.00055421326 
    0.0015377398     0.0015434267    0.00075180917    0.00047883761 
   0.00069380271 
    0.0013392864     0.0013442394    0.00065478427    0.00041704112 
   0.00060426385 
    0.0013961060     0.0014012691    0.00068256367    0.00043473420 
   0.00062989991 
    0.0012140984     0.0012185884    0.00059357916    0.00037805874 
   0.00054778107 
   0.00075576529    0.00075856028    0.00036949767    0.00023533816 
   0.00034098878 
   0.00081920344    0.00082223304    0.00040051293    0.00025509220 
   0.00036961102 
   0.00071542261    0.00071806840    0.00034977392    0.00022277583 
   0.00032278683 
   0.00092110719    0.00092451365    0.00045033421    0.00028682406 
   0.00041558830 
   0.00088142796    0.00088468768    0.00043093482    0.00027446832 
   0.00039768569 
   0.00094488819    0.00094838260    0.00046196087    0.00029422924 
   0.00042631790 
    0.0012301918     0.0012347413    0.00060144733    0.00038307009 
   0.00055504217 
    0.0010925758     0.0010966164    0.00053416612    0.00034021776 
   0.00049295210 
    0.0015653310     0.0015711199    0.00076529866    0.00048742925 
   0.00070625141 
    0.0016477050     0.0016537985    0.00080557173    0.00051307972 
   0.00074341717 
    0.0014485501     0.0014539072    0.00070820387    0.00045106479 
   0.00065356181 
    0.0018090743     0.0018157646    0.00088446605    0.00056332860 
   0.00081622434 
    0.0016883974     0.0016946414    0.00082546646    0.00052575095 
   0.00076177691 
    0.0021151350     0.0021229572     0.0010341008    0.00065863301 
   0.00095431387 
    0.0019756144     0.0019829207    0.00096588840    0.00061518762 
   0.00089136449 
    0.0022047391     0.0022128927     0.0010779087    0.00068653488 
   0.00099474175 
    0.0026910447     0.0027009967     0.0013156661    0.00083796583 
    0.0012141548 
    0.0025375954     0.0025469800     0.0012406439    0.00079018318 
    0.0011449210 
    0.0029191308     0.0029299264     0.0014271786    0.00090898969 
    0.0013170634 
    0.0027317213     0.0027418239     0.0013355531    0.00085063216 
    0.0012325074 
    0.0022987861     0.0023072875     0.0011238887    0.00071582022 
    0.0010371742 
    0.0029354790     0.0029463351     0.0014351713    0.00091408037 
    0.0013244395 
    0.0054372118     0.0054573198     0.0026582818     0.0016930963 
    0.0024531799 
     0.010200409      0.010238133     0.0049870344     0.0031763109 
    0.0046022556 
     0.010607530      0.010646759     0.0051860778     0.0033030843 
    0.0047859417 
     0.013007961      0.013056067     0.0063596612     0.0040505558 
    0.0058689763 
     0.015915607      0.015974466     0.0077812249     0.0049559693 
    0.0071808581 
     0.013956775      0.014008390     0.0068235414     0.0043460075 
    0.0062970655 
     0.018233991      0.018301424     0.0089146952     0.0056778921 
    0.0082268745 
     0.021203361      0.021281776      0.010366436     0.0066025259 
    0.0095666052 
     0.014328050      0.014381038     0.0070050600     0.0044616191 
    0.0064645788 
     0.014028859      0.014080741     0.0068587839     0.0043684539 
    0.0063295887 
     0.012276652      0.012322054     0.0060021205     0.0038228332 
    0.0055390219 
     0.016068203      0.016127627     0.0078558302     0.0050034864 
    0.0072497071 
     0.012127233      0.012172082     0.0059290689     0.0037763056 
    0.0054716067 
     0.011842599      0.011886395     0.0057899095     0.0036876731 
    0.0053431843 
     0.016107824      0.016167395     0.0078752010     0.0050158240 
    0.0072675834 
     0.014767395      0.014822008     0.0072198582     0.0045984271 
    0.0066628041 
     0.016795579      0.016857692     0.0082114478     0.0052299841 
    0.0075778867 
     0.017040738      0.017103758     0.0083313075     0.0053063244 
    0.0076884986 
     0.012218205      0.012263391     0.0059735456     0.0038046335 
    0.0055126518 
     0.012492853      0.012539054     0.0061078221     0.0038901560 
    0.0056365681 
     0.013707497      0.013758191     0.0067016684     0.0042683849 
    0.0061845957 
     0.021458386      0.021537744      0.010491119     0.0066819383 
    0.0096816684 
     0.018874716      0.018944519     0.0092279492     0.0058774079 
    0.0085159591 
     0.018897764      0.018967652     0.0092392173     0.0058845847 
    0.0085263578 
     0.026910447      0.027009967      0.013156661     0.0083796583 
     0.012141548 
     0.028195504      0.028299778      0.013784932     0.0087798131 
     0.012721344 
     0.097304359      0.097664213      0.047572620      0.030299656 
     0.043902115 
      0.63306559       0.63540681       0.30950914       0.19713063 
      0.28562870 
      0.80929866       0.81229162       0.39567042       0.25200794 
      0.36514214 
      0.86016362       0.86334470       0.42053858       0.26784681 
      0.38809157 
      0.68108232       0.68360112       0.33298477       0.21208259 
      0.30729306 
      0.80170440       0.80466929       0.39195755       0.24964316 
      0.36171574 
      0.85711271       0.86028251       0.41904697       0.26689678 
      0.38671505 
       1.1559132        1.1601880       0.56513213       0.35994043 
      0.52152889 
       1.6915138        1.6977694       0.82699008       0.52672137 
      0.76318298 
       2.1377501        1.4277300       0.67285301       0.35244681 
      0.56775978 
       1.7073612        2.1565964       0.60165429       0.33558939 
      0.64042757 
       1.9877402        1.4945828       0.92449838       0.45194646 
      0.66899065 
       2.0295455        1.8626632       0.87420650       0.67138032 
      0.56739981 
       1.8273938        2.1374206        1.3661344       0.69062881 
      0.96788855 
      0.86711155        1.4927970       0.69647006       0.75714259 
       1.3170995 
       1.7649024        6.0143086        1.9541979        1.4419865 
      0.97153144 
       2.5932499        4.5731111       0.96135660        1.0781925 
       1.6052242 
       2.5093774        3.9990189        1.3587294        1.0500525 
       2.6430455 
       2.2830925        5.7513530        1.2589893        1.0845025 
       2.7810510 
       2.5052305        4.0579442        1.1432986       0.86199981 
       2.3172337 
       3.1384218        5.3872645        1.9932547        2.1426243 
       3.2081276 
       2.8689494        5.9459054        2.2125732        1.4298523 
       2.5777403 
       2.6899969        4.8885206        3.1061109        2.2902653 
       2.7932063 
       1.9768125        3.6720082        2.2130958       0.92727479 
       2.4287731 
       1.8292324        1.9330260        1.7285219       0.68031005 
      0.79026952 
       3.5807557        5.5473748        2.5584259        1.3162821 
       2.8094560 
       3.3932461        3.3144535        3.1116596        1.9181463 
       3.3131618 
       2.2209168        3.5355403        5.9969023        2.6861570 
       2.5182721 
       3.3008708        7.7250833        8.7067424        2.7779939 
       5.7938125 
       6.7018016        18.127570        4.8787877        3.9576045 
       5.7709421 
       5.7835268        11.239565        7.4230674        1.9145468 
       6.2789578 
       6.0540587        15.201228        8.0339544        3.0143214 
       6.0769329 
       4.6984449        11.154182        10.430125        3.0125013 
       6.4953755 
       4.9660513        5.5758693        7.6049497        3.7929037 
       5.8684725 
       6.9651858        14.622582        18.247351        6.8043403 
       7.8929198 
       9.4190896        28.647989        15.875766        2.9650270 
       5.5210396 
       10.122781        14.915248        16.157696        4.4260744 
       4.0338460 
       3.8399190        21.173410        11.150845        5.1593863 
       6.6188787 
       3.5715537        9.2806548        16.163885        3.3959611 
       5.5405322 
       8.4844540        15.607567        29.752755        7.9593272 
       8.4671713 
       41.465401        40.333474        155.67121        10.591060 
       43.179288 
       52.733516        26.376836        11.632817        29.205856 
       26.864896 
       62.722200        47.465576        17.945657        30.538278 
       23.896257 
       52.116481        76.094600        17.689851        27.894630 
       51.665998 
       36.126201        159.40484        7.7999226        15.629197 
       53.857933 
       27.700434        179.87992        9.1309511        18.089002 
       42.174911 
       44.988120        70.060748        11.703772        22.756157 
       32.704266 
       58.508139        159.58927        49.682652        51.714892 
       46.868943 
       33.156063        58.093928        19.811696        11.278215 
       57.488967 
       33.007084        78.896305        22.830477        18.996708 
       70.265179 
       79.027925        102.55004        25.495096        28.399417 
       109.10375 
       38.380229        85.735639        30.364325        22.025007 
       56.231923 
       40.219044        93.594435        42.717781        21.751929 
       48.055131 
       48.288271        80.241749        48.672708        31.923326 
       35.792192 
