
       0.0000000        0.0000000        0.0000000        0.0000000 
       0.0000000 
       0.0000000        0.0000000        0.0000000        0.0000000 
       0.0000000 
       0.0000000        0.0000000        0.0000000        0.0000000 
       0.0000000 
       0.0000000        0.0000000        0.0000000        0.0000000 
       0.0000000 
       0.0000000        0.0000000        0.0000000        0.0000000 
       0.0000000 
       0.0000000        0.0000000        0.0000000        0.0000000 
       0.0000000 
       0.0000000        0.0000000        0.0000000        0.0000000 
       0.0000000 
       0.0000000        0.0000000        0.0000000        0.0000000 
       0.0000000 
       0.0000000        0.0000000        0.0000000        0.0000000 
       0.0000000 
       0.0000000        0.0000000        0.0000000        0.0000000 
       0.0000000 
       0.0000000        0.0000000        0.0000000        0.0000000 
       0.0000000 
       0.0000000        0.0000000        0.0000000        0.0000000 
       0.0000000 
       0.0000000        0.0000000        0.0000000        0.0000000 
       0.0000000 
       0.0000000        0.0000000        0.0000000        0.0000000 
       0.0000000 
       0.0000000        0.0000000        0.0000000        0.0000000 
       0.0000000 
       0.0000000        0.0000000        0.0000000        0.0000000 
       0.0000000 
       0.0000000        0.0000000        0.0000000        0.0000000 
       0.0000000 
       0.0000000        0.0000000        0.0000000        0.0000000 
       0.0000000 
       0.0000000        0.0000000        0.0000000        0.0000000 
       0.0000000 
       0.0000000        0.0000000        0.0000000        0.0000000 
       0.0000000 
       0.0000000        0.0000000        0.0000000        0.0000000 
       0.0000000 
       0.0000000        0.0000000        0.0000000        0.0000000 
       0.0000000 
       0.0000000        0.0000000        0.0000000        0.0000000 
       0.0000000 
       0.0000000        0.0000000        0.0000000        0.0000000 
       0.0000000 
       0.0000000        0.0000000        0.0000000        0.0000000 
       0.0000000 
       0.0000000        0.0000000        0.0000000        0.0000000 
       0.0000000 
       0.0000000        0.0000000        0.0000000        0.0000000 
       0.0000000 
       0.0000000        0.0000000        0.0000000        0.0000000 
       0.0000000 
       0.0000000        0.0000000        0.0000000        0.0000000 
       0.0000000 
   0.00045419487    0.00059449061    0.00027150760    0.00013625846 
   0.00017461269 
   0.00037430564    0.00048992450    0.00022375160    0.00011229169 
   0.00014389973 
   0.00040884585    0.00053513379    0.00024439896    0.00012265375 
   0.00015717851 
   0.00051182167    0.00066991770    0.00030595562    0.00015354650 
   0.00019676700 
   0.00044576842    0.00058346133    0.00026647045    0.00013373053 
   0.00017137319 
   0.00046468026    0.00060821483    0.00027777553    0.00013940408 
   0.00017864374 
   0.00040410079    0.00052892304    0.00024156247    0.00012123024 
   0.00015535430 
   0.00025154910    0.00032924982    0.00015037046    7.5464729e-05 
   9.6706653e-05 
   0.00027266387    0.00035688671    0.00016299240    8.1799160e-05 
   0.00010482411 
   0.00023812143    0.00031167450    0.00014234370    7.1436429e-05 
   9.1544461e-05 
   0.00030658153    0.00040128116    0.00018326763    9.1974460e-05 
   0.00011786357 
   0.00029337469    0.00038399487    0.00017537287    8.8012407e-05 
   0.00011278627 
   0.00031449681    0.00041164138    0.00018799920    9.4349043e-05 
   0.00012090655 
   0.00040945734    0.00053593416    0.00024476450    0.00012283720 
   0.00015741360 
   0.00036365318    0.00047598161    0.00021738379    0.00010909596 
   0.00013980445 
   0.00052100514    0.00068193783    0.00031144529    0.00015630154 
   0.00020029753 
   0.00054842251    0.00071782412    0.00032783479    0.00016452675 
   0.00021083799 
   0.00048213576    0.00063106214    0.00028821005    0.00014464073 
   0.00018535442 
   0.00060213271    0.00078812481    0.00035994155    0.00018063981 
   0.00023148657 
   0.00056196658    0.00073555181    0.00033593113    0.00016858997 
   0.00021604493 
   0.00070400203    0.00092146044    0.00042083677    0.00021120061 
   0.00027064967 
   0.00065756397    0.00086067817    0.00039307713    0.00019726919 
   0.00025279681 
   0.00073382588    0.00096049654    0.00043866480    0.00022014776 
   0.00028211528 
   0.00089568794     0.0011723560    0.00053542235    0.00026870638 
   0.00034434225 
   0.00084461385     0.0011055057    0.00050489139    0.00025338416 
   0.00032470710 
   0.00097160418     0.0012717219    0.00058080339    0.00029148125 
   0.00037352783 
   0.00090922677     0.0011900768    0.00054351556    0.00027276803 
   0.00034954718 
   0.00076512850     0.0010014682    0.00045737681    0.00022953855 
   0.00029414940 
   0.00097704552     0.0012788440    0.00058405610    0.00029311366 
   0.00037561972 
    0.0018097229     0.0023687261     0.0010818121    0.00054291686 
   0.00069573790 
    0.0033951066     0.0044438173     0.0020295193     0.0010185320 
    0.0013052299 
    0.0035306127     0.0046211797     0.0021105218     0.0010591838 
    0.0013573244 
    0.0043295727     0.0056669296     0.0025881224     0.0012988718 
    0.0016644802 
    0.0052973543     0.0069336482     0.0031666407     0.0015892063 
    0.0020365384 
    0.0046453762     0.0060802812     0.0027769026     0.0013936128 
    0.0017858891 
    0.0060690058     0.0079436542     0.0036279168     0.0018207017 
    0.0023331956 
    0.0070573317     0.0092372630     0.0042187160     0.0021171995 
    0.0027131520 
    0.0047689516     0.0062420277     0.0028507733     0.0014306855 
    0.0018333969 
    0.0046693687     0.0061116849     0.0027912449     0.0014008106 
    0.0017951129 
    0.0040861637     0.0053483343     0.0024426179     0.0012258491 
    0.0015709029 
    0.0053481446     0.0070001270     0.0031970020     0.0016044434 
    0.0020560645 
    0.0040364311     0.0052832399     0.0024128888     0.0012109293 
    0.0015517835 
    0.0039416933     0.0051592386     0.0023562567     0.0011825080 
    0.0015153621 
    0.0053613320     0.0070173879     0.0032048851     0.0016083996 
    0.0020611343 
    0.0049151834     0.0064334289     0.0029381874     0.0014745550 
    0.0018896149 
    0.0055902443     0.0073170087     0.0033417238     0.0016770733 
    0.0021491384 
    0.0056718432     0.0074238126     0.0033905018     0.0017015530 
    0.0021805086 
    0.0040667103     0.0053228720     0.0024309891     0.0012200131 
    0.0015634242 
    0.0041581240     0.0054425223     0.0024856341     0.0012474372 
    0.0015985677 
    0.0045624067     0.0059716834     0.0027273053     0.0013687220 
    0.0017539919 
    0.0071422144     0.0093483650     0.0042694570     0.0021426643 
    0.0027457846 
    0.0062822649     0.0082227868     0.0037553984     0.0018846795 
    0.0024151819 
    0.0062899361     0.0082328275     0.0037599840     0.0018869808 
    0.0024181310 
    0.0089568794      0.011723560     0.0053542235     0.0026870638 
    0.0034434225 
    0.0093845983      0.012283396     0.0056099043     0.0028153795 
    0.0036078567 
     0.032386806      0.042390731      0.019360113     0.0097160418 
     0.012450928 
      0.21070970       0.27579558       0.12595758      0.063212910 
     0.081006173 
      0.26936716       0.35257168       0.16102170      0.080810147 
      0.10355671 
      0.28629706       0.37473105       0.17114202      0.085889119 
      0.11006532 
      0.22669160       0.29671412       0.13551120      0.068007481 
     0.087150327 
      0.26683948       0.34926324       0.15951071      0.080051845 
      0.10258496 
      0.28528160       0.37340191       0.17053500      0.085584479 
      0.10967493 
      0.38473443       0.50357462       0.22998569       0.11542033 
      0.14790901 
      0.56300384       0.73690947       0.33655118       0.16890115 
      0.21644370 
      0.17430097       0.11662785      0.055109865      0.028195745 
     0.046138492 
       1.2086566        1.5268649       0.42650604       0.23798770 
      0.45324623 
      0.79949191       0.60030578       0.37089831       0.18132806 
      0.26924470 
      0.30167185       0.27599765       0.12965471       0.10012938 
     0.084724859 
      0.94898448        1.1090390       0.70827261       0.35917739 
      0.50284835 
      0.11376099       0.96949644       0.40448352       0.14788929 
       0.0000000 
     0.070985822      0.033405093     0.0013918789      0.019486304 
       0.0000000 
      0.74292419       0.66799679       0.13715523      0.015239470 
       0.0000000 
      0.23150764        1.2457316       0.23977577      0.012402195 
       0.0000000 
      0.38923976        1.8455334      0.091270013      0.029528534 
       0.0000000 
       1.5471434       0.63083347      0.036206777      0.052917598 
     0.019495957 
       11.705600       0.52445335      0.033193250       0.19584017 
     0.026554600 
       4.5160530       0.45915517      0.024652627       0.65945776 
     0.020030259 
      0.37351967       0.51277042      0.062253278      0.040956104 
     0.062253278 
     0.078303205       0.43959694      0.050828396      0.012363664 
    0.0082424426 
     0.024663808        0.0000000      0.046244641      0.010276587 
       0.0000000 
       1.2486471       0.59700939        1.3644071       0.30956042 
       0.0000000 
      0.21829409       0.41850465       0.49729719      0.045208836 
      0.10075112 
     0.079674147       0.55060527       0.42824854      0.022764042 
     0.058332858 
      0.61733199       0.45034874       0.37107387     0.0016866994 
     0.053974381 
       1.7746324        1.2327599       0.42382170        0.0000000 
     0.048381473 
       1.8053840        3.3063719        1.5660657        3.7577180 
      0.20992838 
       1.7054044        5.4237452        3.1642750        7.2181052 
      0.39140430 
       6.0672832        5.6550462        1.8392113        4.0060982 
       3.1023478 
       3.3690392        3.2705933        3.3881815        1.9935305 
       4.9496437 
       4.7248374        8.5765133        8.1284436        3.5759407 
       6.6578559 
       4.9238526        7.1557900        4.4207520        1.2675523 
      0.35543734 
       3.0896794        20.254957        3.0544493        4.7396223 
     0.097469933 
       3.0630490        18.876460       0.72705339        1.1821350 
      0.46046715 
       11.041263        4.5490193       0.24700027        1.7582674 
       1.9385424 
       41.131389        10.418782        6.9330034        2.3703826 
       3.6373341 
       8.9975258        13.095620        4.4393481        1.3360701 
       3.8802401 
       36.656330        48.042957        7.8622292       0.77456131 
      0.16700578 
       78.282299        25.548159       0.18145888       0.67108499 
       1.1043963 
       0.0000000        24.763103      0.062193510       0.45720635 
       0.0000000 
       3.4341905        307.32375        1.9109733        0.0000000 
      0.17147780 
      0.77350094        136.30179        19.719724       0.69160084 
       7.2490688 
      0.27558692        29.048403        0.0000000        0.0000000 
       5.3382922 
       63.838257        170.65086        11.225102        19.829740 
       6.1519337 
       34.974149        127.28842        19.169924        6.2688757 
       3.8874391 
       19.599184        99.298166        84.011738        9.7799460 
       4.1967513 
       4.5608336        70.307727        28.186024        9.1903871 
      0.76315296 
      0.91177025        41.912196        11.513155        8.6810029 
      0.78021222 
       42.664617        25.779150        6.0246920        8.6468476 
       1.0993686 
       4.3739103        3.5956143        4.6735448        7.4644802 
      0.16018198 
