
       0.0000000        0.0000000        0.0000000        0.0000000 
       0.0000000 
       0.0000000        0.0000000        0.0000000        0.0000000 
       0.0000000 
       0.0000000        0.0000000        0.0000000        0.0000000 
       0.0000000 
       0.0000000        0.0000000        0.0000000        0.0000000 
       0.0000000 
       0.0000000        0.0000000        0.0000000        0.0000000 
       0.0000000 
       0.0000000        0.0000000        0.0000000        0.0000000 
       0.0000000 
       0.0000000        0.0000000        0.0000000        0.0000000 
       0.0000000 
       0.0000000        0.0000000        0.0000000        0.0000000 
       0.0000000 
       0.0000000        0.0000000        0.0000000        0.0000000 
       0.0000000 
       0.0000000        0.0000000        0.0000000        0.0000000 
       0.0000000 
       0.0000000        0.0000000        0.0000000        0.0000000 
       0.0000000 
       0.0000000        0.0000000        0.0000000        0.0000000 
       0.0000000 
       0.0000000        0.0000000        0.0000000        0.0000000 
       0.0000000 
       0.0000000        0.0000000        0.0000000        0.0000000 
       0.0000000 
       0.0000000        0.0000000        0.0000000        0.0000000 
       0.0000000 
       0.0000000        0.0000000        0.0000000        0.0000000 
       0.0000000 
       0.0000000        0.0000000        0.0000000        0.0000000 
       0.0000000 
       0.0000000        0.0000000        0.0000000        0.0000000 
       0.0000000 
       0.0000000        0.0000000        0.0000000        0.0000000 
       0.0000000 
       0.0000000        0.0000000        0.0000000        0.0000000 
       0.0000000 
       0.0000000        0.0000000        0.0000000        0.0000000 
       0.0000000 
       0.0000000        0.0000000        0.0000000        0.0000000 
       0.0000000 
       0.0000000        0.0000000        0.0000000        0.0000000 
       0.0000000 
       0.0000000        0.0000000        0.0000000        0.0000000 
       0.0000000 
       0.0000000        0.0000000        0.0000000        0.0000000 
       0.0000000 
       0.0000000        0.0000000        0.0000000        0.0000000 
       0.0000000 
       0.0000000        0.0000000        0.0000000        0.0000000 
       0.0000000 
       0.0000000        0.0000000        0.0000000        0.0000000 
       0.0000000 
       0.0000000        0.0000000        0.0000000        0.0000000 
       0.0000000 
   3.3307624e-05    2.8261014e-05    1.7158473e-05    8.0745754e-06 
   1.0093219e-05 
   2.7449081e-05    2.3290129e-05    1.4140435e-05    6.6543226e-06 
   8.3179032e-06 
   2.9982029e-05    2.5439297e-05    1.5445288e-05    7.2683706e-06 
   9.0854632e-06 
   3.7533589e-05    3.1846682e-05    1.9335485e-05    9.0990520e-06 
   1.1373815e-05 
   3.2689684e-05    2.7736702e-05    1.6840140e-05    7.9247719e-06 
   9.9059648e-06 
   3.4076552e-05    2.8913438e-05    1.7554588e-05    8.2609824e-06 
   1.0326228e-05 
   2.9634058e-05    2.5144049e-05    1.5266030e-05    7.1840141e-06 
   8.9800176e-06 
   1.8446934e-05    1.5651944e-05    9.5029659e-06    4.4719839e-06 
   5.5899799e-06 
   1.9995350e-05    1.6965752e-05    1.0300635e-05    4.8473576e-06 
   6.0591971e-06 
   1.7462238e-05    1.4816445e-05    8.9956985e-06    4.2332699e-06 
   5.2915874e-06 
   2.2482646e-05    1.9076184e-05    1.1581969e-05    5.4503384e-06 
   6.8129230e-06 
   2.1514144e-05    1.8254425e-05    1.1083044e-05    5.2155501e-06 
   6.5194376e-06 
   2.3063099e-05    1.9568690e-05    1.1880991e-05    5.5910544e-06 
   6.9888180e-06 
   3.0026871e-05    2.5477345e-05    1.5468388e-05    7.2792415e-06 
   9.0990519e-06 
   2.6667900e-05    2.2627309e-05    1.3738009e-05    6.4649455e-06 
   8.0811819e-06 
   3.8207043e-05    3.2418097e-05    1.9682416e-05    9.2623135e-06 
   1.1577892e-05 
   4.0217650e-05    3.4124067e-05    2.0718184e-05    9.7497334e-06 
   1.2187167e-05 
   3.5356623e-05    2.9999559e-05    1.8214018e-05    8.5713025e-06 
   1.0714128e-05 
   4.4156399e-05    3.7466035e-05    2.2747236e-05    1.0704581e-05 
   1.3380727e-05 
   4.1210882e-05    3.4966809e-05    2.1229848e-05    9.9905169e-06 
   1.2488146e-05 
   5.1626816e-05    4.3804571e-05    2.6595632e-05    1.2515592e-05 
   1.5644490e-05 
   4.8221358e-05    4.0915091e-05    2.4841305e-05    1.1690026e-05 
   1.4612533e-05 
   5.3813898e-05    4.5660277e-05    2.7722311e-05    1.3045793e-05 
   1.6307242e-05 
   6.5683782e-05    5.5731694e-05    3.3837100e-05    1.5923341e-05 
   1.9904176e-05 
   6.1938349e-05    5.2553751e-05    3.1907635e-05    1.5015357e-05 
   1.8769197e-05 
   7.1250973e-05    6.0455371e-05    3.6705047e-05    1.7272963e-05 
   2.1591204e-05 
   6.6676630e-05    5.6574110e-05    3.4348567e-05    1.6164032e-05 
   2.0205039e-05 
   5.6109423e-05    4.7607995e-05    2.8904854e-05    1.3602284e-05 
   1.7002855e-05 
   7.1650005e-05    6.0793944e-05    3.6910609e-05    1.7369698e-05 
   2.1712123e-05 
   0.00013271301    0.00011260498    6.8367308e-05    3.2172851e-05 
   4.0216064e-05 
   0.00024897449    0.00021125108    0.00012825958    6.0357451e-05 
   7.5446814e-05 
   0.00025891160    0.00021968257    0.00013337870    6.2766448e-05 
   7.8458060e-05 
   0.00031750200    0.00026939564    0.00016356164    7.6970182e-05 
   9.6212727e-05 
   0.00038847265    0.00032961316    0.00020012227    9.4175188e-05 
   0.00011771899 
   0.00034066092    0.00028904563    0.00017549199    8.2584465e-05 
   0.00010323058 
   0.00044506042    0.00037762703    0.00022927355    0.00010789344 
   0.00013486680 
   0.00051753766    0.00043912286    0.00026661031    0.00012546367 
   0.00015682959 
   0.00034972312    0.00029673477    0.00018016039    8.4781361e-05 
   0.00010597670 
   0.00034242037    0.00029053850    0.00017639837    8.3011000e-05 
   0.00010376375 
   0.00029965201    0.00025425019    0.00015436618    7.2642911e-05 
   9.0803638e-05 
   0.00039219727    0.00033277344    0.00020204102    9.5078126e-05 
   0.00011884766 
   0.00029600495    0.00025115572    0.00015248740    7.1758776e-05 
   8.9698470e-05 
   0.00028905751    0.00024526092    0.00014890841    7.0074548e-05 
   8.7593184e-05 
   0.00039316435    0.00033359399    0.00020253921    9.5312569e-05 
   0.00011914071 
   0.00036044678    0.00030583363    0.00018568470    8.7381037e-05 
   0.00010922630 
   0.00040995125    0.00034783742    0.00021118701    9.9382121e-05 
   0.00012422765 
   0.00041593517    0.00035291469    0.00021426963    0.00010083277 
   0.00012604096 
   0.00029822543    0.00025303975    0.00015363128    7.2297073e-05 
   9.0371341e-05 
   0.00030492909    0.00025872772    0.00015708468    7.3922204e-05 
   9.2402756e-05 
   0.00033457649    0.00028388308    0.00017235758    8.1109452e-05 
   0.00010138681 
   0.00052376239    0.00044440445    0.00026981699    0.00012697270 
   0.00015871587 
   0.00046069943    0.00039089649    0.00023733001    0.00011168471 
   0.00013960589 
   0.00046126198    0.00039137380    0.00023761981    0.00011182109 
   0.00013977636 
   0.00065683782    0.00055731694    0.00033837100    0.00015923341 
   0.00019904176 
   0.00068820388    0.00058393056    0.00035452927    0.00016683730 
   0.00020854663 
    0.0023750324     0.0020151790     0.0012235016    0.00057576544 
   0.00071970680 
     0.015452045      0.013110826     0.0079601442     0.0037459502 
    0.0046824378 
     0.019753591      0.016760623      0.010176093     0.0047887494 
    0.0059859368 
     0.020995118      0.017814040      0.010815667     0.0050897256 
    0.0063621570 
     0.016624051      0.014105255     0.0085639050     0.0040300729 
    0.0050375911 
     0.019568229      0.016603346      0.010080603     0.0047438130 
    0.0059297663 
     0.020920650      0.017750855      0.010777305     0.0050716728 
    0.0063395911 
     0.028213858      0.023939031      0.014534412     0.0068397232 
    0.0085496539 
     0.041286948      0.035031350      0.021269034      0.010008957 
     0.012511196 
     0.042293618      0.028195745      0.012816248     0.0064081239 
     0.011534623 
     0.036099257      0.045458324      0.013370095     0.0066850477 
     0.013370095 
     0.070058569      0.052200503      0.032968738      0.016484369 
     0.023352856 
     0.060334369      0.055199529      0.025674200      0.020539360 
     0.016688230 
     0.025205431      0.028986246      0.018904073     0.0088219009 
     0.012602716 
     0.022752198      0.010112088      0.026544231     0.0012640110 
    0.0012640110 
     0.022270062      0.029229456      0.025053819     0.0055675154 
    0.0027837577 
       0.0000000      0.034288809     0.0038098676        0.0000000 
       0.0000000 
       0.0000000       0.51675812     0.0027560433     0.0027560433 
       0.0000000 
     0.013422061       0.28052107     0.0080532365        0.0000000 
       0.0000000 
       0.0000000       0.15875279      0.023673662        0.0000000 
       0.0000000 
       0.0000000        1.4571837      0.039831900     0.0033193250 
       0.0000000 
       4.5160530       0.45915517      0.024652627       0.65945776 
     0.020030259 
     0.026211907       0.12286831       0.10648587        0.0000000 
       0.0000000 
     0.020606107       0.18408122       0.12913160        0.0000000 
       0.0000000 
      0.15928710       0.50869105       0.11818075        0.0000000 
       0.0000000 
      0.37589480        1.3748125      0.088445835        0.0000000 
    0.0039020222 
     0.083959267       0.18471039      0.089125991        0.0000000 
       0.0000000 
      0.71706732      0.069714879       0.14796627        0.0000000 
       0.0000000 
     0.026987191        1.8013950      0.021927092        0.0000000 
       0.0000000 
      0.10256872        2.4190736      0.013546812        0.0000000 
      0.22836055 
      0.25191405      0.058779946        0.0000000        0.0000000 
      0.46394171 
       1.2453773      0.073706004        0.0000000        0.0000000 
       1.0700078 
       2.1483891       0.55229190        0.0000000        0.0000000 
       2.1298912 
      0.22697261      0.041019146        0.0000000        0.0000000 
      0.28713402 
      0.31881881       0.10627294        0.0000000        0.0000000 
      0.38488037 
      0.75399760        5.1473077       0.22345509        4.1816158 
      0.13720927 
       1.3246516        3.4478521        0.0000000        6.2721315 
     0.012917702 
      0.11444359        2.8759001       0.38372262        19.245373 
      0.11309719 
       10.697102       0.94234702        1.8764997        31.999998 
       3.5809187 
      0.72454206        1.0183472        0.0000000        78.871389 
      0.17282655 
       14.961852        20.127889        8.2357982        112.58181 
       20.392970 
       12.548469        4.0873226        2.4950088        193.69360 
       10.105290 
       18.856080        7.9967051        2.9189851        209.79306 
       10.441707 
       37.124483        5.8798081        3.6626935        189.21283 
       9.0684862 
       23.336429        5.1242510        5.5305453        167.83197 
       7.9853040 
       13.529896        5.4563666        1.0738013        342.13312 
       6.0897274 
       19.400934        99.642981        1.2237601        255.59820 
       20.769233 
       4.7249059        20.405223        37.875696        62.164897 
       38.164499 
       38.637528        95.286270        71.764783        217.82943 
       54.038444 
       41.438007        77.494893        74.039075        230.63983 
       75.678109 
       51.773237        59.506038        41.201218        162.70349 
       41.694916 
       29.492753        37.941702        26.881691        141.60760 
       28.442116 
       30.387384        28.431685        23.409527        144.82425 
       26.910797 
       29.773119        29.497983        38.345681        52.322972 
       23.861461 
