
       0.0000000        0.0000000        0.0000000        0.0000000 
       0.0000000 
       0.0000000        0.0000000        0.0000000        0.0000000 
       0.0000000 
       0.0000000        0.0000000        0.0000000        0.0000000 
       0.0000000 
       0.0000000        0.0000000        0.0000000        0.0000000 
       0.0000000 
       0.0000000        0.0000000        0.0000000        0.0000000 
       0.0000000 
       0.0000000        0.0000000        0.0000000        0.0000000 
       0.0000000 
       0.0000000        0.0000000        0.0000000        0.0000000 
       0.0000000 
       0.0000000        0.0000000        0.0000000        0.0000000 
       0.0000000 
       0.0000000        0.0000000        0.0000000        0.0000000 
       0.0000000 
       0.0000000        0.0000000        0.0000000        0.0000000 
       0.0000000 
       0.0000000        0.0000000        0.0000000        0.0000000 
       0.0000000 
       0.0000000        0.0000000        0.0000000        0.0000000 
       0.0000000 
       0.0000000        0.0000000        0.0000000        0.0000000 
       0.0000000 
       0.0000000        0.0000000        0.0000000        0.0000000 
       0.0000000 
       0.0000000        0.0000000        0.0000000        0.0000000 
       0.0000000 
       0.0000000        0.0000000        0.0000000        0.0000000 
       0.0000000 
       0.0000000        0.0000000        0.0000000        0.0000000 
       0.0000000 
       0.0000000        0.0000000        0.0000000        0.0000000 
       0.0000000 
       0.0000000        0.0000000        0.0000000        0.0000000 
       0.0000000 
       0.0000000        0.0000000        0.0000000        0.0000000 
       0.0000000 
       0.0000000        0.0000000        0.0000000        0.0000000 
       0.0000000 
       0.0000000        0.0000000        0.0000000        0.0000000 
       0.0000000 
       0.0000000        0.0000000        0.0000000        0.0000000 
       0.0000000 
       0.0000000        0.0000000        0.0000000        0.0000000 
       0.0000000 
       0.0000000        0.0000000        0.0000000        0.0000000 
       0.0000000 
       0.0000000        0.0000000        0.0000000        0.0000000 
       0.0000000 
       0.0000000        0.0000000        0.0000000        0.0000000 
       0.0000000 
       0.0000000        0.0000000        0.0000000        0.0000000 
       0.0000000 
       0.0000000        0.0000000        0.0000000        0.0000000 
       0.0000000 
   0.00080342025    0.00078727110    0.00031692708    0.00017965930 
   0.00030481522 
   0.00066210509    0.00064879645    0.00026118216    0.00014805868 
   0.00025120068 
   0.00072320287    0.00070866613    0.00028528355    0.00016172125 
   0.00027438099 
   0.00090535567    0.00088715757    0.00035713779    0.00020245391 
   0.00034348921 
   0.00078851480    0.00077266526    0.00031104730    0.00017632617 
   0.00029916014 
   0.00082196775    0.00080544578    0.00032424356    0.00018380686 
   0.00031185208 
   0.00071480940    0.00070044137    0.00028197255    0.00015984431 
   0.00027119653 
   0.00044496240    0.00043601843    0.00017552537    9.9501643e-05 
   0.00016881739 
   0.00048231209    0.00047261737    0.00019025879    0.00010785371 
   0.00018298775 
   0.00042121035    0.00041274381    0.00016615584    9.4190255e-05 
   0.00015980594 
   0.00054230867    0.00053140799    0.00021392578    0.00012127003 
   0.00020575027 
   0.00051894723    0.00050851613    0.00020471034    0.00011604599 
   0.00019688702 
   0.00055630991    0.00054512780    0.00021944888    0.00012440096 
   0.00021106230 
   0.00072428453    0.00070972605    0.00028571023    0.00016196312 
   0.00027479137 
   0.00064326208    0.00063033219    0.00025374911    0.00014384504 
   0.00024405169 
   0.00092160020    0.00090307557    0.00036354581    0.00020608648 
   0.00034965234 
   0.00097009848    0.00095059901    0.00038267704    0.00021693157 
   0.00036805244 
   0.00085284460    0.00083570199    0.00033642362    0.00019071148 
   0.00032356667 
    0.0010651059     0.0010436967    0.00042015482    0.00023817694 
   0.00040409795 
   0.00099405643    0.00097407540    0.00039212779    0.00022228900 
   0.00037714201 
    0.0012453014     0.0012202702    0.00049123697    0.00027847192 
   0.00047246359 
    0.0011631576     0.0011397775    0.00045883352    0.00026010308 
   0.00044129848 
    0.0012980564     0.0012719649    0.00051204739    0.00029026890 
   0.00049247870 
    0.0015843724     0.0015525258    0.00062499114    0.00035429434 
   0.00060110613 
    0.0014940281     0.0014639973    0.00058935278    0.00033409170 
   0.00056682974 
    0.0017186598     0.0016841139    0.00067796380    0.00038432343 
   0.00065205436 
    0.0016083211     0.0015759931    0.00063443824    0.00035964970 
   0.00061019219 
    0.0013534273     0.0013262227    0.00053388966    0.00030265083 
   0.00051348624 
    0.0017282850     0.0016935456    0.00068176065    0.00038647578 
   0.00065570611 
    0.0032011987     0.0031368530     0.0012627844    0.00071584593 
    0.0012145251 
    0.0060055664     0.0058848515     0.0023690300     0.0013429533 
    0.0022784938 
    0.0062452616     0.0061197287     0.0024635831     0.0013965535 
    0.0023694334 
    0.0076585331     0.0075045927     0.0030210796     0.0017125865 
    0.0029056244 
    0.0093704312     0.0091820808     0.0036963761     0.0020953979 
    0.0035551134 
    0.0082171543     0.0080519854     0.0032414403     0.0018375043 
    0.0031175636 
     0.010735397      0.010519610     0.0042348174     0.0024006290 
    0.0040729772 
     0.012483636      0.012232708     0.0049244492     0.0027915667 
    0.0047362537 
    0.0084357455     0.0082661827     0.0033276684     0.0018863853 
    0.0032004964 
    0.0082595945     0.0080935725     0.0032581817     0.0018469947 
    0.0031336652 
    0.0072279696     0.0070826838     0.0028512342     0.0016163048 
    0.0027422699 
    0.0094602735     0.0092701173     0.0037318164     0.0021154883 
    0.0035891993 
    0.0071399982     0.0069964806     0.0028165320     0.0015966328 
    0.0027088938 
    0.0069724175     0.0068322684     0.0027504260     0.0015591587 
    0.0026453142 
    0.0094836006     0.0092929755     0.0037410183     0.0021207047 
    0.0035980495 
    0.0086944132     0.0085196511     0.0034297057     0.0019442281 
    0.0032986342 
    0.0098885211     0.0096897568     0.0039007483     0.0022112522 
    0.0037516751 
     0.010032860     0.0098311949     0.0039576862     0.0022435291 
    0.0038064370 
    0.0071935587     0.0070489646     0.0028376601     0.0016086099 
    0.0027292145 
    0.0073552593     0.0072074149     0.0029014465     0.0016447690 
    0.0027905632 
    0.0080703904     0.0079081715     0.0031835460     0.0018046853 
    0.0030618818 
     0.012633784      0.012379838     0.0049836785     0.0028251426 
    0.0047932194 
     0.011112629      0.010889259     0.0043836249     0.0024849848 
    0.0042160978 
     0.011126198      0.010902556     0.0043889776     0.0024880192 
    0.0042212460 
     0.015843724      0.015525258     0.0062499114     0.0035429434 
    0.0060110613 
     0.016600312      0.016266637     0.0065483642     0.0037121300 
    0.0062981082 
     0.057288661      0.056137130      0.022598794      0.012810781 
     0.021735145 
      0.37272205       0.36523015       0.14702855      0.083347392 
      0.14140962 
      0.47648057       0.46690307       0.18795842       0.10654968 
      0.18077529 
      0.50642769       0.49624824       0.19977173       0.11324639 
      0.19213714 
      0.40099226       0.39293211       0.15818036      0.089669122 
      0.15213525 
      0.47200940       0.46252177       0.18619466       0.10554984 
      0.17907894 
      0.50463145       0.49448810       0.19906316       0.11284472 
      0.19145565 
      0.68055245       0.66687301       0.26845913       0.15218384 
      0.25819955 
      0.99589123       0.97587332       0.39285157       0.22269930 
      0.37783813 
       1.0291447       0.68695088       0.32425107       0.16917447 
      0.27298608 
       1.6832950        2.1271822       0.59363223       0.33157836 
      0.63240551 
       1.5261779        1.1470374       0.71020157       0.34754545 
      0.51376284 
      0.52632109       0.48395866       0.22721667       0.17458456 
      0.14762665 
      0.55577975       0.64903985       0.41462934       0.21046535 
      0.29364327 
      0.94674424        1.0440731       0.20603379       0.16937747 
      0.51066044 
       1.5978769        1.2123265       0.29925395       0.63469676 
      0.48437384 
       1.0985118        2.0268496       0.56386041       0.60195908 
      0.85595026 
      0.65593831        1.8341468       0.57187899       0.84334926 
      0.66420644 
      0.95162411        1.7180238       0.57714861       0.48050978 
      0.69526275 
       1.0151823        2.9480672       0.32725356       0.40523739 
      0.65450713 
       1.8986539        4.4877274       0.87132281        1.3360283 
       2.7268255 
       2.1386154        5.1801332        1.6039615        1.1494287 
       6.0059961 
       2.8931392        6.7774161        2.2755211        1.5383113 
       5.7109191 
       2.7296222        5.4125373        1.7295392        1.6787108 
       3.2145526 
       2.5999765        2.7099359        1.3616477       0.95263960 
       1.8467026 
       5.0609227        4.2805183        1.8781733        1.3032754 
       3.5300294 
       4.8257203        4.0765453        2.2281498        1.9762720 
       2.6647380 
       7.0084794        3.5611498        27.575791        1.7286444 
       7.1564457 
       9.4893709        1.5416433        21.488551        3.9654303 
       6.5427070 
       3.5376533        5.0529610        11.849590        2.6977509 
       4.8400825 
       4.6016300        7.2257348        4.2426525        2.4960484 
       4.8451470 
       45.189405        20.078532        14.354880        4.6434782 
       10.641622 
       159.25033        42.061388        9.4365281        3.6731375 
       16.774875 
       101.86968        56.097784        12.114321        6.8748089 
       5.2750622 
       142.89115        147.11908        29.067085        12.330533 
       7.0944367 
       43.018373        79.322638        10.139112        13.422987 
       14.967571 
       42.766988        84.353768        12.662871        11.870194 
       12.654651 
       52.820429        180.55698        20.858354        11.510332 
       18.667769 
       58.532041        76.310208        184.23294        23.645301 
       21.881181 
       55.196811        21.649849        123.57231        20.917330 
       16.572736 
       8.2357982        22.995031        8.3317759        15.015173 
       29.140649 
       15.802202        11.115963        12.143912        10.388911 
       40.074189 
       15.790051        15.779101        19.880697        38.855665 
       43.349901 
       12.956421        17.230964        15.457609        13.588442 
       55.626212 
       23.336429        5.1242510        5.5305453        167.83197 
       7.9853040 
       6.3900278        5.8877072        11.456914        35.633823 
       46.424616 
       4.1954737        19.048260        19.319992        28.427851 
       36.643425 
       4.7249059        20.405223        37.875696        62.164897 
       38.164499 
       10.370772        37.440408        12.864239        27.714608 
       20.126980 
       12.610835        11.274910        9.2298591        5.5495160 
       18.536431 
       7.2626121        13.161676        15.009881        2.6746522 
       27.350534 
       10.044090        23.678619        29.507370        5.6040067 
       27.720374 
       14.041159        28.674724        18.685469        15.178502 
       23.363957 
       22.387787        76.989113        33.583565        13.065196 
       24.532341 
