
       0.0000000        0.0000000        0.0000000        0.0000000 
       0.0000000 
       0.0000000        0.0000000        0.0000000        0.0000000 
       0.0000000 
       0.0000000        0.0000000        0.0000000        0.0000000 
       0.0000000 
       0.0000000        0.0000000        0.0000000        0.0000000 
       0.0000000 
       0.0000000        0.0000000        0.0000000        0.0000000 
       0.0000000 
       0.0000000        0.0000000        0.0000000        0.0000000 
       0.0000000 
       0.0000000        0.0000000        0.0000000        0.0000000 
       0.0000000 
       0.0000000        0.0000000        0.0000000        0.0000000 
       0.0000000 
       0.0000000        0.0000000        0.0000000        0.0000000 
       0.0000000 
       0.0000000        0.0000000        0.0000000        0.0000000 
       0.0000000 
       0.0000000        0.0000000        0.0000000        0.0000000 
       0.0000000 
       0.0000000        0.0000000        0.0000000        0.0000000 
       0.0000000 
       0.0000000        0.0000000        0.0000000        0.0000000 
       0.0000000 
       0.0000000        0.0000000        0.0000000        0.0000000 
       0.0000000 
       0.0000000        0.0000000        0.0000000        0.0000000 
       0.0000000 
       0.0000000        0.0000000        0.0000000        0.0000000 
       0.0000000 
       0.0000000        0.0000000        0.0000000        0.0000000 
       0.0000000 
       0.0000000        0.0000000        0.0000000        0.0000000 
       0.0000000 
       0.0000000        0.0000000        0.0000000        0.0000000 
       0.0000000 
       0.0000000        0.0000000        0.0000000        0.0000000 
       0.0000000 
       0.0000000        0.0000000        0.0000000        0.0000000 
       0.0000000 
       0.0000000        0.0000000        0.0000000        0.0000000 
       0.0000000 
       0.0000000        0.0000000        0.0000000        0.0000000 
       0.0000000 
       0.0000000        0.0000000        0.0000000        0.0000000 
       0.0000000 
       0.0000000        0.0000000        0.0000000        0.0000000 
       0.0000000 
       0.0000000        0.0000000        0.0000000        0.0000000 
       0.0000000 
       0.0000000        0.0000000        0.0000000        0.0000000 
       0.0000000 
       0.0000000        0.0000000        0.0000000        0.0000000 
       0.0000000 
       0.0000000        0.0000000        0.0000000        0.0000000 
       0.0000000 
   0.00026545167    0.00024627455    0.00011506270    6.3587281e-05 
   9.1848295e-05 
   0.00021876085    0.00020295684    9.4824096e-05    5.2402790e-05 
   7.5692919e-05 
   0.00023894768    0.00022168530    0.00010357428    5.7238418e-05 
   8.2677716e-05 
   0.00029913133    0.00027752108    0.00012966149    7.1655034e-05 
   0.00010350172 
   0.00026052687    0.00024170554    0.00011292800    6.2407578e-05 
   9.0144280e-05 
   0.00027157980    0.00025195996    0.00011771900    6.5055236e-05 
   9.3968675e-05 
   0.00023617446    0.00021911243    0.00010237220    5.6574111e-05 
   8.1718160e-05 
   0.00014701647    0.00013639551    6.3725771e-05    3.5216874e-05 
   5.0868817e-05 
   0.00015935688    0.00014784441    6.9074847e-05    3.8172941e-05 
   5.5138693e-05 
   0.00013916875    0.00012911473    6.0324096e-05    3.3337000e-05 
   4.8153445e-05 
   0.00017917987    0.00016623532    7.7667322e-05    4.2921415e-05 
   6.1997599e-05 
   0.00017146121    0.00015907428    7.4321589e-05    4.1072457e-05 
   5.9326882e-05 
   0.00018380591    0.00017052716    7.9672525e-05    4.4029553e-05 
   6.3598244e-05 
   0.00023930507    0.00022201687    0.00010372919    5.7324027e-05 
   8.2801372e-05 
   0.00021253508    0.00019718084    9.2125473e-05    5.0911446e-05 
   7.3538755e-05 
   0.00030449856    0.00028250056    0.00013198797    7.2940719e-05 
   0.00010535882 
   0.00032052249    0.00029736687    0.00013893370    7.6779151e-05 
   0.00011090322 
   0.00028178157    0.00026142473    0.00012214106    6.7499007e-05 
   9.7498566e-05 
   0.00035191312    0.00032648974    0.00015254029    8.4298579e-05 
   0.00012176461 
   0.00032843824    0.00030471077    0.00014236487    7.8675321e-05 
   0.00011364213 
   0.00041145008    0.00038172555    0.00017834718    9.8560285e-05 
   0.00014236486 
   0.00038430961    0.00035654580    0.00016658287    9.2058955e-05 
   0.00013297405 
   0.00042888046    0.00039789670    0.00018590256    0.00010273562 
   0.00014839590 
   0.00052347984    0.00048566190    0.00022690761    0.00012539631 
   0.00018112801 
   0.00049362988    0.00045796840    0.00021396884    0.00011824594 
   0.00017079969 
   0.00056784866    0.00052682538    0.00024613973    0.00013602459 
   0.00019647996 
   0.00053139254    0.00049300296    0.00023033745    0.00012729175 
   0.00018386586 
   0.00044717510    0.00041486967    0.00019383255    0.00010711799 
   0.00015472599 
   0.00057102883    0.00052977579    0.00024751820    0.00013678637 
   0.00019758032 
    0.0010576825    0.00098127195    0.00045846313    0.00025336120 
   0.00036596618 
    0.0019842512     0.0018409023    0.00086009368    0.00047531493 
   0.00068656601 
    0.0020634470     0.0019143767    0.00089442189    0.00049428578 
   0.00071396835 
    0.0025303947     0.0023475905     0.0010968251    0.00060614018 
   0.00087553581 
    0.0030960093     0.0028723432     0.0013419964    0.00074162961 
    0.0010712428 
    0.0027149643     0.0025188262     0.0011768286    0.00065035266 
   0.00093939829 
    0.0035469967     0.0032907498     0.0015374815    0.00084966081 
    0.0012272878 
    0.0041246183     0.0038266421     0.0017878574    0.00098802643 
    0.0014271493 
    0.0027871873     0.0025858315     0.0012081344    0.00066765322 
   0.00096438799 
    0.0027289866     0.0025318355     0.0011829067    0.00065371162 
   0.00094425012 
    0.0023881357     0.0022156088     0.0010351615    0.00057206292 
   0.00082631311 
    0.0031256934     0.0028998828     0.0013548633    0.00074874024 
    0.0010815137 
    0.0023590698     0.0021886427     0.0010225626    0.00056510036 
   0.00081625608 
    0.0023037008     0.0021372737    0.00099856230    0.00055183706 
   0.00079709798 
    0.0031334007     0.0029070334     0.0013582041    0.00075058648 
    0.0010841805 
    0.0028726516     0.0026651216     0.0012451798    0.00068812567 
   0.00099395930 
    0.0032671872     0.0030311547     0.0014161952    0.00078263421 
    0.0011304716 
    0.0033148773     0.0030753994     0.0014368670    0.00079405805 
    0.0011469727 
    0.0023767663     0.0022050607     0.0010302333    0.00056933945 
   0.00082237920 
    0.0024301925     0.0022546272     0.0010533914    0.00058213736 
   0.00084086508 
    0.0026664732     0.0024738383     0.0011558097    0.00063873693 
   0.00092262001 
    0.0041742275     0.0038726673     0.0018093610    0.00099991001 
    0.0014443145 
    0.0036716348     0.0034063837     0.0015915071    0.00087951709 
    0.0012704136 
    0.0036761182     0.0034105431     0.0015934505    0.00088059106 
    0.0012719649 
    0.0052347984     0.0048566190     0.0022690761     0.0012539631 
    0.0018112801 
    0.0054847764     0.0050885378     0.0023774316     0.0013138438 
    0.0018977743 
     0.018928289      0.017560846     0.0082046575     0.0045341528 
    0.0065493319 
      0.12314811       0.11425148      0.053379791      0.029499358 
     0.042610184 
      0.15743014       0.14605686      0.068239680      0.037711402 
     0.054472025 
      0.16732473       0.15523663      0.072528589      0.040081589 
     0.057895628 
      0.13248865       0.12291722      0.057428539      0.031736824 
     0.045842079 
      0.15595285       0.14468630      0.067599336      0.037357528 
     0.053960873 
      0.16673124       0.15468602      0.072271338      0.039939424 
     0.057690279 
      0.22485590       0.20861156      0.097466055      0.053862820 
     0.077801851 
      0.32904447       0.30527319       0.14262764      0.078820537 
      0.11385189 
      0.59211065       0.39602206       0.18583559      0.097403483 
      0.15763985 
      0.46126829       0.58293616       0.16311516      0.090916648 
      0.17381124 
      0.39837226       0.29946604       0.18544915      0.090664031 
      0.13324865 
      0.31579266       0.29011846       0.13607326       0.10398051 
     0.088575989 
      0.29742409       0.34657468       0.22180779       0.11216417 
      0.15753394 
       0.0000000        0.0000000        0.0000000        0.0000000 
       0.0000000 
       0.0000000        0.0000000        0.0000000        0.0000000 
       0.0000000 
       0.0000000        0.0000000        0.0000000        0.0000000 
       0.0000000 
       0.0000000        0.0000000        0.0000000        0.0000000 
       0.0000000 
       0.0000000        0.0000000        0.0000000        0.0000000 
       0.0000000 
       0.0000000        0.0000000        0.0000000        0.0000000 
       0.0000000 
       0.0000000        0.0000000        0.0000000        0.0000000 
       0.0000000 
       0.0000000        0.0000000        0.0000000        0.0000000 
       0.0000000 
       0.0000000        0.0000000        0.0000000        0.0000000 
       0.0000000 
       0.0000000        0.0000000        0.0000000        0.0000000 
       0.0000000 
       0.0000000        0.0000000        0.0000000        0.0000000 
       0.0000000 
     0.070236399       0.64903635       0.57099591        1.5100826 
     0.094949206 
      0.11625129       0.86025956       0.12658474       0.13175146 
      0.42754642 
      0.50649993       0.85934259       0.23190868        1.4810855 
      0.21768115 
      0.19059703        1.2869517        1.2565911       0.56504431 
      0.36601377 
      0.31931772       0.87280177       0.30190039        1.5482071 
     0.017417330 
      0.16584342       0.80402569       0.31069400      0.054581378 
     0.020992838 
       3.2506889        6.8953237        32.700050       0.71164417 
      0.36344685 
      0.34088830        12.493953        7.6818782       0.28275231 
     0.084561439 
      0.22150339        2.7154675        2.7236713       0.38557997 
      0.17501502 
      0.31020209        7.1202868        6.5343496       0.69221022 
      0.23552381 
       16.425910        10.376941        63.505677        1.8934879 
      0.24566993 
       4.5329391        3.9598628        7.1106078        7.6672433 
       1.0111038 
       10.036030        10.178747        20.498866        12.891734 
      0.27735740 
       42.982730        10.090722        7.4252262        3.9590281 
      0.11940298 
       5.8920558        7.7891595        6.1792138        1.4251543 
       5.8362195 
       1.0115742        7.2211771        3.8406303        6.1806573 
       2.4619034 
       4.0311741        5.1080734        6.9206621        13.697354 
       8.0508305 
       18.602664        8.0999489        3.8700799        25.310385 
       8.5567247 
       28.933430        14.852483        2.3499061        25.680877 
       9.0651244 
       13.220784        21.612382        11.938563        2.9877303 
       4.6978738 
       7.3764690        2.0238425        15.324419       0.93730114 
       5.2397864 
       3.5190330        20.846320        71.806775        1.4473131 
       6.5948143 
       20.498659        1.2274138        2.0258698        3.4146736 
       4.1494230 
       1.4883978        3.3705009        38.530299        3.1608449 
       3.7914134 
      0.32743267        2.0282115        20.209144        7.2764894 
       3.5793068 
       8.1089523        2.8554941        33.432248       0.77400348 
       12.517879 
       1.9660617        38.579393        12.481568        1.6024499 
       3.1720103 
       3.1841817        32.329792        11.160775       0.81835558 
       1.9575977 
       1.0100887        2.0540983        5.3463091      0.073495261 
      0.17714242 
