
       0.0000000        0.0000000        0.0000000        0.0000000 
       0.0000000 
       0.0000000        0.0000000        0.0000000        0.0000000 
       0.0000000 
       0.0000000        0.0000000        0.0000000        0.0000000 
       0.0000000 
       0.0000000        0.0000000        0.0000000        0.0000000 
       0.0000000 
       0.0000000        0.0000000        0.0000000        0.0000000 
       0.0000000 
       0.0000000        0.0000000        0.0000000        0.0000000 
       0.0000000 
       0.0000000        0.0000000        0.0000000        0.0000000 
       0.0000000 
       0.0000000        0.0000000        0.0000000        0.0000000 
       0.0000000 
       0.0000000        0.0000000        0.0000000        0.0000000 
       0.0000000 
       0.0000000        0.0000000        0.0000000        0.0000000 
       0.0000000 
       0.0000000        0.0000000        0.0000000        0.0000000 
       0.0000000 
       0.0000000        0.0000000        0.0000000        0.0000000 
       0.0000000 
       0.0000000        0.0000000        0.0000000        0.0000000 
       0.0000000 
       0.0000000        0.0000000        0.0000000        0.0000000 
       0.0000000 
       0.0000000        0.0000000        0.0000000        0.0000000 
       0.0000000 
       0.0000000        0.0000000        0.0000000        0.0000000 
       0.0000000 
       0.0000000        0.0000000        0.0000000        0.0000000 
       0.0000000 
       0.0000000        0.0000000        0.0000000        0.0000000 
       0.0000000 
       0.0000000        0.0000000        0.0000000        0.0000000 
       0.0000000 
       0.0000000        0.0000000        0.0000000        0.0000000 
       0.0000000 
       0.0000000        0.0000000        0.0000000        0.0000000 
       0.0000000 
       0.0000000        0.0000000        0.0000000        0.0000000 
       0.0000000 
       0.0000000        0.0000000        0.0000000        0.0000000 
       0.0000000 
       0.0000000        0.0000000        0.0000000        0.0000000 
       0.0000000 
       0.0000000        0.0000000        0.0000000        0.0000000 
       0.0000000 
       0.0000000        0.0000000        0.0000000        0.0000000 
       0.0000000 
       0.0000000        0.0000000        0.0000000        0.0000000 
       0.0000000 
       0.0000000        0.0000000        0.0000000        0.0000000 
       0.0000000 
       0.0000000        0.0000000        0.0000000        0.0000000 
       0.0000000 
    0.0015886727     0.0016734558    0.00077818720    0.00044914826 
   0.00068331094 
    0.0013092380     0.0013791083    0.00064131034    0.00037014669 
   0.00056312205 
    0.0014300519     0.0015063698    0.00070048922    0.00040430311 
   0.00061508586 
    0.0017902385     0.0018857785    0.00087692113    0.00050613476 
   0.00077000727 
    0.0015591989     0.0016424090    0.00076374989    0.00044081543 
   0.00067063382 
    0.0016253483     0.0017120886    0.00079615218    0.00045951714 
   0.00069908563 
    0.0014134548     0.0014888869    0.00069235936    0.00039961078 
   0.00060794719 
   0.00087986284    0.00092681867    0.00043098745    0.00024875411 
   0.00037844164 
   0.00095371762     0.0010046149    0.00046716409    0.00026963427 
   0.00041020764 
   0.00083289585    0.00087734518    0.00040798138    0.00023547564 
   0.00035824046 
    0.0010723541     0.0011295826    0.00052527636    0.00030317507 
   0.00046123489 
    0.0010261595     0.0010809228    0.00050264864    0.00029011497 
   0.00044136592 
    0.0011000399     0.0011587460    0.00053883787    0.00031100240 
   0.00047314298 
    0.0014321908     0.0015086228    0.00070153690    0.00040490781 
   0.00061600581 
    0.0012719780     0.0013398600    0.00062305912    0.00035961259 
   0.00054709601 
    0.0018223602     0.0019196145    0.00089265547    0.00051521619 
   0.00078382328 
    0.0019182601     0.0020206323    0.00093963056    0.00054232892 
   0.00082507119 
    0.0016864038     0.0017764024    0.00082605928    0.00047677870 
   0.00072534647 
    0.0021061264     0.0022185245     0.0010316540    0.00059544235 
   0.00090587521 
    0.0019656342     0.0020705346    0.00096283607    0.00055572250 
   0.00084544749 
    0.0024624427     0.0025938564     0.0012061902    0.00069617979 
    0.0010591319 
    0.0023000126     0.0024227579     0.0011266263    0.00065025770 
   0.00098926846 
    0.0025667598     0.0027037407     0.0012572883    0.00072567226 
    0.0011040003 
    0.0031329174     0.0033001125     0.0015346120    0.00088573585 
    0.0013475127 
    0.0029542716     0.0031119328     0.0014471051    0.00083522926 
    0.0012706746 
    0.0033984555     0.0035798216     0.0016646818    0.00096080858 
    0.0014617245 
    0.0031802732     0.0033499955     0.0015578085    0.00089912425 
    0.0013678812 
    0.0026762495     0.0028190734     0.0013109202    0.00075662707 
    0.0011510933 
    0.0034174881     0.0035998700     0.0016740047    0.00096618946 
    0.0014699107 
    0.0063300084     0.0066678234     0.0031006585     0.0017896148 
    0.0027226275 
     0.011875329      0.012509082     0.0058169494     0.0033573832 
    0.0051077493 
     0.012349299      0.013008346     0.0060491164     0.0034913837 
    0.0053116107 
     0.015143883      0.015952070     0.0074180012     0.0042814663 
    0.0065136016 
     0.018528968      0.019517808     0.0090761338     0.0052384948 
    0.0079695753 
     0.016248494      0.017115630     0.0079590778     0.0045937609 
    0.0069887104 
     0.021228034      0.022360915      0.010398230     0.0060015724 
    0.0091304820 
     0.024684978      0.026002346      0.012091562     0.0069789169 
     0.010617363 
     0.016680733      0.017570937     0.0081708037     0.0047159632 
    0.0071746227 
     0.016332414      0.017204030     0.0080001851     0.0046174869 
    0.0070248059 
     0.014292493      0.015055243     0.0070009605     0.0040407619 
    0.0061474063 
     0.018706621      0.019704942     0.0091631544     0.0052887208 
    0.0080459864 
     0.014118539      0.014872006     0.0069157520     0.0039915819 
    0.0060725864 
     0.013787167      0.014522950     0.0067534345     0.0038978967 
    0.0059300586 
     0.018752748      0.019753530     0.0091857489     0.0053017617 
    0.0080658262 
     0.017192219      0.018109720     0.0084213475     0.0048605702 
    0.0073946203 
     0.019553432      0.020596945     0.0095779519     0.0055281305 
    0.0084102120 
     0.019838847      0.020897591     0.0097177581     0.0056088228 
    0.0085329730 
     0.014224449      0.014983568     0.0069676304     0.0040215247 
    0.0061181398 
     0.014544194      0.015320377     0.0071242525     0.0041119226 
    0.0062556666 
     0.015958285      0.016809934     0.0078169234     0.0045117132 
    0.0068638873 
     0.024981879      0.026315092      0.012236994     0.0070628564 
     0.010745065 
     0.021973967      0.023146656      0.010763614     0.0062124620 
    0.0094513186 
     0.022000799      0.023174920      0.010776757     0.0062200479 
    0.0094628594 
     0.031329174      0.033001125      0.015346120     0.0088573585 
     0.013475127 
     0.032825240      0.034577031      0.016078945     0.0092803250 
     0.014118607 
      0.11328185       0.11932739      0.055489394      0.032026953 
     0.048724150 
      0.73701571       0.77634818       0.36101595       0.20836848 
      0.31700104 
      0.94218645       0.99246832       0.46151573       0.26637419 
      0.40524792 
       1.0014035        1.0548456       0.49052230       0.28311598 
      0.43071803 
      0.79291685       0.83523261       0.38839828       0.22417281 
      0.34104492 
      0.93334522       0.98315525       0.45718498       0.26387460 
      0.40144518 
      0.99785163        1.0511042       0.48878247       0.28211180 
      0.42919031 
       1.3457155        1.4175326       0.65917832       0.38045960 
      0.57881157 
       1.9692623        2.0743564       0.96461324       0.55674824 
      0.84700800 
       2.2120844        1.4777134       0.69592225       0.36398144 
      0.58698415 
       1.7407864        2.1993807       0.61368738       0.34227444 
      0.65379766 
       2.6196410        1.9685084        1.2184696       0.59618469 
      0.88054006 
       2.3170965        2.1271074       0.99872637       0.76637486 
      0.64698983 
       2.0693659        2.4197214        1.5463532       0.78262863 
       1.0964363 
       1.3411157        2.7075116       0.92652006       0.60672528 
       1.3866201 
       1.5463774        2.2019524        1.2930555       0.54561651 
       1.3542981 
       2.0420890        2.5818203       0.89658885        1.0121548 
       1.5201372 
       2.4776829        2.5383159       0.97977340        1.0018217 
       1.9802171 
       3.1474733        4.1782875        1.6576245        1.0952402 
       2.5770357 
       2.7586779        4.0245226        1.2533115        1.6989334 
       2.0011207 
       3.9450178        23.042754        3.5915096        2.8081489 
       3.2977494 
       7.4990208        7.5205919        2.9613968        1.3543537 
       2.8643270 
       13.158377        5.6355599        2.0658259        2.8390771 
       3.3862507 
       8.0583614        5.2105975        2.9150772        2.5263087 
       3.5827151 
       4.1157730        5.0858828        1.5743731        2.7294615 
       3.2289036 
       13.320203        8.8341782        2.2722776        7.4697711 
       4.7019367 
       11.539878        7.0525784        5.4663941        2.8468650 
       5.0969733 
       10.258046        11.485882        12.059251        4.3493548 
       6.8590904 
       13.527329        17.017110        16.003404        6.1159721 
       4.8104667 
       11.623165        15.640763        20.782746        5.0142559 
       6.4734411 
       19.071993        10.729439        15.221907        4.8409484 
       7.1774512 
       24.701678        12.057286        29.276533        2.0027700 
       11.932748 
       23.312532        37.212318        19.549548        4.5663177 
       19.834942 
       18.570735        24.365373        10.216502        3.1830858 
       13.407792 
       26.048359        63.898758        24.514582        5.7100162 
       18.031933 
       35.124266        26.629052        17.622897        4.5775626 
       19.896651 
       17.117129        43.303660        23.996393        3.9117150 
       24.832521 
       13.228333        54.872335        13.169091        2.1717354 
       18.426764 
       28.155690        45.025457        3.0365816        11.195785 
       8.2306110 
       23.734403        49.439028        26.546158        26.978224 
       16.967579 
       44.855088        69.286738        125.08328        14.925290 
       50.884924 
       61.311278        73.358730        26.025548        20.412138 
       41.148209 
       53.026665        52.646540        68.497598        25.038197 
       37.393044 
       46.651856        33.843355        66.288197        20.221295 
       36.041980 
       39.702518        20.484645        130.07750        9.5054316 
       22.987294 
       33.897541        41.821831        14.641918        9.6114317 
       27.922474 
       34.371278        40.422627        12.424538        9.6860131 
       18.560683 
       24.541905        35.178783        19.250010        25.886114 
       21.798274 
       16.786887        36.718615        17.404652        9.7530070 
       11.210997 
       38.831643        43.279114        12.217916        12.397536 
       10.855796 
       120.68306        47.172619        9.6334498        14.579477 
       16.630224 
       36.205867        49.666812        19.110631        10.356541 
       32.260953 
       70.460226        59.789324        36.497520        15.637997 
       48.829815 
       75.283646        87.755226        40.290479        13.962215 
       30.871779 
