
       0.0000000        0.0000000        0.0000000 
       0.0000000        0.0000000        0.0000000 
       0.0000000        0.0000000        0.0000000 
       0.0000000        0.0000000        0.0000000 
       0.0000000        0.0000000        0.0000000 
       0.0000000        0.0000000        0.0000000 
       0.0000000        0.0000000        0.0000000 
       0.0000000        0.0000000        0.0000000 
       0.0000000        0.0000000        0.0000000 
       0.0000000        0.0000000        0.0000000 
       0.0000000        0.0000000        0.0000000 
       0.0000000        0.0000000        0.0000000 
       0.0000000        0.0000000        0.0000000 
       0.0000000        0.0000000        0.0000000 
       0.0000000        0.0000000        0.0000000 
       0.0000000        0.0000000        0.0000000 
       0.0000000        0.0000000        0.0000000 
       0.0000000        0.0000000        0.0000000 
       0.0000000        0.0000000        0.0000000 
       0.0000000        0.0000000        0.0000000 
       0.0000000        0.0000000        0.0000000 
       0.0000000        0.0000000        0.0000000 
       0.0000000        0.0000000        0.0000000 
       0.0000000        0.0000000        0.0000000 
       0.0000000        0.0000000        0.0000000 
       0.0000000        0.0000000        0.0000000 
       0.0000000        0.0000000        0.0000000 
       0.0000000        0.0000000        0.0000000 
       0.0000000        0.0000000        0.0000000 
   0.00029917444    0.00020133631    0.00036224365 
   0.00029986405    0.00020180040    0.00036307864 
   0.00031383566    0.00021120292    0.00037999561 
   0.00032540642    0.00021898973    0.00039400561 
   0.00034166617    0.00022993210    0.00041369309 
   0.00033187242    0.00022334117    0.00040183472 
   0.00031020227    0.00020875774    0.00037559626 
   0.00024796875    0.00016687627    0.00030024324 
   0.00024877933    0.00016742177    0.00030122471 
   0.00022486705    0.00015132945    0.00027227146 
   0.00020194275    0.00013590201    0.00024451446 
   0.00023502858    0.00015816788    0.00028457515 
   0.00024141204    0.00016246378    0.00029230431 
   0.00026032514    0.00017519178    0.00031520449 
   0.00027872766    0.00018757619    0.00033748647 
   0.00037209938    0.00025041283    0.00045054196 
   0.00042098879    0.00028331408    0.00050973778 
   0.00047527344    0.00031984618    0.00057546622 
   0.00054938770    0.00036972307    0.00066520456 
   0.00053068625    0.00035713750    0.00064256065 
   0.00046372039    0.00031207129    0.00056147766 
   0.00052678820    0.00035451422    0.00063784085 
   0.00056329477    0.00037908216    0.00068204340 
   0.00056946124    0.00038323202    0.00068950982 
   0.00064736748    0.00043566082    0.00078383954 
   0.00069391508    0.00046698609    0.00084019988 
   0.00069795510    0.00046970492    0.00084509158 
   0.00075423829    0.00050758198    0.00091323987 
   0.00089145926    0.00059992799     0.0010793885 
    0.0017089896     0.0011501038     0.0020692631 
    0.0022363290     0.0015049890     0.0027077713 
    0.0028284474     0.0019034687     0.0034247147 
    0.0033234391     0.0022365847     0.0040240560 
    0.0033679565     0.0022665437     0.0040779581 
    0.0035605211     0.0023961345     0.0043111175 
    0.0043344550     0.0029169711     0.0052482050 
    0.0054174611     0.0036458049     0.0065595204 
    0.0047010742     0.0031636959     0.0056921114 
    0.0042603461     0.0028670978     0.0051584731 
    0.0038587187     0.0025968134     0.0046721783 
    0.0035227791     0.0023707351     0.0042654190 
    0.0032336691     0.0021761719     0.0039153615 
    0.0030256976     0.0020362127     0.0036635474 
    0.0034086323     0.0022939174     0.0041272088 
    0.0037673191     0.0025353039     0.0045615107 
    0.0039925258     0.0026868620     0.0048341935 
    0.0043539104     0.0029300640     0.0052717618 
    0.0040088281     0.0026978330     0.0048539324 
    0.0037938848     0.0025531820     0.0045936768 
    0.0043084528     0.0028994723     0.0052167212 
    0.0047045181     0.0031660135     0.0056962814 
    0.0050328534     0.0033869743     0.0060938333 
    0.0048282409     0.0032492756     0.0058460863 
    0.0056946124     0.0038323202     0.0068950982 
    0.0071929720     0.0048406758     0.0087093283 
     0.023130502      0.015566203      0.028006662 
      0.16174832       0.10885225       0.19584662 
      0.26553320       0.17869667       0.32151047 
      0.26121830       0.17579286       0.31628594 
      0.21407344       0.14406564       0.25920243 
      0.17576498       0.11828508       0.21281814 
      0.22854503       0.15380463       0.27672480 
      0.29532740       0.19874736       0.35758561 
      0.35794707       0.24088870       0.43340618 
      0.37683961       0.42170146       0.66139196 
      0.27052605       0.30386101       0.60259356 
      0.26334105       0.20767546       0.53310505 
      0.52386812       0.24139021       0.80891401 
      0.18146620       0.24699566       0.71956390 
       1.9659031       0.74605699        0.0000000 
      0.17659346        1.7438604       0.30352001 
       1.2547164        1.1201011        1.3017048 
       1.0045778       0.49884383        2.1207753 
      0.75033442       0.39060343        1.6604001 
      0.80211938       0.41637794        1.5624617 
       1.2547048       0.75846576        2.2753973 
       2.8716580        1.7362015        4.7898547 
       1.7381770        1.4351019        3.0717078 
       1.5330943        1.0605276        1.9369740 
       1.0090830       0.46342104        2.1434855 
     0.086457637       0.11253216       0.62441627 
      0.23260571       0.26565351       0.61265547 
      0.79948746        1.1387092        1.9127924 
      0.36938717        1.0356334        2.3040314 
      0.50575712        1.4188224        1.1157542 
       1.2529436       0.78596054        2.4420917 
      0.57698527       0.76931369        3.1798299 
       3.1700941       0.17067306        5.5626775 
       1.7738554        5.9146735        3.7964332 
       1.7515185        5.3983793        2.7397736 
      0.89113520        1.6155832        3.2055223 
       1.9411597        1.2338439        3.0417221 
       3.7699065        1.7233858        7.9262285 
       9.7631543        4.0667244        25.512722 
       3.4720949        2.9097039        9.0759194 
       11.113874        1.9939233        6.3027202 
       19.245903        2.6821602        6.0697731 
       17.721112        1.3006747        4.3965597 
       15.454749        2.4387155        4.4611472 
       4.2846468        4.8328908        7.2016629 
       5.4427329        3.1944532        10.572460 
       3.0989075        11.499491        14.814243 
       15.940740        14.410179        15.173725 
       17.710856        8.0652515        8.0476207 
       16.583038        5.1434921        11.269281 
       21.995767        30.092046        16.065970 
       11.034430        19.032062        8.0213856 
       33.269007        19.079273        15.687191 
       15.456619        22.423593        9.2264820 

       0.0000000 
       0.0000000 
       0.0000000 
       0.0000000 
       0.0000000 
       0.0000000 
       0.0000000 
       0.0000000 
       0.0000000 
       0.0000000 
       0.0000000 
       0.0000000 
       0.0000000 
       0.0000000 
       0.0000000 
       0.0000000 
       0.0000000 
       0.0000000 
       0.0000000 
       0.0000000 
       0.0000000 
       0.0000000 
       0.0000000 
       0.0000000 
       0.0000000 
       0.0000000 
       0.0000000 
       0.0000000 
       0.0000000 
       9.1022671 
       18.225515 
       27.979184 
       38.606695 
       49.957624 
       61.046915 
       71.352541 
       79.543554 
       87.668486 
       94.930406 
       101.37994 
       109.01266 
       116.72274 
       125.03686 
       134.03817 
       146.05486 
       159.28095 
       173.22715 
       189.51347 
       204.26215 
       217.27486 
       231.77578 
       246.71259 
       261.60793 
       278.54106 
       294.27165 
       306.42422 
       314.92326 
       321.59217 
       333.43779 
       344.38228 
       356.92478 
       373.67869 
       392.25483 
       411.10471 
       428.89703 
       451.07335 
       472.48178 
       493.30202 
       511.88473 
       528.53154 
       545.02297 
       561.13297 
       580.41796 
       601.83114 
       624.52839 
       648.06886 
       666.56310 
       682.15898 
       698.80321 
       712.69914 
       726.37551 
       736.90587 
       742.26301 
       741.70053 
       742.71015 
       766.07049 
       788.88757 
       806.28637 
       818.27073 
       825.50969 
       835.62685 
       851.57852 
       872.90087 
       909.37875 
       944.46699 
       966.93235 
       1000.7047 
       1000.9784 
       1063.8135 
       1116.0952 
       1182.2290 
       1231.5949 
       1282.6995 
       1351.3787 
       1406.6112 
       1444.9635 
       1503.5037 
       1597.5795 
       1678.9064 
       1763.1480 
       1850.4074 
       1914.8346 
       1958.9198 
       1994.8797 
       2010.1047 
       2094.7439 
       2103.3493 
       2123.2039 
       2135.5778 
       2206.6321 
       2254.9235 
       2304.5855 
       2356.1777 
       2371.1791 
       2367.2324 
       2374.5728 
       2383.4162 
       2386.8134 
       2375.4830 
       2365.1669 
       2364.4821 
       2402.7070 
       2399.2725 
       2392.3363 
       2377.4435 
       2360.3185 
       2356.4289 
       2354.8492 
rc =       1.0000000 
uno-strad

       0.0000000 
       0.0000000 
       0.0000000 
       0.0000000 
       0.0000000 
       0.0000000 
       0.0000000 
       0.0000000 
       0.0000000 
       0.0000000 
       0.0000000 
       0.0000000 
       0.0000000 
       0.0000000 
       0.0000000 
       0.0000000 
       0.0000000 
       0.0000000 
       0.0000000 
       0.0000000 
       0.0000000 
       0.0000000 
       0.0000000 
       0.0000000 
       0.0000000 
       0.0000000 
       0.0000000 
       0.0000000 
       0.0000000 
       1.8269319 
       3.6580750 
       5.6157509 
       7.7488170 
       10.027082 
       12.252833 
       14.321293 
       15.965325 
       17.596095 
       19.053647 
       20.348145 
       21.880121 
       23.427626 
       25.096367 
       26.903036 
       29.314925 
       31.969556 
       34.768723 
       38.037579 
       40.997813 
       43.609616 
       46.520120 
       49.518114 
       52.507785 
       55.906463 
       59.063776 
       61.502939 
       63.208796 
       64.552063 
       66.941045 
       69.158737 
       71.710607 
       75.126036 
       78.930974 
       82.817145 
       86.522627 
       91.145916 
       95.659002 
       100.10375 
       104.15558 
       107.88036 
       111.64024 
       115.39228 
       119.85221 
       124.80914 
       130.08979 
       135.60093 
       140.15214 
       144.16438 
       148.41920 
       152.14386 
       155.83554 
       158.89787 
       160.91654 
       161.73496 
       162.85015 
       168.42814 
       173.87389 
       178.20669 
       181.42756 
       183.67357 
       186.47725 
       190.43311 
       195.44555 
       197.28287 
       210.40610 
       220.57618 
       226.30871 
       229.69910 
       232.68696 
       244.97886 
       250.54801 
       249.16958 
       247.89038 
       253.70086 
       264.22815 
       275.42418 
       277.75262 
       278.23726 
       276.79767 
       277.42216 
       281.43795 
       304.12577 
       305.20291 
       306.64427 
       308.77535 
       306.21828 
       308.93083 
       325.76487 
       338.92953 
       347.32210 
       359.36805 
       367.25352 
       370.66247 
       395.19074 
       392.29896 
       392.85350 
       393.26105 
       389.57197 
       390.12626 
       387.52529 
       384.25354 
       380.91081 
       387.27035 
       397.61223 
       401.37818 
       399.38836 
       395.66318 
       390.86392 
rc =       1.0000000 
due-fer

       0.0000000 
       0.0000000 
       0.0000000 
       0.0000000 
       0.0000000 
       0.0000000 
       0.0000000 
       0.0000000 
       0.0000000 
       0.0000000 
       0.0000000 
       0.0000000 
       0.0000000 
       0.0000000 
       0.0000000 
       0.0000000 
       0.0000000 
       0.0000000 
       0.0000000 
       0.0000000 
       0.0000000 
       0.0000000 
       0.0000000 
       0.0000000 
       0.0000000 
       0.0000000 
       0.0000000 
       0.0000000 
       0.0000000 
       1.1531698 
       2.3089977 
       3.5446938 
       4.8910972 
       6.3291509 
       7.7340575 
       9.0396814 
       10.077404 
       11.106755 
       12.026770 
       12.843864 
       13.810857 
       14.787650 
       15.840969 
       16.981349 
       18.503747 
       20.179365 
       21.946215 
       24.009536 
       25.878052 
       27.526637 
       29.363764 
       31.256114 
       33.143211 
       35.288476 
       37.281390 
       38.821004 
       39.897751 
       40.745628 
       42.250220 
       43.642034 
       45.238203 
       47.370323 
       49.736022 
       52.139581 
       54.412517 
       57.245363 
       59.985717 
       62.656723 
       65.050247 
       67.204241 
       69.344208 
       71.441047 
       73.945327 
       76.723052 
       79.666050 
       82.717810 
       85.129896 
       87.173129 
       89.347478 
       91.171008 
       92.963580 
       94.355050 
       95.087945 
       95.067329 
       95.242608 
       98.247080 
       101.18282 
       103.43089 
       104.99259 
       105.95351 
       107.27873 
       109.34203 
       112.08379 
       113.88374 
       116.38421 
       118.34201 
       129.10379 
       133.86633 
       132.18041 
       130.46429 
       128.71687 
       126.93463 
       125.11387 
       123.24991 
       121.33743 
       119.37323 
       117.35343 
       115.27346 
       113.13060 
       121.20501 
       134.25881 
       148.69591 
       163.10606 
       196.07210 
       236.07257 
       292.07416 
       334.44430 
       421.01220 
       491.74068 
       520.13545 
       545.61871 
       563.03760 
       647.76974 
       691.16739 
       690.40272 
       696.50206 
       697.13770 
       712.30308 
       746.18331 
       772.06003 
       806.48953 
       816.52939 
       839.09673 
       839.12442 
       838.09024 
       859.38699 
       868.24223 
       875.07909 
rc =       1.0000000 
tre-mar

       0.0000000 
       0.0000000 
       0.0000000 
       0.0000000 
       0.0000000 
       0.0000000 
       0.0000000 
       0.0000000 
       0.0000000 
       0.0000000 
       0.0000000 
       0.0000000 
       0.0000000 
       0.0000000 
       0.0000000 
       0.0000000 
       0.0000000 
       0.0000000 
       0.0000000 
       0.0000000 
       0.0000000 
       0.0000000 
       0.0000000 
       0.0000000 
       0.0000000 
       0.0000000 
       0.0000000 
       0.0000000 
       0.0000000 
      0.45997222 
      0.92100469 
       1.4138947 
       1.9509433 
       2.5245490 
       3.0849331 
       3.6057156 
       4.0196387 
       4.4302224 
       4.7971949 
       5.1231144 
       5.5088249 
       5.8984447 
       6.3185888 
       6.7734593 
       7.3807081 
       8.0490727 
       8.7538275 
       9.5768373 
       10.322144 
       10.979726 
       11.712513 
       12.467327 
       13.220045 
       14.075741 
       14.870667 
       15.484782 
       15.912915 
       16.247821 
       16.843218 
       17.391545 
       18.018623 
       18.856095 
       19.782735 
       20.719938 
       21.599698 
       22.696635 
       23.750097 
       24.768756 
       25.669405 
       26.467500 
       27.253531 
       28.016496 
       28.937174 
       29.963759 
       31.054442 
       32.188427 
       33.069149 
       33.805526 
       34.597530 
       35.253500 
       35.900785 
       36.391436 
       36.622847 
       36.556925 
       36.571706 
       37.715972 
       38.833208 
       39.676797 
       40.246715 
       40.577262 
       41.055201 
       41.830286 
       42.878622 
       42.228693 
       41.567033 
       40.894288 
       40.210699 
       41.950372 
       56.872053 
       56.895143 
       56.262548 
       55.559883 
       55.256284 
       57.949449 
       63.536325 
       66.876586 
       66.528782 
       66.395065 
       111.11306 
       113.83276 
       117.76820 
       121.16358 
       120.88993 
       120.34484 
       121.74664 
       121.00627 
       120.80302 
       120.63788 
       120.30077 
       141.51046 
       168.01161 
       171.69850 
       172.82874 
       176.87479 
       176.01973 
       175.89617 
       175.15972 
       176.02591 
       178.95828 
       180.97997 
       183.91650 
       184.09135 
       185.59720 
       184.53727 
       183.28759 
       184.30618 
       183.79081 
       182.86923 
rc =       1.0000000 
qua-com

       0.0000000 
       0.0000000 
       0.0000000 
       0.0000000 
       0.0000000 
       0.0000000 
       0.0000000 
       0.0000000 
       0.0000000 
       0.0000000 
       0.0000000 
       0.0000000 
       0.0000000 
       0.0000000 
       0.0000000 
       0.0000000 
       0.0000000 
       0.0000000 
       0.0000000 
       0.0000000 
       0.0000000 
       0.0000000 
       0.0000000 
       0.0000000 
       0.0000000 
       0.0000000 
       0.0000000 
       0.0000000 
       0.0000000 
      0.22674687 
      0.45401640 
      0.69699036 
      0.96173260 
       1.2444960 
       1.5207416 
       1.7774654 
       1.9815120 
       2.1839125 
       2.3648144 
       2.5254790 
       2.7156179 
       2.9076840 
       3.1147973 
       3.3390292 
       3.6383772 
       3.9678527 
       4.3152671 
       4.7209761 
       5.0883810 
       5.4125410 
       5.7737738 
       6.1458652 
       6.5169236 
       6.9387454 
       7.3306104 
       7.6333435 
       7.8450633 
       8.0117808 
       8.3082857 
       8.5835312 
       8.9002527 
       9.3241534 
       9.7963974 
       10.279189 
       10.740173 
       11.315914 
       11.879114 
       12.435326 
       12.944643 
       13.415280 
       13.892492 
       14.371354 
       14.941076 
       15.575870 
       16.254740 
       16.966593 
       17.564214 
       18.100274 
       18.672283 
       19.184713 
       19.699467 
       20.142739 
       20.463015 
       20.640611 
       20.860989 
       21.640771 
       22.409105 
       23.043674 
       23.543958 
       23.926187 
       24.379603 
       24.977106 
       25.706303 
       25.963594 
       26.204808 
       27.968757 
       29.575430 
       30.473419 
       30.635247 
       38.606300 
       38.422008 
       38.227521 
       38.283050 
       38.135758 
       37.997724 
       51.528109 
       51.366659 
       51.154114 
       51.084538 
       50.814913 
       50.623716 
       50.485308 
       50.190819 
       49.888090 
       49.577074 
       51.150269 
       51.735931 
       52.642896 
       53.321232 
       80.686873 
       117.92269 
       172.27555 
       230.23760 
       264.40663 
       326.81690 
       388.03371 
       440.24917 
       517.96865 
       600.22070 
       704.45412 
       852.35384 
       952.42534 
       1086.5715 
       1190.3452 
       1278.8481 
       1353.5083 
       1399.8244 
       1449.9936 
rc =       1.0000000 
cin-edpub

       0.0000000 
       0.0000000 
       0.0000000 
       0.0000000 
       0.0000000 
       0.0000000 
       0.0000000 
       0.0000000 
       0.0000000 
       0.0000000 
       0.0000000 
       0.0000000 
       0.0000000 
       0.0000000 
       0.0000000 
       0.0000000 
       0.0000000 
       0.0000000 
       0.0000000 
       0.0000000 
       0.0000000 
       0.0000000 
       0.0000000 
       0.0000000 
       0.0000000 
       0.0000000 
       0.0000000 
       0.0000000 
       0.0000000 
       6.5886161 
       13.192419 
       20.252548 
       27.945202 
       36.161497 
       44.188407 
       51.648067 
       57.577078 
       63.458256 
       68.714750 
       73.383203 
       78.908097 
       84.488990 
       90.507110 
       97.022649 
       105.72085 
       115.29446 
       125.38933 
       137.17808 
       147.85382 
       157.27298 
       167.76937 
       178.58128 
       189.36318 
       201.62012 
       213.00659 
       221.80315 
       227.95513 
       232.79946 
       241.41504 
       249.41289 
       258.61591 
       270.93326 
       284.65532 
       298.68386 
       312.07875 
       328.79468 
       345.12863 
       361.23582 
       375.94891 
       389.50830 
       403.22230 
       416.94160 
       433.25385 
       451.40242 
       470.76960 
       491.02487 
       507.87809 
       522.85081 
       538.76642 
       552.83981 
       566.86038 
       578.67638 
       586.78665 
       590.61467 
       595.55490 
       616.62613 
       637.24654 
       653.87285 
       666.49952 
       675.60554 
       686.70555 
       701.93721 
       720.96104 
       737.62243 
       748.63911 
       785.23756 
       813.44711 
       833.08087 
       867.33035 
       928.68391 
       956.95494 
       984.99797 
       1004.0085 
       1009.4141 
       1023.5438 
       1041.3010 
       1074.1416 
       1099.5081 
       1115.1713 
       1124.4689 
       1139.4458 
       1153.3100 
       1182.4128 
       1185.6043 
       1179.6941 
       1174.4435 
       1176.9321 
       1174.3709 
       1560.7534 
       1600.8911 
       1644.1304 
       1692.7246 
       1707.2267 
       1701.2938 
       1720.4705 
       1739.9089 
       1761.5389 
       1778.8952 
       1791.4173 
       1807.5516 
       1849.5735 
       1946.4353 
       2004.2073 
       2030.6259 
       2048.7926 
       2068.1644 
       2094.1130 
       2116.0491 
rc =       1.0000000 
sei-idr

       0.0000000 
       0.0000000 
       0.0000000 
       0.0000000 
       0.0000000 
       0.0000000 
       0.0000000 
       0.0000000 
       0.0000000 
       0.0000000 
       0.0000000 
       0.0000000 
       0.0000000 
       0.0000000 
       0.0000000 
       0.0000000 
       0.0000000 
       0.0000000 
       0.0000000 
       0.0000000 
       0.0000000 
       0.0000000 
       0.0000000 
       0.0000000 
       0.0000000 
       0.0000000 
       0.0000000 
       0.0000000 
       0.0000000 
       8.1110594 
       16.240815 
       24.932341 
       34.402549 
       44.517399 
       54.399101 
       63.582478 
       70.881516 
       78.121668 
       84.592789 
       90.339990 
       97.141532 
       104.01201 
       111.42075 
       119.44185 
       130.14995 
       141.93576 
       154.36327 
       168.87606 
       182.01866 
       193.61432 
       206.53614 
       219.84638 
       233.11967 
       248.20883 
       262.22641 
       273.05560 
       280.60521 
       286.51088 
       297.00998 
       306.67908 
       317.73685 
       332.50465 
       348.84486 
       365.37131 
       380.88482 
       400.22798 
       418.80452 
       436.76737 
       452.64922 
       466.72268 
       480.58339 
       494.03736 
       510.27243 
       528.37502 
       547.60790 
       567.60437 
       583.13486 
       596.11998 
       610.08601 
       621.65327 
       633.06736 
       641.71940 
       645.80006 
       644.63760 
       644.89825 
       665.07602 
       684.77714 
       699.65281 
       709.70264 
       715.53143 
       723.95931 
       737.62701 
       756.11317 
       755.63589 
       761.47491 
       768.40769 
       788.87561 
       806.52807 
       959.23162 
       965.43270 
       994.18383 
       1030.8000 
       1051.7473 
       1071.8150 
       1086.2606 
       1093.5511 
       1106.7202 
       1151.8074 
       1166.4741 
       1178.6132 
       1176.6230 
       1197.9740 
       1208.7493 
       1234.1505 
       1318.3041 
       1461.3613 
       1648.4517 
       1883.4488 
       2073.2725 
       2171.3997 
       2265.7535 
       2331.1135 
       2379.8739 
       2424.7881 
       2443.2917 
       2458.8600 
       2504.4534 
       2553.8884 
       2615.4284 
       2646.0010 
       2740.4465 
       2817.4538 
       2847.0300 
       2866.9404 
       2883.5003 
       2874.8872 
       2867.9301 
       2897.1898 
rc =       1.0000000 
set-igien

       0.0000000 
       0.0000000 
       0.0000000 
       0.0000000 
       0.0000000 
       0.0000000 
       0.0000000 
       0.0000000 
       0.0000000 
       0.0000000 
       0.0000000 
       0.0000000 
       0.0000000 
       0.0000000 
       0.0000000 
       0.0000000 
       0.0000000 
       0.0000000 
       0.0000000 
       0.0000000 
       0.0000000 
       0.0000000 
       0.0000000 
       0.0000000 
       0.0000000 
       0.0000000 
       0.0000000 
       0.0000000 
       0.0000000 
       10.916242 
       21.857647 
       33.555107 
       46.300555 
       59.913592 
       73.212848 
       85.572265 
       95.395650 
       105.13979 
       113.84892 
       121.58377 
       130.73760 
       139.98422 
       149.95524 
       160.75041 
       175.16188 
       191.02377 
       207.74929 
       227.28128 
       244.96920 
       260.57519 
       277.96597 
       295.87951 
       313.74332 
       334.05103 
       352.91653 
       367.49096 
       377.68376 
       385.71002 
       399.95293 
       413.12825 
       428.23804 
       448.42131 
       470.81572 
       493.56850 
       515.08478 
       541.90133 
       567.84232 
       593.12684 
       615.78464 
       636.17498 
       656.43253 
       676.28182 
       699.98806 
       726.28282 
       754.14210 
       783.03095 
       805.86446 
       825.20631 
       845.78933 
       863.05139 
       880.02040 
       893.19247 
       900.13027 
       899.93511 
       901.59435 
       930.03556 
       957.82618 
       979.10705 
       993.89056 
       1002.9869 
       1015.5318 
       1035.0636 
       1061.0179 
       1094.7516 
       1123.4047 
       1157.6437 
       1208.9163 
       1226.9650 
       1279.0556 
       1267.4704 
       1302.0235 
       1388.5087 
       1458.2156 
       1475.2057 
       1499.6769 
       1522.4781 
       1558.5205 
       1579.9122 
       1607.2633 
       1628.3679 
       1622.8155 
       1619.4437 
       1621.0593 
       1628.7723 
       1695.6447 
       1723.0452 
       1762.4845 
       1789.5967 
       1807.1601 
       1840.1876 
       1870.3240 
       1905.5760 
       1905.4305 
       1926.7536 
       1900.5417 
       1874.5275 
       1852.6277 
       1831.6022 
       1819.7654 
       1804.1318 
       1780.6377 
       1761.3176 
       1730.8201 
       1700.4162 
       1669.7758 
       1638.3391 
       1604.8573 
       1570.9347 
rc =       1.0000000 
ot-bonif

       0.0000000 
       0.0000000 
       0.0000000 
       0.0000000 
       0.0000000 
       0.0000000 
       0.0000000 
       0.0000000 
       0.0000000 
       0.0000000 
       0.0000000 
       0.0000000 
       0.0000000 
       0.0000000 
       0.0000000 
       0.0000000 
       0.0000000 
       0.0000000 
       0.0000000 
       0.0000000 
       0.0000000 
       0.0000000 
       0.0000000 
       0.0000000 
       0.0000000 
       0.0000000 
       0.0000000 
       0.0000000 
       0.0000000 
       2.3970383 
       4.7996019 
       7.3681838 
       10.166888 
       13.156100 
       16.076412 
       18.790349 
       20.947413 
       23.087074 
       24.999466 
       26.697920 
       28.707961 
       30.738374 
       32.927857 
       35.298309 
       38.462845 
       41.945872 
       45.618538 
       49.907462 
       53.791457 
       57.218291 
       61.037037 
       64.970575 
       68.893192 
       73.352451 
       77.495025 
       80.695345 
       82.933527 
       84.695969 
       87.830448 
       90.740187 
       94.082894 
       98.551131 
       103.51996 
       108.58592 
       113.40218 
       119.40712 
       125.24905 
       130.98060 
       136.17209 
       140.90624 
       145.65399 
       150.35495 
       155.94473 
       162.14362 
       168.72310 
       175.55904 
       181.08988 
       185.86982 
       190.92766 
       195.25535 
       199.51231 
       202.92315 
       204.95039 
       205.39452 
       206.22535 
       212.91490 
       219.44051 
       224.52233 
       228.16582 
       230.54896 
       233.68212 
       238.34352 
       244.40718 
       250.64063 
       254.13150 
       257.12835 
       265.39071 
       266.22421 
       305.64842 
       306.10316 
       328.52559 
       344.31561 
       354.02437 
       363.34070 
       375.95087 
       408.84524 
       426.65998 
       444.85041 
       454.29043 
       451.20971 
       449.62493 
       454.06249 
       452.96860 
       452.04680 
       455.05222 
       453.16019 
       461.68030 
       463.11494 
       463.28736 
       460.18626 
       458.65617 
       459.66057 
       469.13668 
       468.44479 
       477.07143 
       495.41334 
       511.02822 
       522.80525 
       521.61118 
       521.14217 
       518.09713 
       526.49511 
       535.36779 
       542.82756 
       553.76952 
       556.09820 
       576.22081 
       581.34041 
rc =       1.0000000 
nov-al
  rc =         1.0000000 

       0.0000000 
       0.0000000 
       0.0000000 
       0.0000000 
       0.0000000 
       0.0000000 
       0.0000000 
       0.0000000 
       0.0000000 
       0.0000000 
       0.0000000 
       0.0000000 
       0.0000000 
       0.0000000 
       0.0000000 
       0.0000000 
       0.0000000 
       0.0000000 
       0.0000000 
       0.0000000 
       0.0000000 
       0.0000000 
       0.0000000 
       0.0000000 
       0.0000000 
       0.0000000 
       0.0000000 
       0.0000000 
       0.0000000 
       7.8130492 
       15.644108 
       24.016296 
       33.138558 
       42.881775 
       52.400412 
       61.246381 
       68.277243 
       75.251383 
       81.484747 
       87.020789 
       93.572434 
       100.19048 
       107.32702 
       115.05341 
       125.36808 
       136.72087 
       148.69177 
       162.67135 
       175.33107 
       186.50070 
       198.94775 
       211.76896 
       224.55457 
       239.08934 
       252.59189 
       263.02321 
       270.31847 
       276.04282 
       286.21065 
       295.60501 
       306.37102 
       320.75196 
       336.69703 
       352.87706 
       368.14934 
       387.18467 
       405.56087 
       423.43220 
       439.38291 
       453.67191 
       467.82755 
       481.65578 
       498.20929 
       516.58957 
       536.07206 
       556.27832 
       572.15310 
       585.54002 
       599.82681 
       611.75456 
       623.49386 
       632.53273 
       637.13109 
       636.64829 
       637.51490 
       657.56656 
       677.15189 
       692.08637 
       702.37331 
       708.58696 
       717.27116 
       730.96349 
       749.26580 
       793.27221 
       835.95835 
       852.75327 
       863.16041 
       870.27168 
       909.81406 
       962.16784 
       1014.1037 
       1048.5122 
       1084.7657 
       1127.0765 
       1179.3786 
       1215.2789 
       1267.2075 
       1332.9731 
       1372.6454 
       1441.3718 
       1482.1382 
       1483.9271 
       1479.8017 
       1504.8196 
       1549.0630 
       1583.7544 
       1591.6652 
       1612.1413 
       1620.3700 
       1720.6499 
       1808.7552 
       1886.7258 
       2015.9052 
       2047.4008 
       2069.4464 
       2106.1794 
       2141.7036 
       2155.6077 
       2149.4136 
       2142.9274 
       2174.5085 
       2256.3155 
       2252.1300 
       2249.4624 
       2250.5855 
       2252.3205 
       2249.7006 
       2240.5221 
rc =       2.0000000 
uno-strad

       0.0000000 
       0.0000000 
       0.0000000 
       0.0000000 
       0.0000000 
       0.0000000 
       0.0000000 
       0.0000000 
       0.0000000 
       0.0000000 
       0.0000000 
       0.0000000 
       0.0000000 
       0.0000000 
       0.0000000 
       0.0000000 
       0.0000000 
       0.0000000 
       0.0000000 
       0.0000000 
       0.0000000 
       0.0000000 
       0.0000000 
       0.0000000 
       0.0000000 
       0.0000000 
       0.0000000 
       0.0000000 
       0.0000000 
       2.0277649 
       4.0602038 
       6.2330852 
       8.6006373 
       11.129350 
       13.599775 
       15.895620 
       17.720379 
       19.530417 
       21.148197 
       22.584997 
       24.285383 
       26.003003 
       27.855187 
       29.860461 
       32.537488 
       35.483940 
       38.590817 
       42.219015 
       45.504665 
       48.403581 
       51.634034 
       54.961594 
       58.279917 
       62.052209 
       65.556602 
       68.263900 
       70.157281 
       71.648212 
       74.299812 
       76.761293 
       79.593688 
       83.384572 
       87.607783 
       91.921158 
       96.033979 
       101.16550 
       106.17471 
       111.10806 
       115.60531 
       119.73955 
       123.91274 
       128.07725 
       133.02745 
       138.52929 
       144.39044 
       150.50741 
       155.55893 
       160.01224 
       164.73479 
       168.86889 
       172.96639 
       176.36537 
       178.60594 
       179.51433 
       180.75212 
       186.94328 
       192.98769 
       197.79679 
       201.37172 
       203.86464 
       206.97652 
       211.36724 
       216.93070 
       219.00502 
       233.74336 
       241.14985 
       242.49783 
       247.62610 
       264.05509 
       262.59551 
       270.16119 
       270.03049 
       268.25205 
       270.88262 
       268.59159 
       266.06996 
       263.15417 
       260.21408 
       257.48068 
       254.39660 
       251.20748 
       261.21783 
       257.92066 
       255.26497 
       251.81269 
       248.20671 
       244.68350 
       244.25264 
       242.86698 
       238.88842 
       234.81123 
       230.63912 
       226.44061 
       222.13355 
       217.98397 
       213.54649 
       208.98326 
       204.36194 
       199.66458 
       194.90504 
       190.09676 
       186.36811 
       185.57535 
       184.51192 
       191.68605 
       188.10036 
       183.14472 
       178.06508 
rc =       2.0000000 
due-fer

       0.0000000 
       0.0000000 
       0.0000000 
       0.0000000 
       0.0000000 
       0.0000000 
       0.0000000 
       0.0000000 
       0.0000000 
       0.0000000 
       0.0000000 
       0.0000000 
       0.0000000 
       0.0000000 
       0.0000000 
       0.0000000 
       0.0000000 
       0.0000000 
       0.0000000 
       0.0000000 
       0.0000000 
       0.0000000 
       0.0000000 
       0.0000000 
       0.0000000 
       0.0000000 
       0.0000000 
       0.0000000 
       0.0000000 
      0.97825077 
       1.9587565 
       3.0070155 
       4.1491892 
       5.3691112 
       6.5609140 
       7.6684938 
       8.5488090 
       9.4220223 
       10.202485 
       10.895638 
       11.715952 
       12.544580 
       13.438125 
       14.405526 
       15.696999 
       17.118450 
       18.617295 
       20.367640 
       21.952730 
       23.351248 
       24.909710 
       26.515018 
       28.115870 
       29.935730 
       31.626348 
       32.932425 
       33.845845 
       34.565112 
       35.841479 
       37.022175 
       38.376228 
       40.184937 
       42.191794 
       44.230768 
       46.158933 
       48.562077 
       50.886760 
       53.152613 
       55.183075 
       57.010339 
       58.825704 
       60.604484 
       62.728901 
       65.085285 
       67.581874 
       70.170726 
       72.216934 
       73.950239 
       75.794771 
       77.341698 
       78.862362 
       80.042768 
       80.664493 
       80.647004 
       80.795696 
       83.344433 
       85.834868 
       87.741937 
       89.066751 
       89.881911 
       91.006113 
       92.756438 
       95.082313 
       97.482438 
       100.70387 
       102.14942 
       106.49215 
       113.85753 
       112.42733 
       110.97153 
       109.48917 
       107.97726 
       106.43269 
       104.85146 
       103.22907 
       101.56282 
       99.849394 
       98.084926 
       96.267101 
       99.279529 
       101.27353 
       103.92439 
       104.80909 
       110.58152 
       113.37296 
       115.36139 
       113.44139 
       112.03402 
       110.31087 
       115.20625 
       120.01934 
       122.71006 
       125.63526 
       127.20471 
       125.52065 
       124.30249 
       123.78398 
       122.20666 
       128.04179 
       131.91799 
       137.01509 
       146.24649 
       144.86670 
       143.04638 
       141.03998 
       140.79458 
       139.42257 
       144.14269 
rc =       2.0000000 
tre-mar

       0.0000000 
       0.0000000 
       0.0000000 
       0.0000000 
       0.0000000 
       0.0000000 
       0.0000000 
       0.0000000 
       0.0000000 
       0.0000000 
       0.0000000 
       0.0000000 
       0.0000000 
       0.0000000 
       0.0000000 
       0.0000000 
       0.0000000 
       0.0000000 
       0.0000000 
       0.0000000 
       0.0000000 
       0.0000000 
       0.0000000 
       0.0000000 
       0.0000000 
       0.0000000 
       0.0000000 
       0.0000000 
       0.0000000 
      0.13604812 
      0.27240984 
      0.41819421 
      0.57703956 
      0.74669758 
      0.91244499 
       1.0664793 
       1.1889072 
       1.3103475 
       1.4188886 
       1.5152874 
       1.6293707 
       1.7446104 
       1.8688784 
       2.0034175 
       2.1830263 
       2.3807116 
       2.5891602 
       2.8325857 
       3.0530286 
       3.2475246 
       3.4642643 
       3.6875191 
       3.9101542 
       4.1632472 
       4.3983663 
       4.5800061 
       4.7066369 
       4.8056936 
       4.9817968 
       5.1439781 
       5.3294519 
       5.5771547 
       5.8512316 
       6.1284324 
       6.3886431 
       6.7130891 
       7.0246765 
       7.3259702 
       7.5923592 
       7.8284156 
       8.0609035 
       8.2865692 
       8.5588826 
       8.8625203 
       9.1851166 
       9.5205206 
       9.7810160 
       9.9988176 
       10.233072 
       10.427092 
       10.618542 
       10.763664 
       10.832110 
       10.812612 
       10.816983 
       11.155428 
       11.485878 
       11.735391 
       11.903958 
       12.001725 
       12.143087 
       12.372338 
       12.682409 
       12.490177 
       12.294475 
       12.095494 
       11.893305 
       15.007707 
       15.124179 
       40.873550 
       40.655556 
       40.432120 
       40.202451 
       40.615264 
       41.425662 
       41.235710 
       40.976015 
       40.866441 
       52.895166 
       52.990603 
       53.003103 
       52.787267 
       52.482672 
       52.186175 
       52.027960 
       51.878285 
       52.415582 
       53.684762 
       54.468284 
       54.140873 
       54.297048 
       54.296571 
       54.199478 
       54.316572 
       54.065110 
       53.868078 
       53.673266 
       53.328973 
       53.765622 
       53.930198 
       54.157406 
       54.755756 
       54.073336 
       53.225499 
       52.225754 
       51.245537 
       49.979708 
       49.225186 
rc =       2.0000000 
qua-com

       0.0000000 
       0.0000000 
       0.0000000 
       0.0000000 
       0.0000000 
       0.0000000 
       0.0000000 
       0.0000000 
       0.0000000 
       0.0000000 
       0.0000000 
       0.0000000 
       0.0000000 
       0.0000000 
       0.0000000 
       0.0000000 
       0.0000000 
       0.0000000 
       0.0000000 
       0.0000000 
       0.0000000 
       0.0000000 
       0.0000000 
       0.0000000 
       0.0000000 
       0.0000000 
       0.0000000 
       0.0000000 
       0.0000000 
      0.25266080 
      0.50590399 
      0.77664640 
       1.0716449 
       1.3867241 
       1.6945407 
       1.9806044 
       2.2079705 
       2.4335024 
       2.6350789 
       2.8141051 
       3.0259742 
       3.2399908 
       3.4707741 
       3.7206326 
       4.0541918 
       4.4213216 
       4.8084405 
       5.2605163 
       5.6699103 
       6.0311171 
       6.4336336 
       6.8482498 
       7.2617149 
       7.7317448 
       8.1683945 
       8.5057256 
       8.7416420 
       8.9274129 
       9.2578040 
       9.5645062 
       9.9174244 
       10.389771 
       10.915986 
       11.453953 
       11.967622 
       12.609161 
       13.236728 
       13.856506 
       14.424031 
       14.948455 
       15.480205 
       16.013795 
       16.648628 
       17.355970 
       18.112425 
       18.905632 
       19.571552 
       20.168876 
       20.806258 
       21.377251 
       21.950835 
       22.444767 
       22.801645 
       22.999538 
       23.245102 
       24.114002 
       24.970146 
       25.677236 
       26.234696 
       26.660609 
       27.165844 
       27.831632 
       28.644166 
       28.950201 
       29.238020 
       30.573446 
       31.219491 
       32.514950 
       35.262850 
       35.382151 
       44.628137 
       44.622462 
       46.688081 
       56.344811 
       73.155364 
       73.223686 
       74.176456 
       75.282020 
       77.549623 
       81.177170 
       83.776396 
       85.510973 
       88.917366 
       92.183453 
       93.188929 
       92.833035 
       94.093112 
       94.350247 
       94.388632 
       107.11746 
       115.42919 
       130.37204 
       131.95810 
       131.52685 
       140.29720 
       147.69982 
       150.75055 
       155.33442 
       158.16122 
       160.21987 
       183.82657 
       233.80747 
       239.11551 
       254.07641 
       280.80840 
       307.98452 
       328.63228 
       359.09441 
rc =       2.0000000 
cin-edpub

       0.0000000 
       0.0000000 
       0.0000000 
       0.0000000 
       0.0000000 
       0.0000000 
       0.0000000 
       0.0000000 
       0.0000000 
       0.0000000 
       0.0000000 
       0.0000000 
       0.0000000 
       0.0000000 
       0.0000000 
       0.0000000 
       0.0000000 
       0.0000000 
       0.0000000 
       0.0000000 
       0.0000000 
       0.0000000 
       0.0000000 
       0.0000000 
       0.0000000 
       0.0000000 
       0.0000000 
       0.0000000 
       0.0000000 
       5.6816287 
       11.376354 
       17.464587 
       24.098271 
       31.183513 
       38.105441 
       44.538206 
       49.651030 
       54.722606 
       59.255492 
       63.281287 
       68.045626 
       72.858254 
       78.047921 
       83.666532 
       91.167338 
       99.423053 
       108.12826 
       118.29417 
       127.50029 
       135.62281 
       144.67427 
       153.99782 
       163.29549 
       173.86513 
       183.68415 
       191.26978 
       196.57487 
       200.75234 
       208.18190 
       215.07877 
       223.01490 
       233.63664 
       245.46973 
       257.56710 
       269.11805 
       283.53288 
       297.61830 
       311.50818 
       324.19586 
       335.88867 
       347.71481 
       359.54551 
       373.61222 
       389.26246 
       405.96356 
       423.43049 
       437.96370 
       450.87528 
       464.59995 
       476.73601 
       488.82650 
       499.01591 
       506.00972 
       509.31078 
       513.57094 
       531.74151 
       549.52332 
       563.86086 
       574.74934 
       582.60182 
       592.17381 
       605.30868 
       621.71370 
       641.73748 
       655.60293 
       683.98565 
       694.48400 
       724.59800 
       746.07141 
       782.52303 
       796.53826 
       807.32659 
       817.58800 
       825.90508 
       832.73264 
       851.30393 
       877.48740 
       891.97587 
       900.19419 
       903.45299 
       908.44936 
       908.92926 
       921.53113 
       928.37089 
       926.58476 
       919.33879 
       910.12363 
       905.01064 
       1055.3414 
       1075.5796 
       1092.9715 
       1127.3013 
       1137.4962 
       1136.8065 
       1150.1032 
       1158.6197 
       1208.5567 
       1212.5478 
       1215.0849 
       1217.2254 
       1231.3715 
       1243.1469 
       1242.5943 
       1239.4848 
       1272.4746 
       1290.6794 
       1306.5094 
       1319.7519 
rc =       2.0000000 
sei-idr

       0.0000000 
       0.0000000 
       0.0000000 
       0.0000000 
       0.0000000 
       0.0000000 
       0.0000000 
       0.0000000 
       0.0000000 
       0.0000000 
       0.0000000 
       0.0000000 
       0.0000000 
       0.0000000 
       0.0000000 
       0.0000000 
       0.0000000 
       0.0000000 
       0.0000000 
       0.0000000 
       0.0000000 
       0.0000000 
       0.0000000 
       0.0000000 
       0.0000000 
       0.0000000 
       0.0000000 
       0.0000000 
       0.0000000 
       5.0920868 
       10.195911 
       15.652412 
       21.597766 
       27.947824 
       34.151512 
       39.916795 
       44.499099 
       49.044434 
       53.106975 
       56.715042 
       60.985019 
       65.298275 
       69.949448 
       74.985056 
       81.707557 
       89.106636 
       96.908569 
       106.01964 
       114.27050 
       121.55021 
       129.66246 
       138.01857 
       146.35148 
       155.82440 
       164.62457 
       171.42308 
       176.16269 
       179.87025 
       186.46154 
       192.53175 
       199.47377 
       208.74493 
       219.00324 
       229.37847 
       239.11779 
       251.26134 
       262.92361 
       274.20060 
       284.17116 
       293.00641 
       301.70810 
       310.15445 
       320.34675 
       331.71147 
       343.78579 
       356.33948 
       366.08946 
       374.24146 
       383.00927 
       390.27114 
       397.43686 
       402.86857 
       405.43039 
       404.70060 
       404.86424 
       417.53175 
       429.90002 
       439.23890 
       445.54815 
       449.20743 
       454.49842 
       463.07894 
       474.68447 
       479.79585 
       492.12806 
       499.48859 
       506.94617 
       540.06043 
       580.79381 
       725.88638 
       755.87192 
       775.73556 
       788.89278 
       811.81194 
       812.36918 
       835.20593 
       851.81298 
       873.41372 
       884.56854 
       902.02296 
       916.34128 
       933.92173 
       942.87598 
       950.02794 
       1040.9452 
       1107.1104 
       1177.3006 
       1248.1175 
       1294.3547 
       1323.2733 
       1339.9163 
       1374.1885 
       1388.0793 
       1402.2430 
       1493.7757 
       1501.3052 
       1500.3430 
       1508.4588 
       1497.5154 
       1509.8826 
       1633.2491 
       1666.8733 
       1672.8014 
       1682.5517 
       1711.7214 
       1713.2774 
       1737.7936 
       1740.3826 
rc =       2.0000000 
set-igien

       0.0000000 
       0.0000000 
       0.0000000 
       0.0000000 
       0.0000000 
       0.0000000 
       0.0000000 
       0.0000000 
       0.0000000 
       0.0000000 
       0.0000000 
       0.0000000 
       0.0000000 
       0.0000000 
       0.0000000 
       0.0000000 
       0.0000000 
       0.0000000 
       0.0000000 
       0.0000000 
       0.0000000 
       0.0000000 
       0.0000000 
       0.0000000 
       0.0000000 
       0.0000000 
       0.0000000 
       0.0000000 
       0.0000000 
       11.628875 
       23.284555 
       35.745648 
       49.323144 
       63.824865 
       77.992322 
       91.158585 
       101.62326 
       112.00351 
       121.28120 
       129.52099 
       139.27240 
       149.12265 
       159.74460 
       171.24450 
       186.59677 
       203.49416 
       221.31155 
       242.11863 
       260.96126 
       277.58603 
       296.11211 
       315.19509 
       334.22508 
       355.85851 
       375.95559 
       391.48147 
       402.33968 
       410.88990 
       426.06261 
       440.09804 
       456.19423 
       477.69511 
       501.55146 
       525.78959 
       548.71049 
       577.27767 
       604.91215 
       631.84729 
       655.98423 
       677.70569 
       699.28569 
       720.43078 
       745.68461 
       773.69594 
       803.37393 
       834.14870 
       858.47282 
       879.07734 
       901.00407 
       919.39303 
       937.46981 
       951.50177 
       958.89248 
       958.68458 
       960.45214 
       990.75004 
       1020.3549 
       1043.0250 
       1058.7736 
       1068.4638 
       1081.8276 
       1102.6345 
       1130.2831 
       1168.7983 
       1201.7890 
       1224.5883 
       1238.9740 
       1268.2831 
       1392.7776 
       1407.3084 
       1456.0290 
       1471.1104 
       1522.5258 
       1541.6104 
       1585.7679 
       1601.0690 
       1618.6517 
       1645.2748 
       1667.8729 
       1696.0634 
       1726.7791 
       1741.6448 
       1731.9655 
       1726.2177 
       1711.1713 
       1721.3505 
       1723.5020 
       1763.9709 
       1784.4983 
       1819.2556 
       1830.9197 
       1839.6845 
       1843.7897 
       1850.5814 
       1822.7920 
       1804.6151 
       1781.8017 
       1758.9868 
       1730.4148 
       1703.5138 
       1681.5861 
       1664.1781 
       1633.2556 
       1601.5543 
       1570.7128 
       1538.9781 
       1503.8751 
       1468.8077 
rc =       2.0000000 
ot-bonif

       0.0000000 
       0.0000000 
       0.0000000 
       0.0000000 
       0.0000000 
       0.0000000 
       0.0000000 
       0.0000000 
       0.0000000 
       0.0000000 
       0.0000000 
       0.0000000 
       0.0000000 
       0.0000000 
       0.0000000 
       0.0000000 
       0.0000000 
       0.0000000 
       0.0000000 
       0.0000000 
       0.0000000 
       0.0000000 
       0.0000000 
       0.0000000 
       0.0000000 
       0.0000000 
       0.0000000 
       0.0000000 
       0.0000000 
       1.6131420 
       3.2300024 
       4.9585885 
       6.8420405 
       8.8536999 
       10.818991 
       12.645397 
       14.097043 
       15.536977 
       16.823965 
       17.966979 
       19.319682 
       20.686095 
       22.159558 
       23.754808 
       25.884455 
       28.228438 
       30.700043 
       33.586373 
       36.200197 
       38.506363 
       41.076276 
       43.723441 
       46.363257 
       49.364217 
       52.152057 
       54.305786 
       55.812022 
       56.998098 
       59.107518 
       61.065693 
       63.315245 
       66.322248 
       69.666136 
       73.075391 
       76.316605 
       80.357764 
       84.289227 
       88.146406 
       91.640134 
       94.826090 
       98.021200 
       101.18482 
       104.94659 
       109.11827 
       113.54609 
       118.14649 
       121.86859 
       125.08537 
       128.48916 
       131.40158 
       134.26639 
       136.56180 
       137.92607 
       138.22496 
       138.78408 
       143.28597 
       147.67753 
       151.09746 
       153.54943 
       155.15322 
       157.26175 
       160.39875 
       164.47943 
       172.70920 
       177.93592 
       180.64446 
       183.80042 
       187.10284 
       201.11658 
       236.01571 
       256.77366 
       264.00753 
       268.52690 
       272.81220 
       280.18479 
       299.81736 
       315.10933 
       327.76621 
       331.24373 
       329.82409 
       330.00001 
       339.58994 
       346.05463 
       353.26759 
       354.93753 
       355.60358 
       352.99659 
       371.27511 
       384.28748 
       384.68593 
       383.51278 
       382.79580 
       385.32740 
       385.66927 
       384.42411 
       383.92829 
       381.61651 
       380.47263 
       381.71685 
       380.90127 
       387.61894 
       396.45251 
       398.93703 
       398.68911 
       417.89901 
       428.65802 
       439.04534 
       451.69405 
rc =       2.0000000 
nov-al
  rc =         2.0000000 

       0.0000000 
       0.0000000 
       0.0000000 
       0.0000000 
       0.0000000 
       0.0000000 
       0.0000000 
       0.0000000 
       0.0000000 
       0.0000000 
       0.0000000 
       0.0000000 
       0.0000000 
       0.0000000 
       0.0000000 
       0.0000000 
       0.0000000 
       0.0000000 
       0.0000000 
       0.0000000 
       0.0000000 
       0.0000000 
       0.0000000 
       0.0000000 
       0.0000000 
       0.0000000 
       0.0000000 
       0.0000000 
       0.0000000 
       14.874595 
       29.783476 
       45.722567 
       63.089659 
       81.638936 
       99.760652 
       116.60173 
       129.98719 
       143.26466 
       155.13182 
       165.67142 
       178.14453 
       190.74407 
       204.33070 
       219.04032 
       238.67755 
       260.29114 
       283.08152 
       309.69604 
       333.79780 
       355.06269 
       378.75956 
       403.16876 
       427.51019 
       455.18170 
       480.88804 
       500.74733 
       514.63615 
       525.53425 
       544.89193 
       562.77703 
       583.27352 
       610.65215 
       641.00860 
       671.81239 
       700.88796 
       737.12769 
       772.11257 
       806.13625 
       836.50344 
       863.70706 
       890.65675 
       916.98314 
       948.49796 
       983.49060 
       1020.5816 
       1059.0506 
       1089.2732 
       1114.7594 
       1141.9588 
       1164.6671 
       1187.0165 
       1204.2248 
       1212.9793 
       1212.0601 
       1213.7100 
       1251.8846 
       1289.1714 
       1317.6039 
       1337.1883 
       1349.0180 
       1365.5511 
       1391.6187 
       1426.4629 
       1491.9567 
       1577.4897 
       1627.8718 
       1678.7889 
       1711.0698 
       1688.9415 
       1728.1769 
       1789.3979 
       1857.9745 
       1904.3594 
       1985.5671 
       2095.6645 
       2233.2431 
       2337.6576 
       2426.6694 
       2492.9880 
       2576.4018 
       2605.3150 
       2614.3494 
       2634.8750 
       2619.8661 
       2611.5336 
       2615.7557 
       2640.8850 
       2641.6017 
       2627.8755 
       2801.4369 
       2883.5999 
       2946.0789 
       3031.0305 
       3007.7744 
       3056.1542 
       3131.2637 
       3191.8891 
       3192.2654 
       3180.0837 
       3222.1699 
       3377.2975 
       3406.9593 
       3434.2262 
       3460.3389 
       3465.8680 
       3459.2611 
       3455.1098 
       3469.0874 
rc =       3.0000000 
uno-strad

       0.0000000 
       0.0000000 
       0.0000000 
       0.0000000 
       0.0000000 
       0.0000000 
       0.0000000 
       0.0000000 
       0.0000000 
       0.0000000 
       0.0000000 
       0.0000000 
       0.0000000 
       0.0000000 
       0.0000000 
       0.0000000 
       0.0000000 
       0.0000000 
       0.0000000 
       0.0000000 
       0.0000000 
       0.0000000 
       0.0000000 
       0.0000000 
       0.0000000 
       0.0000000 
       0.0000000 
       0.0000000 
       0.0000000 
       3.8028689 
       7.6145036 
       11.689524 
       16.129630 
       20.871975 
       25.505010 
       29.810635 
       33.232787 
       36.627332 
       39.661316 
       42.355890 
       45.544792 
       48.766015 
       52.239600 
       56.000290 
       61.020784 
       66.546559 
       72.373193 
       79.177514 
       85.339419 
       90.776045 
       96.834434 
       103.07494 
       109.29812 
       116.37267 
       122.94481 
       128.02207 
       131.57292 
       134.36901 
       139.34182 
       143.95808 
       149.26995 
       156.37937 
       164.29958 
       172.38888 
       180.10206 
       189.72572 
       199.11998 
       208.37199 
       216.80613 
       224.55948 
       232.38588 
       240.19599 
       249.47960 
       259.79775 
       270.78974 
       282.26151 
       291.73512 
       300.08686 
       308.94352 
       316.69661 
       324.38107 
       330.75550 
       334.95747 
       336.66106 
       338.98240 
       350.59332 
       361.92899 
       370.94797 
       377.65239 
       382.32761 
       388.16363 
       396.39799 
       406.83169 
       409.50116 
       438.95961 
       459.43540 
       467.18332 
       484.50296 
       480.07197 
       475.49870 
       480.05577 
       479.50960 
       475.95229 
       478.28366 
       473.96266 
       485.40109 
       496.10429 
       506.18407 
       506.50970 
       506.24230 
       516.58675 
       551.55333 
       547.78296 
       544.91761 
       547.49083 
       543.69104 
       560.98641 
       605.20150 
       628.79116 
       626.88227 
       633.38619 
       635.41527 
       635.09274 
       660.20600 
       654.09562 
       655.18725 
       646.62937 
       637.96505 
       635.89405 
       640.61708 
       646.02960 
       650.61484 
       645.03752 
       643.46439 
       636.36011 
       626.79868 
       617.13810 
       607.36303 
rc =       3.0000000 
due-fer

       0.0000000 
       0.0000000 
       0.0000000 
       0.0000000 
       0.0000000 
       0.0000000 
       0.0000000 
       0.0000000 
       0.0000000 
       0.0000000 
       0.0000000 
       0.0000000 
       0.0000000 
       0.0000000 
       0.0000000 
       0.0000000 
       0.0000000 
       0.0000000 
       0.0000000 
       0.0000000 
       0.0000000 
       0.0000000 
       0.0000000 
       0.0000000 
       0.0000000 
       0.0000000 
       0.0000000 
       0.0000000 
       0.0000000 
       2.5849143 
       5.1757869 
       7.9456901 
       10.963752 
       14.187254 
       17.336455 
       20.263106 
       22.589237 
       24.896602 
       26.958884 
       28.790460 
       30.958044 
       33.147598 
       35.508689 
       38.064933 
       41.477500 
       45.233521 
       49.194045 
       53.819128 
       58.007544 
       61.702967 
       65.821021 
       70.062863 
       74.292929 
       79.101697 
       83.568959 
       87.020115 
       89.433722 
       91.334302 
       94.706954 
       97.826807 
       101.40473 
       106.18404 
       111.48693 
       116.87468 
       121.96963 
       128.31966 
       134.46237 
       140.44962 
       145.81488 
       150.64321 
       155.44011 
       160.14032 
       165.75385 
       171.98032 
       178.57727 
       185.41801 
       190.82488 
       195.40494 
       200.27890 
       204.36647 
       208.38465 
       211.50374 
       213.14657 
       213.10036 
       213.49326 
       220.22800 
       226.80869 
       231.84790 
       235.34857 
       237.50253 
       240.47311 
       245.09814 
       251.24399 
       253.64535 
       259.17855 
       262.80676 
       278.27206 
       300.09591 
       296.31679 
       292.47000 
       288.55303 
       284.55800 
       280.47665 
       276.29844 
       272.01146 
       267.60858 
       263.08105 
       258.41865 
       253.61525 
       265.20375 
       291.09516 
       329.09775 
       356.04314 
       373.68341 
       455.79777 
       601.01313 
       788.93386 
       897.54916 
       960.43795 
       992.05120 
       999.52332 
       1069.9457 
       1161.1141 
       1333.7930 
       1535.3088 
       1630.3425 
       1693.4203 
       1723.0485 
       1742.1319 
       1758.1727 
       1796.5384 
       1802.2924 
       1808.7135 
       1806.6565 
       1812.2741 
       1809.7798 
       1812.9433 
       1818.3152 
rc =       3.0000000 
tre-mar

       0.0000000 
       0.0000000 
       0.0000000 
       0.0000000 
       0.0000000 
       0.0000000 
       0.0000000 
       0.0000000 
       0.0000000 
       0.0000000 
       0.0000000 
       0.0000000 
       0.0000000 
       0.0000000 
       0.0000000 
       0.0000000 
       0.0000000 
       0.0000000 
       0.0000000 
       0.0000000 
       0.0000000 
       0.0000000 
       0.0000000 
       0.0000000 
       0.0000000 
       0.0000000 
       0.0000000 
       0.0000000 
       0.0000000 
      0.37575195 
      0.75237003 
       1.1550126 
       1.5937283 
       2.0623076 
       2.5200862 
       2.9455142 
       3.2836485 
       3.6190549 
       3.9188353 
       4.1850794 
       4.5001668 
       4.8184478 
       5.1616641 
       5.5332484 
       6.0293108 
       6.5752988 
       7.1510140 
       7.8233319 
       8.4321743 
       8.9693537 
       9.5679680 
       10.184577 
       10.799473 
       11.498492 
       12.147869 
       12.649541 
       12.999283 
       13.272868 
       13.759248 
       14.207178 
       14.719439 
       15.403570 
       16.160544 
       16.926147 
       17.644824 
       18.540913 
       19.401487 
       20.233632 
       20.969373 
       21.621338 
       22.263448 
       22.886715 
       23.638818 
       24.477437 
       25.368417 
       26.294771 
       27.014235 
       27.615782 
       28.262771 
       28.798634 
       29.327402 
       29.728215 
       29.917255 
       29.863403 
       29.875478 
       30.810231 
       31.722902 
       32.412031 
       32.877598 
       33.147622 
       33.538051 
       34.171220 
       35.027607 
       34.496679 
       33.956168 
       33.406602 
       32.848177 
       41.935994 
       41.358405 
       47.544028 
       59.186914 
       63.133533 
       62.499210 
       63.368566 
       69.235426 
       69.177427 
       69.724526 
       71.757318 
       121.15409 
       123.14197 
       122.81467 
       122.63239 
       122.26952 
       121.95872 
       145.01545 
       144.35530 
       146.52747 
       147.96654 
       148.47116 
       172.16727 
       186.21903 
       187.41527 
       192.49254 
       211.48401 
       233.66264 
       244.01459 
       250.80257 
       253.82996 
       255.64490 
       257.07947 
       260.93681 
       261.08352 
       261.21386 
       260.29452 
       260.09780 
       258.71229 
       257.73294 
       256.75062 
rc =       3.0000000 
qua-com

       0.0000000 
       0.0000000 
       0.0000000 
       0.0000000 
       0.0000000 
       0.0000000 
       0.0000000 
       0.0000000 
       0.0000000 
       0.0000000 
       0.0000000 
       0.0000000 
       0.0000000 
       0.0000000 
       0.0000000 
       0.0000000 
       0.0000000 
       0.0000000 
       0.0000000 
       0.0000000 
       0.0000000 
       0.0000000 
       0.0000000 
       0.0000000 
       0.0000000 
       0.0000000 
       0.0000000 
       0.0000000 
       0.0000000 
      0.49236463 
      0.98586418 
       1.5134648 
       2.0883337 
       2.7023341 
       3.3021819 
       3.8596393 
       4.3027118 
       4.7422099 
       5.1350255 
       5.4838972 
       5.8967703 
       6.3138282 
       6.7635598 
       7.2504635 
       7.9004763 
       8.6159088 
       9.3702942 
       10.251262 
       11.049056 
       11.752946 
       12.537337 
       13.345307 
       14.151034 
       15.066990 
       15.917897 
       16.575260 
       17.034995 
       17.397010 
       18.040849 
       18.638525 
       19.326263 
       20.246733 
       21.272177 
       22.320524 
       23.321519 
       24.571699 
       25.794649 
       27.002421 
       28.108369 
       29.130322 
       30.166553 
       31.206369 
       32.443479 
       33.821889 
       35.296007 
       36.841745 
       38.139435 
       39.303451 
       40.545528 
       41.658233 
       42.775985 
       43.738520 
       44.433976 
       44.819612 
       45.298148 
       46.991388 
       48.659771 
       50.037691 
       51.124023 
       51.954007 
       52.938567 
       54.236001 
       55.819400 
       56.253269 
       56.805604 
       60.335076 
       62.746260 
       66.646255 
       66.290639 
       65.912642 
       67.992789 
       69.206030 
       69.944077 
       74.000867 
       74.676007 
       90.952542 
       93.524538 
       93.392952 
       97.038041 
       97.789406 
       97.359350 
       98.167024 
       99.055327 
       98.482098 
       97.806749 
       97.113212 
       96.441985 
       95.712487 
       94.964630 
       215.79169 
       262.89286 
       317.16021 
       383.42851 
       473.19988 
       643.01294 
       800.87971 
       914.33135 
       1035.1103 
       1153.0741 
       1309.1375 
       1539.8290 
       1690.6340 
       1904.6285 
       2095.6824 
       2228.1989 
       2337.2327 
       2402.9307 
       2484.1800 
rc =       3.0000000 
cin-edpub

       0.0000000 
       0.0000000 
       0.0000000 
       0.0000000 
       0.0000000 
       0.0000000 
       0.0000000 
       0.0000000 
       0.0000000 
       0.0000000 
       0.0000000 
       0.0000000 
       0.0000000 
       0.0000000 
       0.0000000 
       0.0000000 
       0.0000000 
       0.0000000 
       0.0000000 
       0.0000000 
       0.0000000 
       0.0000000 
       0.0000000 
       0.0000000 
       0.0000000 
       0.0000000 
       0.0000000 
       0.0000000 
       0.0000000 
       12.658954 
       25.347087 
       38.911976 
       53.692157 
       69.478432 
       84.900834 
       99.233357 
       110.62499 
       121.92471 
       132.02421 
       140.99388 
       151.60907 
       162.33184 
       173.89468 
       186.41323 
       203.12540 
       221.51955 
       240.91520 
       263.56535 
       284.07704 
       302.17443 
       322.34154 
       343.11487 
       363.83054 
       387.38024 
       409.25751 
       426.15866 
       437.97868 
       447.28628 
       463.83972 
       479.20628 
       496.88839 
       520.55417 
       546.91887 
       573.87243 
       599.60853 
       631.72548 
       663.10850 
       694.05585 
       722.32464 
       748.37681 
       774.72603 
       801.08543 
       832.42677 
       867.29629 
       904.50718 
       943.42438 
       975.80510 
       1004.5727 
       1035.1520 
       1062.1917 
       1089.1300 
       1111.8325 
       1127.4151 
       1134.7700 
       1144.2618 
       1184.7468 
       1224.3655 
       1256.3103 
       1280.5704 
       1298.0661 
       1319.3930 
       1348.6581 
       1385.2093 
       1413.5443 
       1439.8449 
       1514.4399 
       1555.5805 
       1647.2133 
       1634.0157 
       1636.9477 
       1671.4090 
       1717.6239 
       1762.7686 
       1814.8326 
       1839.5341 
       1869.8085 
       1911.8144 
       1949.0760 
       1967.6598 
       2025.7692 
       2092.8718 
       2156.0627 
       2234.6052 
       2310.3140 
       2354.8912 
       2353.3281 
       2333.9877 
       2334.5482 
       2700.5102 
       2776.2728 
       2868.1496 
       2947.2177 
       2969.6060 
       2958.3805 
       2996.8017 
       3025.3703 
       3058.8868 
       3100.0500 
       3134.6475 
       3230.5120 
       3332.3621 
       3493.9846 
       3529.9471 
       3568.5401 
       3636.6879 
       3674.1487 
       3711.2349 
       3755.7810 
rc =       3.0000000 
sei-idr

       0.0000000 
       0.0000000 
       0.0000000 
       0.0000000 
       0.0000000 
       0.0000000 
       0.0000000 
       0.0000000 
       0.0000000 
       0.0000000 
       0.0000000 
       0.0000000 
       0.0000000 
       0.0000000 
       0.0000000 
       0.0000000 
       0.0000000 
       0.0000000 
       0.0000000 
       0.0000000 
       0.0000000 
       0.0000000 
       0.0000000 
       0.0000000 
       0.0000000 
       0.0000000 
       0.0000000 
       0.0000000 
       0.0000000 
       10.346136 
       20.716120 
       31.802674 
       43.882485 
       56.784573 
       69.389269 
       81.103209 
       90.413563 
       99.648805 
       107.90310 
       115.23400 
       123.90977 
       132.67347 
       142.12375 
       152.35513 
       166.01396 
       181.04745 
       196.89947 
       215.41140 
       232.17556 
       246.96651 
       263.44905 
       280.42705 
       297.35791 
       316.60504 
       334.48528 
       348.29856 
       357.92853 
       365.46156 
       378.85379 
       391.18729 
       405.29213 
       424.12934 
       444.97223 
       466.05270 
       485.84110 
       510.51445 
       534.20992 
       557.12259 
       577.38084 
       595.33236 
       613.01252 
       630.17386 
       650.88264 
       673.97357 
       698.50625 
       724.01292 
       743.82298 
       760.38627 
       778.20077 
       792.95549 
       807.51484 
       818.55102 
       823.75615 
       822.27336 
       822.60583 
       848.34377 
       873.47371 
       892.44851 
       905.26767 
       912.70263 
       923.45289 
       940.88685 
       964.46704 
       969.13845 
       993.23672 
       1016.1097 
       1050.9196 
       1154.2252 
       1138.3217 
       1159.0329 
       1179.7642 
       1184.8261 
       1210.9144 
       1227.6348 
       1230.9762 
       1250.2807 
       1289.6705 
       1356.4609 
       1410.3615 
       1448.6950 
       1512.6312 
       1563.0608 
       1598.1374 
       1614.4973 
       1610.1457 
       1680.2539 
       1671.1889 
       1843.4591 
       1937.1031 
       2045.1819 
       2144.7835 
       2268.5257 
       2375.9004 
       2498.4999 
       2609.9237 
       2697.5241 
       2807.7290 
       2851.6858 
       2943.6758 
       3068.3961 
       3166.7127 
       3289.3598 
       3346.7782 
       3388.5479 
       3447.9765 
       3495.0922 
       3565.2353 
       3651.0705 
rc =       3.0000000 
set-igien

       0.0000000 
       0.0000000 
       0.0000000 
       0.0000000 
       0.0000000 
       0.0000000 
       0.0000000 
       0.0000000 
       0.0000000 
       0.0000000 
       0.0000000 
       0.0000000 
       0.0000000 
       0.0000000 
       0.0000000 
       0.0000000 
       0.0000000 
       0.0000000 
       0.0000000 
       0.0000000 
       0.0000000 
       0.0000000 
       0.0000000 
       0.0000000 
       0.0000000 
       0.0000000 
       0.0000000 
       0.0000000 
       0.0000000 
       20.063859 
       40.173965 
       61.673690 
       85.099596 
       110.12011 
       134.56391 
       157.28030 
       175.33551 
       193.24505 
       209.25229 
       223.46881 
       240.29339 
       257.28850 
       275.61506 
       295.45639 
       321.94441 
       351.09828 
       381.83949 
       417.73895 
       450.24903 
       478.93256 
       510.89650 
       543.82127 
       576.65464 
       613.97984 
       648.65430 
       675.44185 
       694.17603 
       708.92815 
       735.10636 
       759.32236 
       787.09389 
       824.19039 
       865.35090 
       907.17012 
       946.71665 
       996.00499 
       1043.6841 
       1090.1566 
       1131.8012 
       1169.2783 
       1206.5113 
       1242.9939 
       1286.5656 
       1334.8949 
       1386.0998 
       1439.1969 
       1481.1645 
       1516.7145 
       1554.5457 
       1586.2731 
       1617.4618 
       1641.6719 
       1654.4234 
       1654.0647 
       1657.1144 
       1709.3888 
       1760.4675 
       1799.5813 
       1826.7532 
       1843.4720 
       1866.5293 
       1902.4284 
       1950.1319 
       2008.1515 
       2077.6004 
       2149.6145 
       2224.1850 
       2329.4150 
       2300.0818 
       2318.2327 
       2403.4387 
       2498.0245 
       2613.4645 
       2689.8640 
       2786.2080 
       2829.9542 
       2880.1965 
       2931.2605 
       2974.5250 
       3057.4690 
       3070.2133 
       3140.1433 
       3202.4336 
       3255.1712 
       3327.7895 
       3435.2737 
       3643.9429 
       3772.2885 
       3830.5486 
       3955.1191 
       4094.0314 
       4200.7448 
       4385.7355 
       4506.6788 
       4539.2927 
       4542.2230 
       4589.2386 
       4578.5209 
       4571.5283 
       4572.1765 
       4578.0619 
       4625.1178 
       4610.8268 
       4594.7983 
       4560.0385 
       4524.7778 
       4475.8449 
       4428.6223 
rc =       3.0000000 
ot-bonif

       0.0000000 
       0.0000000 
       0.0000000 
       0.0000000 
       0.0000000 
       0.0000000 
       0.0000000 
       0.0000000 
       0.0000000 
       0.0000000 
       0.0000000 
       0.0000000 
       0.0000000 
       0.0000000 
       0.0000000 
       0.0000000 
       0.0000000 
       0.0000000 
       0.0000000 
       0.0000000 
       0.0000000 
       0.0000000 
       0.0000000 
       0.0000000 
       0.0000000 
       0.0000000 
       0.0000000 
       0.0000000 
       0.0000000 
       2.9023599 
       5.8114099 
       8.9214766 
       12.310177 
       15.929548 
       19.465493 
       22.751558 
       25.363354 
       27.954079 
       30.269624 
       32.326131 
       34.759909 
       37.218355 
       39.869405 
       42.739574 
       46.571228 
       50.788515 
       55.235419 
       60.428495 
       65.131277 
       69.280525 
       73.904304 
       78.667075 
       83.416622 
       88.815941 
       93.831814 
       97.706796 
       100.41681 
       102.55079 
       106.34606 
       109.86920 
       113.91659 
       119.32678 
       125.34309 
       131.47701 
       137.30859 
       144.57943 
       151.65291 
       158.59273 
       164.87864 
       170.61080 
       176.35943 
       182.05140 
       188.81957 
       196.32524 
       204.29175 
       212.56878 
       219.26558 
       225.05319 
       231.17728 
       236.41729 
       241.57166 
       245.70155 
       248.15615 
       248.69390 
       249.69988 
       257.79966 
       265.70094 
       271.85406 
       276.26564 
       279.15118 
       282.94484 
       288.58891 
       295.93086 
       308.40160 
       319.12578 
       327.62090 
       341.40189 
       353.38474 
       349.47480 
       351.93489 
       374.61229 
       411.04466 
       436.04503 
       456.83087 
       481.90156 
       538.47582 
       572.08455 
       595.27313 
       618.99154 
       621.51180 
       623.36197 
       639.12134 
       654.78486 
       657.32498 
       666.66284 
       677.00096 
       694.64480 
       702.42791 
       704.52854 
       705.97639 
       705.49150 
       712.46235 
       744.96622 
       750.99320 
       752.24374 
       752.90892 
       751.22285 
       749.22565 
       749.81455 
       753.17790 
       759.86758 
       766.22772 
       765.45978 
       767.01239 
       771.68781 
       769.88946 
       773.86330 
       772.01626 
rc =       3.0000000 
nov-al
  rc =         3.0000000 
