
       0.0000000        0.0000000        0.0000000        0.0000000 
       0.0000000        0.0000000        0.0000000        0.0000000 
       0.0000000 
       0.0000000        0.0000000        0.0000000        0.0000000 
       0.0000000        0.0000000        0.0000000        0.0000000 
       0.0000000 
       0.0000000        0.0000000        0.0000000        0.0000000 
       0.0000000        0.0000000        0.0000000        0.0000000 
       0.0000000 
       0.0000000        0.0000000        0.0000000        0.0000000 
       0.0000000        0.0000000        0.0000000        0.0000000 
       0.0000000 
       0.0000000        0.0000000        0.0000000        0.0000000 
       0.0000000        0.0000000        0.0000000        0.0000000 
       0.0000000 
       0.0000000        0.0000000        0.0000000        0.0000000 
       0.0000000        0.0000000        0.0000000        0.0000000 
       0.0000000 
       0.0000000        0.0000000        0.0000000        0.0000000 
       0.0000000        0.0000000        0.0000000        0.0000000 
       0.0000000 
       0.0000000        0.0000000        0.0000000        0.0000000 
       0.0000000        0.0000000        0.0000000        0.0000000 
       0.0000000 
       0.0000000        0.0000000        0.0000000        0.0000000 
       0.0000000        0.0000000        0.0000000        0.0000000 
       0.0000000 
       0.0000000        0.0000000        0.0000000        0.0000000 
       0.0000000        0.0000000        0.0000000        0.0000000 
       0.0000000 
       0.0000000        0.0000000        0.0000000        0.0000000 
       0.0000000        0.0000000        0.0000000        0.0000000 
       0.0000000 
       0.0000000        0.0000000        0.0000000        0.0000000 
       0.0000000        0.0000000        0.0000000        0.0000000 
       0.0000000 
       0.0000000        0.0000000        0.0000000        0.0000000 
       0.0000000        0.0000000        0.0000000        0.0000000 
       0.0000000 
       0.0000000        0.0000000        0.0000000        0.0000000 
       0.0000000        0.0000000        0.0000000        0.0000000 
       0.0000000 
       0.0000000        0.0000000        0.0000000        0.0000000 
       0.0000000        0.0000000        0.0000000        0.0000000 
       0.0000000 
       0.0000000        0.0000000        0.0000000        0.0000000 
       0.0000000        0.0000000        0.0000000        0.0000000 
       0.0000000 
       0.0000000        0.0000000        0.0000000        0.0000000 
       0.0000000        0.0000000        0.0000000        0.0000000 
       0.0000000 
       0.0000000        0.0000000        0.0000000        0.0000000 
       0.0000000        0.0000000        0.0000000        0.0000000 
       0.0000000 
       0.0000000        0.0000000        0.0000000        0.0000000 
       0.0000000        0.0000000        0.0000000        0.0000000 
       0.0000000 
       0.0000000        0.0000000        0.0000000        0.0000000 
       0.0000000        0.0000000        0.0000000        0.0000000 
       0.0000000 
       0.0000000        0.0000000        0.0000000        0.0000000 
       0.0000000        0.0000000        0.0000000        0.0000000 
       0.0000000 
       0.0000000        0.0000000        0.0000000        0.0000000 
       0.0000000        0.0000000        0.0000000        0.0000000 
       0.0000000 
       0.0000000        0.0000000        0.0000000        0.0000000 
       0.0000000        0.0000000        0.0000000        0.0000000 
       0.0000000 
       0.0000000        0.0000000        0.0000000        0.0000000 
       0.0000000        0.0000000        0.0000000        0.0000000 
       0.0000000 
       0.0000000        0.0000000        0.0000000        0.0000000 
       0.0000000        0.0000000        0.0000000        0.0000000 
       0.0000000 
       0.0000000        0.0000000        0.0000000        0.0000000 
       0.0000000        0.0000000        0.0000000        0.0000000 
       0.0000000 
       0.0000000        0.0000000        0.0000000        0.0000000 
       0.0000000        0.0000000        0.0000000        0.0000000 
       0.0000000 
       0.0000000        0.0000000        0.0000000        0.0000000 
       0.0000000        0.0000000        0.0000000        0.0000000 
       0.0000000 
       0.0000000        0.0000000        0.0000000        0.0000000 
       0.0000000        0.0000000        0.0000000        0.0000000 
       0.0000000 
   0.00053705924     0.0011028645    0.00069200714    0.00045222351 
   0.00040805284    0.00026572513    0.00074108566    0.00022295671 
   0.00028185093 
   0.00040392481    0.00082946963    0.00052046187    0.00034011946 
   0.00030689849    0.00019985314    0.00055737406    0.00016768680 
   0.00021198143 
   0.00046485681    0.00095459500    0.00059897347    0.00039142643 
   0.00035319408    0.00023000096    0.00064145386    0.00019298233 
   0.00024395880 
   0.00041388300    0.00084991900    0.00053329311    0.00034850461 
   0.00031446463    0.00020478023    0.00057111531    0.00017182088 
   0.00021720753 
   0.00078088802     0.0016035729     0.0010061834    0.00065753626 
   0.00059331179    0.00038636627     0.0010775439    0.00032418067 
   0.00040981329 
   0.00061095406     0.0012546093    0.00078722148    0.00051444565 
   0.00046419747    0.00030228667    0.00084305279    0.00025363367 
   0.00032063124 
   0.00052619817     0.0010805610    0.00067801253    0.00044307810 
   0.00039980070    0.00026035131    0.00072609852    0.00021844781 
   0.00027615100 
   0.00037764704    0.00077550757    0.00048660265    0.00031799261 
   0.00028693287    0.00018685147    0.00052111348    0.00015677775 
   0.00019819075 
   0.00039133141    0.00080360875    0.00050423511    0.00032951535 
   0.00029733013    0.00019362220    0.00053999647    0.00016245873 
   0.00020537236 
   0.00032176275    0.00066074778    0.00041459508    0.00027093599 
   0.00024447248    0.00015920115    0.00044399898    0.00013357775 
   0.00016886243 
   0.00036251500    0.00074443353    0.00046710483    0.00030525088 
   0.00027543568    0.00017936447    0.00050023283    0.00015049578 
   0.00019024938 
   0.00031658972    0.00065012484    0.00040792957    0.00026658012 
   0.00024054206    0.00015664165    0.00043686075    0.00013143020 
   0.00016614761 
   0.00035758217    0.00073430385    0.00046074882    0.00030109725 
   0.00027168776    0.00017692381    0.00049342604    0.00014844795 
   0.00018766061 
   0.00033110640    0.00067993520    0.00042663448    0.00027880369 
   0.00025157170    0.00016382418    0.00045689225    0.00013745670 
   0.00017376602 
   0.00063704022     0.0013081779    0.00082083381    0.00053641115 
   0.00048401751    0.00031519353    0.00087904898    0.00026446317 
   0.00033432137 
   0.00068500909     0.0014066832    0.00088264226    0.00057680269 
   0.00052046383    0.00033892747    0.00094524100    0.00028437714 
   0.00035949563 
   0.00071412609     0.0014664756    0.00092015986    0.00060132027 
   0.00054258666    0.00035333393    0.00098541942    0.00029646488 
   0.00037477636 
   0.00072382350     0.0014863895    0.00093265508    0.00060948584 
   0.00054995467    0.00035813199    0.00099880083    0.00030049069 
   0.00037986560 
   0.00086419019     0.0017746360     0.0011135192    0.00072767973 
   0.00065660403    0.00042758235     0.0011924922    0.00035876303 
   0.00045353062 
   0.00075936008     0.0015593648    0.00097844439    0.00063940895 
   0.00057695505    0.00037571471     0.0010478376    0.00031524348 
   0.00039851534 
   0.00083244183     0.0017094400     0.0010726111    0.00070094645 
   0.00063248191    0.00041187396     0.0011486828    0.00034558290 
   0.00043686895 
   0.00070959764     0.0014571763    0.00091432489    0.00059750715 
   0.00053914598    0.00035109335    0.00097917063    0.00029458492 
   0.00037239980 
   0.00083435839     0.0017133757     0.0010750806    0.00070256026 
   0.00063393810    0.00041282223     0.0011513274    0.00034637855 
   0.00043787477 
   0.00072429526     0.0014873583    0.00093326295    0.00060988308 
   0.00055031311    0.00035836541    0.00099945181    0.00030068654 
   0.00038011318 
    0.0014795773     0.0030383487     0.0019064527     0.0012458582 
    0.0011241697    0.00073206240     0.0020416621    0.00061423705 
   0.00077648835 
    0.0012774494     0.0026232740     0.0016460085     0.0010756591 
   0.00097059469    0.00063205393     0.0017627467    0.00053032493 
   0.00067041077 
    0.0011839459     0.0024312622     0.0015255282    0.00099692571 
   0.00089955157    0.00058579046     0.0016337217    0.00049150756 
   0.00062133974 
    0.0011486764     0.0023588355     0.0014800831    0.00096722754 
   0.00087275415    0.00056833990     0.0015850535    0.00047686567 
   0.00060283019 
    0.0014022709     0.0028795980     0.0018068425     0.0011807633 
    0.0010654330    0.00069381288     0.0019349874    0.00058214379 
   0.00073591762 
    0.0024453969     0.0050216832     0.0031509226     0.0020591136 
    0.0018579908     0.0012099287     0.0033743923     0.0010151909 
    0.0012833545 
    0.0040145179     0.0082439120     0.0051727535     0.0033803708 
    0.0030501950     0.0019862954     0.0055396154     0.0016666014 
    0.0021068358 
    0.0038099935     0.0078239161     0.0049092214     0.0032081538 
    0.0028947992     0.0018851012     0.0052573931     0.0015816944 
    0.0019995005 
    0.0049227145      0.010108916     0.0063429755     0.0041451056 
    0.0037402348     0.0024356512     0.0067928319     0.0020436335 
    0.0025834612 
    0.0042836890     0.0087966617     0.0055195837     0.0036070228 
    0.0032547089     0.0021194754     0.0059110435     0.0017783461 
    0.0022480979 
    0.0081376751      0.016710918      0.010485490     0.0068522199 
    0.0061829333     0.0040263432      0.011229142     0.0033783038 
    0.0042706859 
    0.0079794302      0.016385958      0.010281590     0.0067189719 
    0.0060627002     0.0039480470      0.011010780     0.0033126094 
    0.0041876383 
    0.0091896752      0.018871226      0.011841004     0.0077380424 
    0.0069822336     0.0045468497      0.012680792     0.0038150349 
    0.0048227799 
    0.0071595586      0.014702331     0.0092251753     0.0060286100 
    0.0054397690     0.0035423926     0.0098794431     0.0029722449 
    0.0037573662 
    0.0067015503      0.013761800     0.0086350264     0.0056429504 
    0.0050917785     0.0033157801     0.0092474396     0.0027821058 
    0.0035170016 
    0.0055214488      0.011338432     0.0071144516     0.0046492617 
    0.0041951477     0.0027318917     0.0076190226     0.0022921941 
    0.0028976794 
    0.0063238726      0.012986229     0.0081483842     0.0053249319 
    0.0048048223     0.0031289135     0.0087262837     0.0026253153 
    0.0033187948 
    0.0043558378     0.0089448211     0.0056125482     0.0036677747 
    0.0033095269     0.0021551730     0.0060106013     0.0018082982 
    0.0022859619 
    0.0044816965     0.0092032749     0.0057747186     0.0037737523 
    0.0034051532     0.0022174451     0.0061842731     0.0018605476 
    0.0023520130 
    0.0043354244     0.0089029016     0.0055862453     0.0036505858 
    0.0032940170     0.0021450729     0.0059824329     0.0017998237 
    0.0022752488 
    0.0086103179      0.017681501      0.011094496     0.0072502024 
    0.0065420431     0.0042601965      0.011881339     0.0035745184 
    0.0045187308 
    0.0073499624      0.015093330     0.0094705129     0.0061889370 
    0.0055844362     0.0036366002      0.010142181     0.0030512899 
    0.0038572910 
    0.0073855673      0.015166446     0.0095163902     0.0062189176 
    0.0056114885     0.0036542167      0.010191312     0.0030660710 
    0.0038759766 
    0.0061052938      0.012537372     0.0078667427     0.0051408805 
    0.0046387480     0.0030207655     0.0084246678     0.0025345737 
    0.0032040837 
    0.0059678040      0.012255034     0.0076895856     0.0050251091 
    0.0045342845     0.0029527385     0.0082349463     0.0024774957 
    0.0031319285 
    0.0061649742      0.012659927     0.0079436417     0.0051911336 
    0.0046840926     0.0030502940     0.0085070205     0.0025593496 
    0.0032354042 
    0.0084452568      0.017342544      0.010881813     0.0071112149 
    0.0064166311     0.0041785278      0.011653572     0.0035059943 
    0.0044321060 
    0.0067793867      0.013921639     0.0087353194     0.0057084914 
    0.0051509178     0.0033542918     0.0093548456     0.0028144190 
    0.0035578504 
    0.0071516433      0.014686077     0.0092149764     0.0060219451 
    0.0054337551     0.0035384762     0.0098685208     0.0029689590 
    0.0037532123 
    0.0072429526      0.014873583     0.0093326295     0.0060988308 
    0.0055031311     0.0035836541     0.0099945181     0.0030068654 
    0.0038011318 
     0.016439748      0.033759430      0.021182808      0.013842869 
     0.012490774     0.0081340266      0.022685135     0.0068248561 
    0.0086276483 
     0.042581646      0.087442467      0.054866951      0.035855303 
     0.032353157      0.021068465      0.058758225      0.017677498 
     0.022347026 
      0.27437476       0.56343538       0.35353510       0.23103358 
      0.20846751       0.13575461       0.37860852       0.11390493 
      0.14399302 
      0.40439704       0.83043935       0.52107034       0.34051709 
      0.30725728       0.20008679       0.55802568       0.16788284 
      0.21222926 
      0.41089798       0.84378919       0.52944687       0.34599112 
      0.31219664       0.20330331       0.56699630       0.17058167 
      0.21564098 
      0.30631813       0.62903188       0.39469451       0.25793107 
      0.23273780       0.15155949       0.42268703       0.12716601 
      0.16075704 
      0.31552231       0.64793288       0.40655420       0.26568132 
      0.23973105       0.15611352       0.43538783       0.13098707 
      0.16558742 
      0.30785621       0.63219036       0.39667634       0.25922618 
      0.23390641       0.15232050       0.42480941       0.12780454 
      0.16156422 
      0.43744219       0.89829838       0.56364940       0.36834231 
      0.33236469       0.21643680       0.60362453       0.18160133 
      0.22957149 
      0.45527130       0.93491090       0.58662242       0.38335508 
      0.34591109       0.22525825       0.62822684       0.18900297 
      0.23892828 
      0.82867442        1.7988926        1.5891505        1.0011005 
       1.0139681       0.73216731        1.6174592       0.44779301 
      0.48639585 
      0.97852742        2.4514018        1.4995615       0.85398756 
      0.82094638       0.56297097        1.6266430       0.53501304 
      0.62142845 
      0.43842347       0.75702059       0.39472210       0.38062488 
      0.39754154       0.20581938       0.54556233       0.16775689 
      0.21427771 
      0.96452038        2.0908644        1.3755011       0.90672621 
      0.81682418       0.34676498        1.4872365       0.42639250 
      0.65885347 
       1.2055079        3.2916711        1.8717097        1.5735051 
       1.1039915       0.58245067        1.3374793       0.63955368 
      0.66366383 
       1.4595468        1.6853400       0.85077858       0.25698004 
      0.33931345       0.48152571        1.5019610       0.22828809 
      0.44160648 
       1.9953634        1.7487881        1.2391991       0.34141199 
      0.40084297       0.38440461        2.1673339       0.20990515 
       1.0925184 
      0.76324349        1.5569659        1.2509065       0.26796069 
      0.54481108       0.80896190        1.0667629       0.47750341 
      0.41781549 
      0.64215809        2.4955972        1.4331425       0.61735370 
      0.64629215       0.46439329        1.6935886       0.51538010 
      0.34588343 
      0.51812001        1.5959707        1.3758368       0.94899183 
      0.86174364       0.44026778        1.6456351       0.48993213 
      0.57449576 
      0.50271718        3.2224032        1.2045716       0.42334078 
      0.50550232       0.44701445        1.3772501       0.26598056 
      0.44562188 
       1.0422680        2.8031700        1.5053139       0.58752052 
      0.84476821       0.40661731        1.9650404       0.29210060 
      0.56926424 
       1.6928615        3.1088531        2.6136516       0.26104874 
       1.6279948       0.42558854        2.5424565        1.2039884 
       1.4903510 
       1.9472189        3.3802017        3.4424341       0.81065884 
       2.4123242        1.7932756        3.1443737        1.2249956 
       1.5721868 
      0.71494911        1.6339969        18.493270        1.0494777 
       2.4298608       0.73547974        1.5301360       0.38525129 
       1.2680685 
      0.92180065        2.0746693        2.2946164        1.2566639 
      0.79452791       0.56840255        2.1302739       0.32992061 
       1.0045897 
       1.7126752        2.4551089        2.5223533        2.0090997 
       1.0018052        1.0498369        3.0507026       0.48580690 
       1.5246652 
       1.0074377        2.9603168        3.2483406        1.8456774 
       1.3845810        1.9761277        1.8573017        1.1262636 
       1.8560101 
       1.9796004        3.0011899        5.8145344        4.9070971 
      0.86986822        1.6414789        1.0663833       0.61555459 
       2.2974925 
       2.3485658        5.7405797        6.0248628        3.9153532 
       2.3421048        1.6637020        6.8147174        1.3374226 
       2.6183117 
       2.5504375        1.1878750        6.3062187        1.5993611 
       1.9215625       0.90061110        3.1521389       0.52600347 
       1.4984305 
       2.2294703        2.1243699        8.0055201        1.4333906 
       1.2969837       0.56798942        4.8659251       0.82738616 
       3.5778861 
       3.4104147        2.0238186        10.950031        2.7477033 
       1.6797184        1.2260160        18.423376        3.4588436 
       7.3764874 
       4.4889447        3.3072261        6.8391637       0.76137578 
       1.1129834        1.5439009        12.263966        4.1109005 
       3.8359592 
       9.9620869        4.8620891        6.2184424       0.45120624 
      0.50042874        1.5860583        22.130983        1.7227875 
       7.7005865 
       15.553993        6.3023449        5.4891391       0.23766226 
      0.62422135        4.4096371        35.463218        2.5255194 
       10.124985 
       7.1309617        20.668943        7.5817921        4.5592680 
       1.9705864        10.877428        7.2655574       0.80888130 
       8.3553910 
       3.6276255        8.1605078        6.6508667        3.2093071 
       2.6484701        6.8422110        27.112839        2.1087470 
       12.191936 
       9.3278258        8.8915937        7.2247565        2.0303639 
       1.4904595        5.4313581        50.410382        1.1929061 
       7.3082330 
       5.6999322        9.5706431        4.2674095        2.1319649 
      0.96390794        5.1605613        42.707734        4.2975679 
       8.9175984 
       15.873954        16.197080        7.7367787        0.0000000 
       2.3377519        4.4057632        12.927880        1.5018370 
       10.539552 
       17.509009        43.770237        25.714310        6.4289583 
       12.096192        9.0492920        30.869664        7.3674034 
       20.900208 
       12.181307        27.514119        27.286646        4.8633088 
       13.347465        6.0899338        28.549264        5.6450663 
       13.887353 
       26.108703        30.830225        33.762376        11.483612 
       21.604261        5.5107691        56.228761        6.5419062 
       7.8893621 
       21.530030        46.620400        37.089191        7.1467761 
       11.382325        4.9547936        52.309117        5.3005528 
       7.7534855 
       34.290978        66.601784        31.585162        8.7281833 
       15.301473        5.4934824        70.462962        6.7165299 
       4.5175629 
       47.711324        105.39247        37.269217        7.5618960 
       21.860982        2.9893372        175.07569        8.5171959 
       10.862511 
       44.771273        132.82099        62.478549        4.5904894 
       26.673891        8.3273833        198.89932        8.5282293 
       14.499535 
       25.359900        46.656901        57.224024        15.073492 
       13.704261        10.814988        138.05796        8.2213619 
       15.369139 
       15.997876        74.984843        96.201714        28.263555 
       9.6697847        8.7287331        83.772792        6.4113137 
       12.188858 
       27.560281        53.638706        41.246870        30.709226 
       10.165309        5.6467704        74.452051        5.4297309 
       10.518934 
       49.020823        59.194990        48.901467        47.071347 
       23.460624        9.1451765        74.803457        11.036783 
       22.417166 
       81.735524        51.709372        53.931230        40.305902 
       23.927004        10.126266        75.652820        26.876083 
       41.265175 
       119.72473        155.52158        60.601923        89.506365 
       36.294318        11.025954        115.59119        38.658243 
       42.761410 
       70.766514        193.92573        54.541022        73.721400 
       16.357407        9.9953555        74.588267        25.157993 
       19.159649 
