
       0.0000000        0.0000000        0.0000000        0.0000000 
       0.0000000        0.0000000        0.0000000        0.0000000 
       0.0000000 
       0.0000000        0.0000000        0.0000000        0.0000000 
       0.0000000        0.0000000        0.0000000        0.0000000 
       0.0000000 
       0.0000000        0.0000000        0.0000000        0.0000000 
       0.0000000        0.0000000        0.0000000        0.0000000 
       0.0000000 
       0.0000000        0.0000000        0.0000000        0.0000000 
       0.0000000        0.0000000        0.0000000        0.0000000 
       0.0000000 
       0.0000000        0.0000000        0.0000000        0.0000000 
       0.0000000        0.0000000        0.0000000        0.0000000 
       0.0000000 
       0.0000000        0.0000000        0.0000000        0.0000000 
       0.0000000        0.0000000        0.0000000        0.0000000 
       0.0000000 
       0.0000000        0.0000000        0.0000000        0.0000000 
       0.0000000        0.0000000        0.0000000        0.0000000 
       0.0000000 
       0.0000000        0.0000000        0.0000000        0.0000000 
       0.0000000        0.0000000        0.0000000        0.0000000 
       0.0000000 
       0.0000000        0.0000000        0.0000000        0.0000000 
       0.0000000        0.0000000        0.0000000        0.0000000 
       0.0000000 
       0.0000000        0.0000000        0.0000000        0.0000000 
       0.0000000        0.0000000        0.0000000        0.0000000 
       0.0000000 
       0.0000000        0.0000000        0.0000000        0.0000000 
       0.0000000        0.0000000        0.0000000        0.0000000 
       0.0000000 
       0.0000000        0.0000000        0.0000000        0.0000000 
       0.0000000        0.0000000        0.0000000        0.0000000 
       0.0000000 
       0.0000000        0.0000000        0.0000000        0.0000000 
       0.0000000        0.0000000        0.0000000        0.0000000 
       0.0000000 
       0.0000000        0.0000000        0.0000000        0.0000000 
       0.0000000        0.0000000        0.0000000        0.0000000 
       0.0000000 
       0.0000000        0.0000000        0.0000000        0.0000000 
       0.0000000        0.0000000        0.0000000        0.0000000 
       0.0000000 
       0.0000000        0.0000000        0.0000000        0.0000000 
       0.0000000        0.0000000        0.0000000        0.0000000 
       0.0000000 
       0.0000000        0.0000000        0.0000000        0.0000000 
       0.0000000        0.0000000        0.0000000        0.0000000 
       0.0000000 
       0.0000000        0.0000000        0.0000000        0.0000000 
       0.0000000        0.0000000        0.0000000        0.0000000 
       0.0000000 
       0.0000000        0.0000000        0.0000000        0.0000000 
       0.0000000        0.0000000        0.0000000        0.0000000 
       0.0000000 
       0.0000000        0.0000000        0.0000000        0.0000000 
       0.0000000        0.0000000        0.0000000        0.0000000 
       0.0000000 
       0.0000000        0.0000000        0.0000000        0.0000000 
       0.0000000        0.0000000        0.0000000        0.0000000 
       0.0000000 
       0.0000000        0.0000000        0.0000000        0.0000000 
       0.0000000        0.0000000        0.0000000        0.0000000 
       0.0000000 
       0.0000000        0.0000000        0.0000000        0.0000000 
       0.0000000        0.0000000        0.0000000        0.0000000 
       0.0000000 
       0.0000000        0.0000000        0.0000000        0.0000000 
       0.0000000        0.0000000        0.0000000        0.0000000 
       0.0000000 
       0.0000000        0.0000000        0.0000000        0.0000000 
       0.0000000        0.0000000        0.0000000        0.0000000 
       0.0000000 
       0.0000000        0.0000000        0.0000000        0.0000000 
       0.0000000        0.0000000        0.0000000        0.0000000 
       0.0000000 
       0.0000000        0.0000000        0.0000000        0.0000000 
       0.0000000        0.0000000        0.0000000        0.0000000 
       0.0000000 
       0.0000000        0.0000000        0.0000000        0.0000000 
       0.0000000        0.0000000        0.0000000        0.0000000 
       0.0000000 
       0.0000000        0.0000000        0.0000000        0.0000000 
       0.0000000        0.0000000        0.0000000        0.0000000 
       0.0000000 
   0.00035336535    0.00087429879    0.00057001196    0.00041856967 
   0.00049218745    0.00020262418    0.00057912655    0.00018229165 
   0.00021314100 
   0.00026576776    0.00065756429    0.00042870871    0.00031480824 
   0.00037017653    0.00015239461    0.00043556383    0.00013710242 
   0.00016030437 
   0.00030585879    0.00075675777    0.00049337936    0.00036229702 
   0.00042601760    0.00017538332    0.00050126858    0.00015778430 
   0.00018448626 
   0.00027231988    0.00067377559    0.00043927791    0.00032256939 
   0.00037930270    0.00015615168    0.00044630203    0.00014048248 
   0.00016425644 
   0.00051379577     0.0012712368    0.00082880151    0.00060860333 
   0.00071564411    0.00029461702    0.00084205418    0.00026505337 
   0.00030990856 
   0.00040198544    0.00099459492    0.00064844079    0.00047616132 
   0.00055990829    0.00023050355    0.00065880946    0.00020737344 
   0.00024246741 
   0.00034621916    0.00085661765    0.00055848448    0.00041010484 
   0.00048223383    0.00019852646    0.00056741474    0.00017860512 
   0.00020883061 
   0.00024847795    0.00061478572    0.00040081860    0.00029432805 
   0.00034609429    0.00014248041    0.00040722775    0.00012818307 
   0.00014987559 
   0.00025748176    0.00063706301    0.00041534260    0.00030499328 
   0.00035863531    0.00014764331    0.00042198400    0.00013282789 
   0.00015530646 
   0.00021170812    0.00052380959    0.00034150537    0.00025077331 
   0.00029487917    0.00012139613    0.00034696609    0.00010921451 
   0.00012769696 
   0.00023852162    0.00059015170    0.00038475808    0.00028253453 
   0.00033222654    0.00013677132    0.00039091043    0.00012304687 
   0.00014387018 
   0.00020830446    0.00051538822    0.00033601494    0.00024674160 
   0.00029013836    0.00011944442    0.00034138787    0.00010745865 
   0.00012564396 
   0.00023527599    0.00058212136    0.00037952259    0.00027869002 
   0.00032770585    0.00013491024    0.00038559121    0.00012137254 
   0.00014191250 
   0.00021785591    0.00053902047    0.00035142233    0.00025805551 
   0.00030344216    0.00012492134    0.00035704163    0.00011238598 
   0.00013140515 
   0.00041914918     0.0010370616    0.00067612755    0.00049649218 
   0.00058381493    0.00024034546    0.00068693894    0.00021622775 
   0.00025282014 
   0.00045071094     0.0011151519    0.00072703967    0.00053387784 
   0.00062777595    0.00025844338    0.00073866515    0.00023250961 
   0.00027185739 
   0.00046986886     0.0011625525    0.00075794323    0.00055657086 
   0.00065446020    0.00026942877    0.00077006286    0.00024239267 
   0.00028341297 
   0.00047624940     0.0011783393    0.00076823564    0.00056412876 
   0.00066334738    0.00027308746    0.00078051985    0.00024568422 
   0.00028726154 
   0.00056860556     0.0014068475    0.00091721491    0.00067352682 
   0.00079198631    0.00032604565    0.00093188133    0.00029332826 
   0.00034296843 
   0.00049963118     0.0012361906    0.00080595267    0.00059182503 
   0.00069591485    0.00028649486    0.00081883998    0.00025774624 
   0.00030136484 
   0.00054771630     0.0013551631    0.00088351855    0.00064878299 
   0.00076289056    0.00031406748    0.00089764615    0.00028255206 
   0.00033036856 
   0.00046688931     0.0011551805    0.00075313692    0.00055304150 
   0.00065031010    0.00026772026    0.00076517970    0.00024085559 
   0.00028161577 
   0.00054897732     0.0013582832    0.00088555271    0.00065027671 
   0.00076464699    0.00031479057    0.00089971283    0.00028320259 
   0.00033112918 
   0.00047655981     0.0011791073    0.00076873635    0.00056449644 
   0.00066377973    0.00027326544    0.00078102857    0.00024584434 
   0.00028744877 
   0.00097350778     0.0024086591     0.0015703608     0.0011531431 
    0.0013559573    0.00055822172     0.0015954711    0.00050220639 
   0.00058719517 
   0.00084051499     0.0020796075     0.0013558307    0.00099561002 
    0.0011707173    0.00048196197     0.0013775107    0.00043359900 
   0.00050697730 
   0.00077899311     0.0019273897     0.0012565901    0.00092273589 
    0.0010850261    0.00044668454     0.0012766832    0.00040186153 
   0.00046986886 
   0.00075578710     0.0018699732     0.0012191566    0.00089524782 
    0.0010527035    0.00043337792     0.0012386511    0.00038989017 
   0.00045587159 
   0.00092264298     0.0022828091     0.0014883110     0.0010928926 
    0.0012851099    0.00052905520     0.0015121093    0.00047596662 
   0.00055651482 
    0.0016089818     0.0039809529     0.0025954408     0.0019058772 
    0.0022410817    0.00092261058     0.0026369423    0.00083003028 
   0.00097049694 
    0.0026414060     0.0065353835     0.0042608395     0.0031288083 
    0.0036791012     0.0015146158     0.0043289710     0.0013626301 
    0.0015932290 
    0.0025068364     0.0062024307     0.0040437659     0.0029694075 
    0.0034916651     0.0014374519     0.0041084264     0.0012932093 
    0.0015120601 
    0.0032389662     0.0080138708     0.0052247610     0.0038366326 
    0.0045114172     0.0018572644     0.0053083058     0.0016708953 
    0.0019536622 
    0.0028185108     0.0069735773     0.0045465264     0.0033385932 
    0.0039257829     0.0016161699     0.0046192260     0.0014539937 
    0.0017000541 
    0.0053542928      0.013247625     0.0086369842     0.0063422873 
    0.0074577650     0.0030702195     0.0087750910     0.0027621352 
    0.0032295734 
    0.0052501734      0.012990012     0.0084690297     0.0062189554 
    0.0073127415     0.0030105161     0.0086044508     0.0027084228 
    0.0031667712 
    0.0060464704      0.014960215     0.0097535326     0.0071621881 
    0.0084218694     0.0034671229     0.0099094931     0.0031192109 
    0.0036470774 
    0.0047107278      0.011655313     0.0075988526     0.0055799693 
    0.0065613709     0.0027011912     0.0077203595     0.0024301374 
    0.0028413914 
    0.0044093752      0.010909704     0.0071127421     0.0052230099 
    0.0061416297     0.0025283917     0.0072264760     0.0022746777 
    0.0026596231 
    0.0036329115     0.0089885726     0.0058602322     0.0043032701 
    0.0050601267     0.0020831576     0.0059539382     0.0018741210 
    0.0021912799 
    0.0041608770      0.010294868     0.0067118909     0.0049286579 
    0.0057955073     0.0023858997     0.0068192151     0.0021464842 
    0.0025097353 
    0.0028659821     0.0070910311     0.0046231020     0.0033948240 
    0.0039919036     0.0016433905     0.0046970262     0.0014784828 
    0.0017286876 
    0.0029487925     0.0072959211     0.0047566831     0.0034929149 
    0.0041072467     0.0016908750     0.0048327432     0.0015212025 
    0.0017786367 
    0.0028525508     0.0070577993     0.0046014361     0.0033789143 
    0.0039731957     0.0016356888     0.0046750138     0.0014715540 
    0.0017205862 
    0.0056652745      0.014017058     0.0091386272     0.0067106525 
    0.0078909180     0.0032485403     0.0092847554     0.0029225622 
    0.0034171497 
    0.0048360066      0.011965278     0.0078009392     0.0057283650 
    0.0067358663     0.0027730276     0.0079256775     0.0024947653 
    0.0029169564 
    0.0048594333      0.012023241     0.0078387287     0.0057561145 
    0.0067684964     0.0027864608     0.0079640713     0.0025068505 
    0.0029310868 
    0.0040170601     0.0099390357     0.0064799006     0.0047583034 
    0.0055951909     0.0023034333     0.0065835152     0.0020722929 
    0.0024229886 
    0.0039265969     0.0097152110     0.0063339747     0.0046511475 
    0.0054691885     0.0022515605     0.0064352560     0.0020256254 
    0.0023684235 
    0.0040563277      0.010036192     0.0065432428     0.0048048167 
    0.0056498849     0.0023259498     0.0066478703     0.0020925500 
    0.0024466738 
    0.0055566702      0.013748349     0.0089634383     0.0065820082 
    0.0077396478     0.0031862653     0.0091067651     0.0028665362 
    0.0033516424 
    0.0044605886      0.011036417     0.0071953543     0.0052836734 
    0.0062129627     0.0025577582     0.0073104091     0.0023010973 
    0.0026905138 
    0.0047055199      0.011642427     0.0075904517     0.0055738003 
    0.0065541169     0.0026982048     0.0077118242     0.0024274507 
    0.0028382501 
    0.0047655981      0.011791073     0.0076873635     0.0056449644 
    0.0066377973     0.0027326544     0.0078102857     0.0024584434 
    0.0028744877 
     0.010816753      0.026762879      0.017448453      0.012812702 
     0.015066192     0.0062024636      0.017727456     0.0055800710 
    0.0065243907 
     0.028017167      0.069320252      0.045194358      0.033187001 
     0.039023911      0.016065399      0.045917023      0.014453300 
     0.016899243 
      0.18052856       0.44666492       0.29120977       0.21384038 
      0.25145050       0.10351737       0.29586626      0.093129815 
      0.10889025 
      0.26607847       0.65833304       0.42920991       0.31517628 
      0.37060930       0.15257277       0.43607305       0.13726270 
      0.16049178 
      0.27035585       0.66891616       0.43610973       0.32024294 
      0.37656708       0.15502548       0.44308320       0.13946929 
      0.16307178 
      0.20154613       0.49866673       0.32511311       0.23873620 
      0.28072497       0.11556911       0.33031172       0.10397221 
      0.12156751 
      0.20760214       0.51365054       0.33488203       0.24590968 
      0.28916013       0.11904171       0.34023685       0.10709634 
      0.12522034 
      0.20255813       0.50117061       0.32674556       0.23993493 
      0.28213454       0.11614940       0.33197027       0.10449427 
      0.12217792 
      0.28782097       0.71212847       0.46428263       0.34093079 
      0.40089349       0.16504020       0.47170659       0.14847907 
      0.17360630 
      0.29955187       0.74115315       0.48320570       0.35482633 
      0.41723297       0.17176685       0.49093224       0.15453073 
      0.18068208 
      0.58933678        1.2790410        1.1297766       0.71157912 
      0.72058645       0.51985165        1.1503648       0.31911686 
      0.34613885 
      0.56932504        1.4233126       0.87177897       0.49561778 
      0.47782638       0.32659941       0.94548623       0.31007882 
      0.36091141 
       1.1757080        2.0285896        1.0587011        1.0192288 
       1.0643399       0.55120121        1.4618815       0.44970125 
      0.57516648 
      0.59463773        1.2894520       0.84893205       0.55867692 
      0.50345138       0.21448056       0.91700073       0.26328452 
      0.40584346 
      0.69792564        1.9059715        1.0836882       0.91111020 
      0.63955368       0.33754222       0.77406298       0.37053507 
      0.38449358 
      0.33806598        1.7714158        1.3061073       0.94808171 
       2.0296433       0.30687908        1.1925870       0.31436393 
      0.30563160 
      0.27565857        1.7905162        1.1405689       0.83709162 
      0.48682821       0.48177025        2.0320336       0.69167540 
      0.31359324 
      0.94992700        4.0270301        1.4198107       0.75181388 
       1.0362840       0.38352668        1.7652387       0.51687205 
      0.50798235 
      0.95496900        4.0679199        1.7128809        1.2154151 
      0.70279104       0.26733620        1.8231226       0.38722408 
      0.42994275 
      0.96644147        4.3463020        2.0322116        1.0536897 
      0.93422675       0.29664384        2.5530162       0.33154311 
      0.40134166 
      0.86060725        2.2698864        2.3436926       0.34953466 
      0.51525030       0.25623258        1.5443583       0.26876569 
      0.52917598 
      0.30537790        1.5252298        3.0288841       0.46470550 
      0.75846576       0.23899140        1.9915950       0.35184845 
      0.51117605 
       1.2324665        3.7591018        6.2003030        2.1137037 
       1.2672730        1.5884420        2.9269101       0.96667138 
       1.0078063 
       2.2403663        5.0539256        7.2402480        1.5623607 
      0.96460214        2.1371915        2.2223516       0.70748408 
       1.5492591 
       1.5579128        2.4467684        1.8900259        1.9624870 
       1.7112887        1.5168515        2.2873541       0.57727310 
       1.2185535 
      0.54863202        2.6480145        1.4729040        1.5334512 
       1.3864079       0.77105041        2.7308035       0.34351284 
      0.95516341 
      0.85496525        7.4847199        2.9313094        3.1440215 
       2.6746826        2.9848305        4.1746457       0.51462595 
       1.1719748 
       3.5363645        3.5660710        2.2538189        1.9761277 
       1.1107646        1.1236805        1.9141315       0.68712414 
       1.2037588 
       1.6371440        2.3177220        3.2583934        3.1977049 
       1.1762005        1.0895027        4.3753504       0.78317039 
       1.1545261 
      0.86577116        2.1450450        2.4535567        5.0573312 
      0.74785830        1.3422684        14.483899        1.5506349 
       1.5296367 
      0.86761458        3.0900278        4.1226250        3.8819444 
       2.8978715        1.1936979        2.1797118       0.47942014 
       1.1704062 
       4.5439153        9.5238855        8.5668010        8.5690372 
       7.6522039        1.7867069        10.145543        1.4177374 
       25.655679 
       4.5727085        10.695142        8.1105677        10.409666 
       7.7282342       0.70604250        19.182945        8.3960433 
       37.239281 
       3.9417059        10.257424        8.6183509        6.0302020 
       5.7816974        3.2358471        13.146951        6.9237610 
       12.409368 
       4.3097033        9.5765107        8.0834282        5.7863782 
       9.6448752        1.1293829        11.403212        4.4737783 
       20.077310 
       6.7289916        12.415705        7.1355945        3.0466583 
       12.043463        3.1382872        18.271360        6.5629144 
       26.397691 
       4.8166987        47.183000        26.007037        12.414172 
       14.809454        7.4942395        20.807459        6.0345943 
       36.187964 
       3.6012332        61.511279        23.006192        8.2753144 
       40.954295        3.6685336        39.626761        10.737719 
       35.411906 
       12.222575        41.112177        24.787135        68.042773 
       39.083159        3.3148249        49.173045        20.111105 
       31.531229 
       16.403834        113.10085        40.247506        15.081506 
       25.830645        5.5421807        80.557649        20.861473 
       93.015377 
       11.608680        103.39776        184.27639        0.0000000 
       16.844739        4.6389765        59.770023        11.419019 
       48.702228 
       8.1230345        48.959107        81.407065        22.100687 
       13.516047        4.5733964        18.386516        2.7559208 
       21.066264 
       13.465520        64.898826        54.679831        11.550718 
       7.4446921        2.1581113        34.906982        10.833747 
       21.211110 
       19.974600        126.95547        42.061092        83.630650 
       11.844897        8.0010040        77.329084        4.6098808 
       21.630621 
       5.7409064        67.369210        71.714033        49.092904 
       8.0845662        7.6703076        46.925386        82.985454 
       30.547493 
       13.810835        234.51031        73.335628        6.5307903 
       8.7911458       0.34786808        30.443966       0.27073896 
       25.625757 
       34.321026        40.022413        71.806706        22.399456 
       20.787611        8.9322325        77.585018        4.7156749 
       17.413649 
       28.840710        85.403959        80.249556        12.508456 
       78.123293        9.8530403        96.552842        9.4706604 
       34.520403 
       11.479446        44.088658        53.743458        14.400075 
       28.046103        37.739724        112.82498        10.877701 
       14.715133 
       37.269162        73.021118        36.849850        50.287041 
       11.646313        26.991215        99.917908        5.9215828 
       11.263811 
       24.104488        54.729517        19.426911        19.483042 
       14.382612        27.635122        71.462144        7.5252852 
       11.755685 
       20.552686        28.780994        33.010886        22.234516 
       18.011856        13.313583        36.354654        3.1575001 
       16.396938 
       54.026244        51.239785        60.035859        52.666817 
       19.322495        10.647014        57.052064        33.523387 
       33.019083 
       43.424068        33.214570        53.504452        41.546219 
       18.514564        14.394310        56.924073        14.963930 
       11.857600 
       29.040051        46.343473        28.861024        21.221285 
       8.9683063        11.290003        59.612195        11.448300 
       12.978509 
