
       0.0000000        0.0000000        0.0000000        0.0000000 
       0.0000000        0.0000000        0.0000000        0.0000000 
       0.0000000 
       0.0000000        0.0000000        0.0000000        0.0000000 
       0.0000000        0.0000000        0.0000000        0.0000000 
       0.0000000 
       0.0000000        0.0000000        0.0000000        0.0000000 
       0.0000000        0.0000000        0.0000000        0.0000000 
       0.0000000 
       0.0000000        0.0000000        0.0000000        0.0000000 
       0.0000000        0.0000000        0.0000000        0.0000000 
       0.0000000 
       0.0000000        0.0000000        0.0000000        0.0000000 
       0.0000000        0.0000000        0.0000000        0.0000000 
       0.0000000 
       0.0000000        0.0000000        0.0000000        0.0000000 
       0.0000000        0.0000000        0.0000000        0.0000000 
       0.0000000 
       0.0000000        0.0000000        0.0000000        0.0000000 
       0.0000000        0.0000000        0.0000000        0.0000000 
       0.0000000 
       0.0000000        0.0000000        0.0000000        0.0000000 
       0.0000000        0.0000000        0.0000000        0.0000000 
       0.0000000 
       0.0000000        0.0000000        0.0000000        0.0000000 
       0.0000000        0.0000000        0.0000000        0.0000000 
       0.0000000 
       0.0000000        0.0000000        0.0000000        0.0000000 
       0.0000000        0.0000000        0.0000000        0.0000000 
       0.0000000 
       0.0000000        0.0000000        0.0000000        0.0000000 
       0.0000000        0.0000000        0.0000000        0.0000000 
       0.0000000 
       0.0000000        0.0000000        0.0000000        0.0000000 
       0.0000000        0.0000000        0.0000000        0.0000000 
       0.0000000 
       0.0000000        0.0000000        0.0000000        0.0000000 
       0.0000000        0.0000000        0.0000000        0.0000000 
       0.0000000 
       0.0000000        0.0000000        0.0000000        0.0000000 
       0.0000000        0.0000000        0.0000000        0.0000000 
       0.0000000 
       0.0000000        0.0000000        0.0000000        0.0000000 
       0.0000000        0.0000000        0.0000000        0.0000000 
       0.0000000 
       0.0000000        0.0000000        0.0000000        0.0000000 
       0.0000000        0.0000000        0.0000000        0.0000000 
       0.0000000 
       0.0000000        0.0000000        0.0000000        0.0000000 
       0.0000000        0.0000000        0.0000000        0.0000000 
       0.0000000 
       0.0000000        0.0000000        0.0000000        0.0000000 
       0.0000000        0.0000000        0.0000000        0.0000000 
       0.0000000 
       0.0000000        0.0000000        0.0000000        0.0000000 
       0.0000000        0.0000000        0.0000000        0.0000000 
       0.0000000 
       0.0000000        0.0000000        0.0000000        0.0000000 
       0.0000000        0.0000000        0.0000000        0.0000000 
       0.0000000 
       0.0000000        0.0000000        0.0000000        0.0000000 
       0.0000000        0.0000000        0.0000000        0.0000000 
       0.0000000 
       0.0000000        0.0000000        0.0000000        0.0000000 
       0.0000000        0.0000000        0.0000000        0.0000000 
       0.0000000 
       0.0000000        0.0000000        0.0000000        0.0000000 
       0.0000000        0.0000000        0.0000000        0.0000000 
       0.0000000 
       0.0000000        0.0000000        0.0000000        0.0000000 
       0.0000000        0.0000000        0.0000000        0.0000000 
       0.0000000 
       0.0000000        0.0000000        0.0000000        0.0000000 
       0.0000000        0.0000000        0.0000000        0.0000000 
       0.0000000 
       0.0000000        0.0000000        0.0000000        0.0000000 
       0.0000000        0.0000000        0.0000000        0.0000000 
       0.0000000 
       0.0000000        0.0000000        0.0000000        0.0000000 
       0.0000000        0.0000000        0.0000000        0.0000000 
       0.0000000 
       0.0000000        0.0000000        0.0000000        0.0000000 
       0.0000000        0.0000000        0.0000000        0.0000000 
       0.0000000 
       0.0000000        0.0000000        0.0000000        0.0000000 
       0.0000000        0.0000000        0.0000000        0.0000000 
       0.0000000 
   1.1660765e-05    9.9949411e-06    8.3291176e-06    4.4977235e-05 
   1.2493676e-05    2.6653176e-05    9.9949411e-06    7.4962058e-06 
   2.7486088e-05 
   1.6953055e-05    1.4531190e-05    1.2109325e-05    6.5390357e-05 
   1.8163988e-05    3.8749841e-05    1.4531190e-05    1.0898393e-05 
   3.9960773e-05 
   1.6940723e-05    1.4520620e-05    1.2100517e-05    6.5342790e-05 
   1.8150775e-05    3.8721653e-05    1.4520620e-05    1.0890465e-05 
   3.9931705e-05 
   1.4414754e-05    1.2355504e-05    1.0296253e-05    5.5599767e-05 
   1.5444380e-05    3.2948010e-05    1.2355504e-05    9.2666278e-06 
   3.3977635e-05 
   1.1399325e-05    9.7708498e-06    8.1423749e-06    4.3968824e-05 
   1.2213562e-05    2.6055600e-05    9.7708498e-06    7.3281374e-06 
   2.6869837e-05 
   1.0371400e-05    8.8897715e-06    7.4081429e-06    4.0003972e-05 
   1.1112214e-05    2.3706057e-05    8.8897715e-06    6.6673286e-06 
   2.4446872e-05 
   8.7537302e-06    7.5031973e-06    6.2526644e-06    3.3764388e-05 
   9.3789966e-06    2.0008526e-05    7.5031973e-06    5.6273980e-06 
   2.0633793e-05 
   8.3867102e-06    7.1886088e-06    5.9905073e-06    3.2348739e-05 
   8.9857610e-06    1.9169623e-05    7.1886088e-06    5.3914566e-06 
   1.9768674e-05 
   9.9385197e-06    8.5187312e-06    7.0989427e-06    3.8334290e-05 
   1.0648414e-05    2.2716617e-05    8.5187312e-06    6.3890484e-06 
   2.3426511e-05 
   1.1105160e-05    9.5187089e-06    7.9322574e-06    4.2834190e-05 
   1.1898386e-05    2.5383224e-05    9.5187089e-06    7.1390317e-06 
   2.6176450e-05 
   7.8710160e-06    6.7465852e-06    5.6221543e-06    3.0359633e-05 
   8.4332315e-06    1.7990894e-05    6.7465852e-06    5.0599389e-06 
   1.8553109e-05 
   1.3287530e-05    1.1389311e-05    9.4910926e-06    5.1251900e-05 
   1.4236639e-05    3.0371496e-05    1.1389311e-05    8.5419833e-06 
   3.1320606e-05 
   1.3031326e-05    1.1169708e-05    9.3080898e-06    5.0263685e-05 
   1.3962135e-05    2.9785887e-05    1.1169708e-05    8.3772808e-06 
   3.0716696e-05 
   1.1531804e-05    9.8844030e-06    8.2370025e-06    4.4479814e-05 
   1.2355504e-05    2.6358408e-05    9.8844030e-06    7.4133023e-06 
   2.7182108e-05 
   9.2994493e-06    7.9709565e-06    6.6424638e-06    3.5869304e-05 
   9.9636957e-06    2.1255884e-05    7.9709565e-06    5.9782174e-06 
   2.1920130e-05 
   1.1628539e-05    9.9673195e-06    8.3060996e-06    4.4852938e-05 
   1.2459149e-05    2.6579519e-05    9.9673195e-06    7.4754896e-06 
   2.7410129e-05 
   1.1880062e-05    1.0182911e-05    8.4857589e-06    4.5823098e-05 
   1.2728638e-05    2.7154428e-05    1.0182911e-05    7.6371830e-06 
   2.8003004e-05 
   1.6074528e-05    1.3778167e-05    1.1481806e-05    6.2001750e-05 
   1.7222708e-05    3.6741778e-05    1.3778167e-05    1.0333625e-05 
   3.7889958e-05 
   2.1947564e-05    1.8812198e-05    1.5676832e-05    8.4654891e-05 
   2.3515248e-05    5.0165862e-05    1.8812198e-05    1.4109149e-05 
   5.1733545e-05 
   2.6208179e-05    2.2464153e-05    1.8720128e-05    0.00010108869 
   2.8080192e-05    5.9904409e-05    2.2464153e-05    1.6848115e-05 
   6.1776421e-05 
   1.8074185e-05    1.5492159e-05    1.2910132e-05    6.9714714e-05 
   1.9365198e-05    4.1312423e-05    1.5492159e-05    1.1619119e-05 
   4.2603437e-05 
   2.9782394e-05    2.5527766e-05    2.1273139e-05    0.00011487495 
   3.1909708e-05    6.8074044e-05    2.5527766e-05    1.9145825e-05 
   7.0201358e-05 
   3.0406426e-05    2.6062651e-05    2.1718876e-05    0.00011728193 
   3.2578314e-05    6.9500403e-05    2.6062651e-05    1.9546988e-05 
   7.1672291e-05 
   2.5225820e-05    2.1622132e-05    1.8018443e-05    9.7299592e-05 
   2.7027664e-05    5.7659018e-05    2.1622132e-05    1.6216599e-05 
   5.9460862e-05 
   2.1598721e-05    1.8513189e-05    1.5427658e-05    8.3309351e-05 
   2.3141487e-05    4.9368505e-05    1.8513189e-05    1.3884892e-05 
   5.0911270e-05 
   2.1685654e-05    1.8587704e-05    1.5489753e-05    8.3644666e-05 
   2.3234630e-05    4.9567210e-05    1.8587704e-05    1.3940778e-05 
   5.1116185e-05 
   1.9695893e-05    1.6882194e-05    1.4068495e-05    7.5969873e-05 
   2.1102742e-05    4.5019184e-05    1.6882194e-05    1.2661645e-05 
   4.6426033e-05 
   2.5509577e-05    2.1865352e-05    1.8221126e-05    9.8394082e-05 
   2.7331689e-05    5.8307604e-05    2.1865352e-05    1.6399014e-05 
   6.0129717e-05 
   3.5613029e-05    3.0525453e-05    2.5437878e-05    0.00013736454 
   3.8156817e-05    8.1401209e-05    3.0525453e-05    2.2894090e-05 
   8.3944996e-05 
   8.4399219e-05    7.2342188e-05    6.0285157e-05    0.00032553985 
   9.0427735e-05    0.00019291250    7.2342188e-05    5.4256641e-05 
   0.00019894102 
   8.7164215e-05    7.4712185e-05    6.2260154e-05    0.00033620483 
   9.3390231e-05    0.00019923249    7.4712185e-05    5.6034138e-05 
   0.00020545851 
   0.00015990855    0.00013706447    0.00011422039    0.00061679012 
   0.00017133059    0.00036550526    0.00013706447    0.00010279835 
   0.00037692730 
   0.00017939791    0.00015376964    0.00012814137    0.00069196338 
   0.00019221205    0.00041005237    0.00015376964    0.00011532723 
   0.00042286651 
   0.00014919271    0.00012787946    0.00010656622    0.00057545758 
   0.00015984933    0.00034101190    0.00012787946    9.5909596e-05 
   0.00035166852 
   0.00011879296    0.00010182254    8.4852118e-05    0.00045820144 
   0.00012727818    0.00027152678    0.00010182254    7.6366906e-05 
   0.00028001199 
   0.00013545677    0.00011610580    9.6754835e-05    0.00052247611 
   0.00014513225    0.00030961547    0.00011610580    8.7079352e-05 
   0.00031929096 
   0.00015287764    0.00013103798    0.00010919832    0.00058967092 
   0.00016379748    0.00034943462    0.00013103798    9.8278486e-05 
   0.00036035445 
   0.00015899805    0.00013628404    0.00011357004    0.00061327819 
   0.00017035505    0.00036342411    0.00013628404    0.00010221303 
   0.00037478112 
   0.00017019715    0.00014588327    0.00012156939    0.00065647471 
   0.00018235409    0.00038902205    0.00014588327    0.00010941245 
   0.00040117899 
   0.00019056455    0.00016334104    0.00013611754    0.00073503470 
   0.00020417631    0.00043557612    0.00016334104    0.00012250578 
   0.00044918787 
   0.00013730550    0.00011769043    9.8075359e-05    0.00052960694 
   0.00014711304    0.00031384115    0.00011769043    8.8267823e-05 
   0.00032364868 
   0.00018281808    0.00015670121    0.00013058434    0.00070515545 
   0.00019587651    0.00041786990    0.00015670121    0.00011752591 
   0.00043092833 
   0.00016332594    0.00013999367    0.00011666139    0.00062997150 
   0.00017499208    0.00037331644    0.00013999367    0.00010499525 
   0.00038498258 
   0.00015099455    0.00012942390    0.00010785325    0.00058240755 
   0.00016177987    0.00034513040    0.00012942390    9.7067925e-05 
   0.00035591572 
   0.00012569256    0.00010773648    8.9780397e-05    0.00048481414 
   0.00013467060    0.00028729727    0.00010773648    8.0802357e-05 
   0.00029627531 
   0.00012477109    0.00010694664    8.9122204e-05    0.00048125990 
   0.00013368331    0.00028519105    0.00010694664    8.0209983e-05 
   0.00029410327 
   0.00012286486    0.00010531273    8.7760612e-05    0.00047390730 
   0.00013164092    0.00028083396    0.00010531273    7.8984551e-05 
   0.00028961002 
   0.00013558515    0.00011621584    9.6846535e-05    0.00052297129 
   0.00014526980    0.00030990891    0.00011621584    8.7161881e-05 
   0.00031959356 
   0.00015156242    0.00012991065    0.00010825887    0.00058459792 
   0.00016238831    0.00034642840    0.00012991065    9.7432987e-05 
   0.00035725429 
   0.00021277487    0.00018237846    0.00015198205    0.00082070308 
   0.00022797308    0.00048634256    0.00018237846    0.00013678385 
   0.00050154077 
   0.00018336552    0.00015717045    0.00013097537    0.00070726701 
   0.00019646306    0.00041912119    0.00015717045    0.00011787784 
   0.00043221873 
   0.00028453641    0.00024388836    0.00020324030     0.0010974976 
   0.00030486044    0.00065036895    0.00024388836    0.00018291627 
   0.00067069298 
   0.00026062651    0.00022339415    0.00018616179     0.0010052737 
   0.00027924269    0.00059571774    0.00022339415    0.00016754561 
   0.00061433392 
   0.00025225820    0.00021622132    0.00018018443    0.00097299592 
   0.00027027664    0.00057659018    0.00021622132    0.00016216599 
   0.00059460862 
   0.00023998579    0.00020570210    0.00017141842    0.00092565947 
   0.00025712763    0.00054853894    0.00020570210    0.00015427658 
   0.00056568078 
   0.00072285516    0.00061959013    0.00051632511     0.0027881556 
   0.00077448767     0.0016522404    0.00061959013    0.00046469260 
    0.0017038729 
    0.0045644450     0.0039123815     0.0032603179      0.017605717 
    0.0048904768      0.010433017     0.0039123815     0.0029342861 
     0.010759049 
    0.0089807689     0.0076978019     0.0064148349      0.034640109 
    0.0096222524      0.020527472     0.0076978019     0.0057733514 
     0.021168955 
     0.010435446     0.0089446677     0.0074538897      0.040251005 
     0.011180835      0.023852447     0.0089446677     0.0067085008 
     0.024597836 
     0.010572113     0.0090618109     0.0075515091      0.040778149 
     0.011327264      0.024164829     0.0090618109     0.0067963582 
     0.024919980 
    0.0068506992     0.0058720279     0.0048933566      0.026424126 
    0.0073400349      0.015658741     0.0058720279     0.0044040209 
     0.016148077 
     0.012920977      0.011075123     0.0092292694      0.049838055 
     0.013843904      0.029533662      0.011075123     0.0083063424 
     0.030456589 
     0.015941655      0.013664276      0.011386896      0.061489240 
     0.017080345      0.036438068      0.013664276      0.010248207 
     0.037576758 
     0.015856229      0.013591054      0.011325878      0.061159742 
     0.016988817      0.036242810      0.013591054      0.010193290 
     0.037375398 
       0.0000000        0.0000000        0.0000000        0.0000000 
       0.0000000        0.0000000        0.0000000        0.0000000 
       0.0000000 
       0.0000000        0.0000000        0.0000000        0.0000000 
       0.0000000        0.0000000        0.0000000        0.0000000 
       0.0000000 
       0.0000000        0.0000000        0.0000000        0.0000000 
       0.0000000        0.0000000        0.0000000        0.0000000 
       0.0000000 
       0.0000000        0.0000000        0.0000000        0.0000000 
       0.0000000        0.0000000        0.0000000        0.0000000 
       0.0000000 
      0.10081892      0.089476796      0.074353957       0.23566424 
      0.11090082       0.24322566      0.090737032      0.070573247 
      0.24700637 
    0.0049081630        0.0000000        0.0000000       0.16565050 
    0.0012270407        0.0000000        0.0000000        0.0000000 
       0.0000000 
     0.022270062      0.012526910        0.0000000       0.18233613 
     0.019486304        0.0000000        0.0000000      0.019486304 
    0.0097431519 
      0.27939029       0.17906378      0.019049338       0.21589250 
     0.064767750       0.13461532        0.0000000      0.076197353 
       0.0000000 
     0.074304505        0.0000000        0.0000000      0.078357478 
      0.14050306      0.047284685        0.0000000      0.066198559 
       0.0000000 
       0.0000000        0.0000000        0.0000000      0.034899275 
       0.0000000      0.017449638        0.0000000      0.016107358 
       0.0000000 
      0.12254601        0.0000000       0.12254601       0.45397728 
     0.026458799      0.097479784      0.018103389      0.022281094 
     0.029243935 
      0.18089982     0.0033192627       0.17924019        1.7641881 
     0.086300830       0.35516111      0.014936682       0.15434572 
      0.18255945 
       0.0000000        0.0000000        0.0000000       0.41495509 
     0.043155329      0.099589222       0.59421569     0.0066392814 
     0.051454431 
     0.034403127      0.052423813        0.0000000       0.15890968 
       1.2761922       0.86663116      0.013105953        0.0000000 
     0.076997475 
     0.017858626      0.060444580     0.0013737405        1.6608522 
      0.49454657       0.56323359       0.30497038      0.023353588 
      0.44921313 
      0.57242974        1.9154380       0.77834904        5.1622284 
       1.4414351        1.8895362       0.85734952       0.61516771 
       1.5061896 
    0.0041170303     0.0096064041     0.0041170303       0.62441627 
      0.16468121       0.44738396      0.030191556       0.10292576 
    0.0041170303 
       0.0000000      0.010332253     0.0012915316        1.7345270 
     0.019372974       0.78137663      0.015498379      0.037454417 
      0.14594307 
     0.011356224      0.011356224        0.0000000        2.8731248 
     0.061039706      0.021292921      0.039746785      0.090849795 
      0.23990024 
    0.0080894377     0.0080894377        0.0000000       0.59052895 
     0.069569164       0.27180511      0.014560988       0.19091073 
     0.061479727 
    0.0038700226      0.032895192      0.011610068        1.5731642 
      0.18382607       0.12577574     0.0038700226       0.27670662 
     0.069660407 
    0.0067079009       0.15204575      0.033539505       0.50085660 
     0.093910613      0.049191273      0.024595637      0.013415802 
      0.25490024 
     0.012709213       0.38636006      0.020334740       0.43211323 
     0.045753165      0.025418425       0.10421554      0.030502110 
     0.040669480 
     0.059801011       0.15080255       0.13000220        1.1648197 
       5.2572889       0.37440633       0.11440193       0.31200528 
      0.26000440 
      0.43607503       0.27974625       0.39219327        2.8769982 
      0.52383856       0.35653933       0.15084356       0.35105411 
      0.89134833 
      0.48054456       0.24316712       0.53265180        2.3158774 
      0.37633007       0.16500626       0.16211142       0.33869707 
       1.0218809 
     0.061417482       0.15158357      0.033975628        4.2822359 
      0.67428554        4.3632547        1.6713396       0.25089695 
      0.26527125 
      0.10647532       0.19307525       0.27399649        1.0690122 
       2.1380244        2.4560307       0.19307525       0.30380958 
     0.073822889 
      0.12386863       0.26524043      0.091555071        2.6375939 
      0.87785156       0.71493739       0.76206133      0.087515877 
      0.16829976 
      0.67160373       0.15311173       0.15659154        8.2981919 
       1.9162165        5.9180004       0.61708668       0.21806822 
       0.0000000 
       6.7442987       0.76807146       0.38009016        2.9341908 
       3.2932379        1.0587286       0.20648496       0.15124695 
      0.57473841 
      0.53626043       0.83638345       0.28031795       0.84857119 
       3.2434615        1.8251136       0.34278010       0.11273657 
      0.69470101 
       1.7031611        8.0263087      0.089261191        1.1474382 
       16.667368        8.6698531       0.17132390      0.027354236 
       18.610958 
       1.3237814        5.7369029        1.6151994        12.031840 
       22.719748        5.4098328        5.5617421        2.5793587 
       15.056076 
      0.67236088        3.3752516        2.7415515        11.149424 
       12.899243        6.8664855        15.721478        4.9721087 
       3.6391532 
      0.55170298       0.57020521      0.070644893        5.8332498 
       9.1771081        13.314880        3.2378909       0.53656479 
       10.014755 
      0.74777801       0.20215051       0.22182888        7.1736599 
       20.290187        14.005632        4.2236935       0.35778852 
       6.9410973 
      0.58586034       0.45481263      0.011563033        2.6209542 
       23.260968        5.5020765        1.3374575       0.41048767 
       3.9025236 
      0.31362130        5.0262818        1.4696828        1.6882168 
       1.5814521        2.8142507        4.8194252        1.2945220 
       5.6468516 
       2.1349569        1.1971122        0.0000000       0.21605635 
       1.2211185       0.68177783      0.052813775       0.15844133 
      0.89463334 
      0.46368391        2.0622716       0.31597815        1.0470282 
       1.8640841       0.42815974       0.50294747       0.19444809 
      0.81518623 
     0.019892456       0.62751658       0.36710624       0.58230645 
       15.100183       0.10488750       0.51901227       0.12839676 
      0.61847455 
      0.19185446       0.77107222      0.036543707       0.75828192 
       1.8271854       0.23022535       0.10963112       0.52622938 
       1.0396685 
     0.087341680        1.8683525      0.028480982       0.63227781 
       1.5569604       0.14430364       0.36455658       0.11012647 
      0.11392393 
       0.0000000        1.9297149        0.0000000       0.21860051 
       2.8644205      0.056534615       0.13002962        0.0000000 
      0.27325064 
