
       0.0000000        0.0000000        0.0000000        0.0000000 
       0.0000000        0.0000000        0.0000000        0.0000000 
       0.0000000 
       0.0000000        0.0000000        0.0000000        0.0000000 
       0.0000000        0.0000000        0.0000000        0.0000000 
       0.0000000 
       0.0000000        0.0000000        0.0000000        0.0000000 
       0.0000000        0.0000000        0.0000000        0.0000000 
       0.0000000 
       0.0000000        0.0000000        0.0000000        0.0000000 
       0.0000000        0.0000000        0.0000000        0.0000000 
       0.0000000 
       0.0000000        0.0000000        0.0000000        0.0000000 
       0.0000000        0.0000000        0.0000000        0.0000000 
       0.0000000 
       0.0000000        0.0000000        0.0000000        0.0000000 
       0.0000000        0.0000000        0.0000000        0.0000000 
       0.0000000 
       0.0000000        0.0000000        0.0000000        0.0000000 
       0.0000000        0.0000000        0.0000000        0.0000000 
       0.0000000 
       0.0000000        0.0000000        0.0000000        0.0000000 
       0.0000000        0.0000000        0.0000000        0.0000000 
       0.0000000 
       0.0000000        0.0000000        0.0000000        0.0000000 
       0.0000000        0.0000000        0.0000000        0.0000000 
       0.0000000 
       0.0000000        0.0000000        0.0000000        0.0000000 
       0.0000000        0.0000000        0.0000000        0.0000000 
       0.0000000 
       0.0000000        0.0000000        0.0000000        0.0000000 
       0.0000000        0.0000000        0.0000000        0.0000000 
       0.0000000 
       0.0000000        0.0000000        0.0000000        0.0000000 
       0.0000000        0.0000000        0.0000000        0.0000000 
       0.0000000 
       0.0000000        0.0000000        0.0000000        0.0000000 
       0.0000000        0.0000000        0.0000000        0.0000000 
       0.0000000 
       0.0000000        0.0000000        0.0000000        0.0000000 
       0.0000000        0.0000000        0.0000000        0.0000000 
       0.0000000 
       0.0000000        0.0000000        0.0000000        0.0000000 
       0.0000000        0.0000000        0.0000000        0.0000000 
       0.0000000 
       0.0000000        0.0000000        0.0000000        0.0000000 
       0.0000000        0.0000000        0.0000000        0.0000000 
       0.0000000 
       0.0000000        0.0000000        0.0000000        0.0000000 
       0.0000000        0.0000000        0.0000000        0.0000000 
       0.0000000 
       0.0000000        0.0000000        0.0000000        0.0000000 
       0.0000000        0.0000000        0.0000000        0.0000000 
       0.0000000 
       0.0000000        0.0000000        0.0000000        0.0000000 
       0.0000000        0.0000000        0.0000000        0.0000000 
       0.0000000 
       0.0000000        0.0000000        0.0000000        0.0000000 
       0.0000000        0.0000000        0.0000000        0.0000000 
       0.0000000 
       0.0000000        0.0000000        0.0000000        0.0000000 
       0.0000000        0.0000000        0.0000000        0.0000000 
       0.0000000 
       0.0000000        0.0000000        0.0000000        0.0000000 
       0.0000000        0.0000000        0.0000000        0.0000000 
       0.0000000 
       0.0000000        0.0000000        0.0000000        0.0000000 
       0.0000000        0.0000000        0.0000000        0.0000000 
       0.0000000 
       0.0000000        0.0000000        0.0000000        0.0000000 
       0.0000000        0.0000000        0.0000000        0.0000000 
       0.0000000 
       0.0000000        0.0000000        0.0000000        0.0000000 
       0.0000000        0.0000000        0.0000000        0.0000000 
       0.0000000 
       0.0000000        0.0000000        0.0000000        0.0000000 
       0.0000000        0.0000000        0.0000000        0.0000000 
       0.0000000 
       0.0000000        0.0000000        0.0000000        0.0000000 
       0.0000000        0.0000000        0.0000000        0.0000000 
       0.0000000 
       0.0000000        0.0000000        0.0000000        0.0000000 
       0.0000000        0.0000000        0.0000000        0.0000000 
       0.0000000 
       0.0000000        0.0000000        0.0000000        0.0000000 
       0.0000000        0.0000000        0.0000000        0.0000000 
       0.0000000 
   5.2473441e-05    8.3291176e-05    5.2473441e-05    0.00017241273 
   0.00011327600    0.00017824312    6.0802558e-05    4.7475970e-05 
   0.00014242791 
   7.6288749e-05    0.00012109325    7.6288749e-05    0.00025066303 
   0.00016468682    0.00025913956    8.8398075e-05    6.9023154e-05 
   0.00020706946 
   7.6233255e-05    0.00012100517    7.6233255e-05    0.00025048069 
   0.00016456703    0.00025895106    8.8333772e-05    6.8972945e-05 
   0.00020691883 
   6.4866395e-05    0.00010296253    6.4866395e-05    0.00021313244 
   0.00014002904    0.00022033982    7.5162648e-05    5.8688643e-05 
   0.00017606593 
   5.1296962e-05    8.1423749e-05    5.1296962e-05    0.00016854716 
   0.00011073630    0.00017424682    5.9439336e-05    4.6411537e-05 
   0.00013923461 
   4.6671300e-05    7.4081429e-05    4.6671300e-05    0.00015334856 
   0.00010075074    0.00015853426    5.4079443e-05    4.2226415e-05 
   0.00012667924 
   3.9391786e-05    6.2526644e-05    3.9391786e-05    0.00012943015 
   8.5036236e-05    0.00013380702    4.5644450e-05    3.5640187e-05 
   0.00010692056 
   3.7740196e-05    5.9905073e-05    3.7740196e-05    0.00012400350 
   8.1470899e-05    0.00012819686    4.3730703e-05    3.4145892e-05 
   0.00010243767 
   4.4723339e-05    7.0989427e-05    4.4723339e-05    0.00014694811 
   9.6545620e-05    0.00015191737    5.1822281e-05    4.0463973e-05 
   0.00012139192 
   4.9973222e-05    7.9322574e-05    4.9973222e-05    0.00016419773 
   0.00010787870    0.00016975031    5.7905479e-05    4.5213867e-05 
   0.00013564160 
   3.5419572e-05    5.6221543e-05    3.5419572e-05    0.00011637859 
   7.6461299e-05    0.00012031410    4.1041727e-05    3.2046280e-05 
   9.6138839e-05 
   5.9793883e-05    9.4910926e-05    5.9793883e-05    0.00019646562 
   0.00012907886    0.00020310938    6.9284976e-05    5.4099228e-05 
   0.00016229768 
   5.8640966e-05    9.3080898e-05    5.8640966e-05    0.00019267746 
   0.00012659002    0.00019919312    6.7949055e-05    5.3056112e-05 
   0.00015916834 
   5.1893116e-05    8.2370025e-05    5.1893116e-05    0.00017050595 
   0.00011202323    0.00017627185    6.0130118e-05    4.6950914e-05 
   0.00014085274 
   4.1847522e-05    6.6424638e-05    4.1847522e-05    0.00013749900 
   9.0337507e-05    0.00014214872    4.8489986e-05    3.7862044e-05 
   0.00011358613 
   5.2328427e-05    8.3060996e-05    5.2328427e-05    0.00017193626 
   0.00011296295    0.00017775053    6.0634527e-05    4.7344768e-05 
   0.00014203430 
   5.3460281e-05    8.4857589e-05    5.3460281e-05    0.00017565521 
   0.00011540632    0.00018159524    6.1946040e-05    4.8368826e-05 
   0.00014510648 
   7.2335375e-05    0.00011481806    7.2335375e-05    0.00023767337 
   0.00015615256    0.00024571064    8.3817180e-05    6.5446291e-05 
   0.00019633887 
   9.8764040e-05    0.00015676832    9.8764040e-05    0.00032451042 
   0.00021320491    0.00033548420    0.00011444087    8.9357941e-05 
   0.00026807382 
   0.00011793680    0.00018720128    0.00011793680    0.00038750664 
   0.00025459374    0.00040061073    0.00013665693    0.00010670473 
   0.00032011418 
   8.1333834e-05    0.00012910132    8.1333834e-05    0.00026723974 
   0.00017557780    0.00027627683    9.4243966e-05    7.3587754e-05 
   0.00022076326 
   0.00013402077    0.00021273139    0.00013402077    0.00044035397 
   0.00028931469    0.00045524517    0.00015529391    0.00012125689 
   0.00036377067 
   0.00013682892    0.00021718876    0.00013682892    0.00044958073 
   0.00029537671    0.00046478395    0.00015854779    0.00012379759 
   0.00037139278 
   0.00011351619    0.00018018443    0.00011351619    0.00037298177 
   0.00024505082    0.00038559468    0.00013153463    0.00010270513 
   0.00030811538 
   9.7194243e-05    0.00015427658    9.7194243e-05    0.00031935251 
   0.00020981614    0.00033015187    0.00011262190    8.7937649e-05 
   0.00026381295 
   9.7585444e-05    0.00015489753    9.7585444e-05    0.00032063789 
   0.00021066064    0.00033148072    0.00011307520    8.8291592e-05 
   0.00026487478 
   8.8631518e-05    0.00014068495    8.8631518e-05    0.00029121784 
   0.00019133153    0.00030106579    0.00010270001    8.0190421e-05 
   0.00024057126 
   0.00011479310    0.00018221126    0.00011479310    0.00037717731 
   0.00024780732    0.00038993210    0.00013301422    0.00010386042 
   0.00031158126 
   0.00016025863    0.00025437878    0.00016025863    0.00052656407 
   0.00034595514    0.00054437058    0.00018569651    0.00014499590 
   0.00043498771 
   0.00037979649    0.00060285157    0.00037979649     0.0012479027 
   0.00081987813     0.0012901023    0.00044008164    0.00034362539 
    0.0010308762 
   0.00039223897    0.00062260154    0.00039223897     0.0012887852 
   0.00084673809     0.0013323673    0.00045449912    0.00035488288 
    0.0010646486 
   0.00071958848     0.0011422039    0.00071958848     0.0023643621 
    0.0015533973     0.0024443164    0.00083380887    0.00065105624 
    0.0019531687 
   0.00080729061     0.0012814137    0.00080729061     0.0026525263 
    0.0017427226     0.0027422252    0.00093543197    0.00073040579 
    0.0021912174 
   0.00067136717     0.0010656622    0.00067136717     0.0022059207 
    0.0014493006     0.0022805171    0.00077793339    0.00060742744 
    0.0018222823 
   0.00053456834    0.00084852118    0.00053456834     0.0017564388 
    0.0011539888     0.0018158353    0.00061942046    0.00048365707 
    0.0014509712 
   0.00060955546    0.00096754835    0.00060955546     0.0020028251 
    0.0013158658     0.0020705535    0.00070631030    0.00055150256 
    0.0016545077 
   0.00068794940     0.0010919832    0.00068794940     0.0022604052 
    0.0014850971     0.0023368440    0.00079714772    0.00062243041 
    0.0018672912 
   0.00071549122     0.0011357004    0.00071549122     0.0023508997 
    0.0015445525     0.0024303988    0.00082906126    0.00064734920 
    0.0019420476 
   0.00076588716     0.0012156939    0.00076588716     0.0025164864 
    0.0016533437     0.0026015850    0.00088745656    0.00069294553 
    0.0020788366 
   0.00085754048     0.0013611754    0.00085754048     0.0028176330 
    0.0018511985     0.0029129153    0.00099365802    0.00077586996 
    0.0023276099 
   0.00061787476    0.00098075359    0.00061787476     0.0020301599 
    0.0013338249     0.0020988127    0.00071595012    0.00055902955 
    0.0016770886 
   0.00082268136     0.0013058434    0.00082268136     0.0027030959 
    0.0017759471     0.0027945049    0.00095326570    0.00074433076 
    0.0022329923 
   0.00073496675     0.0011666139    0.00073496675     0.0024148907 
    0.0015865949     0.0024965537    0.00085162814    0.00066496992 
    0.0019949097 
   0.00067947547     0.0010785325    0.00067947547     0.0022325623 
    0.0014668042     0.0023080595    0.00078732872    0.00061476352 
    0.0018442906 
   0.00056561650    0.00089780397    0.00056561650     0.0018584542 
    0.0012210134     0.0019213005    0.00065539690    0.00051174826 
    0.0015352448 
   0.00056146988    0.00089122204    0.00056146988     0.0018448296 
    0.0012120620     0.0019072152    0.00065059209    0.00050799656 
    0.0015239897 
   0.00055289185    0.00087760612    0.00055289185     0.0018166447 
    0.0011935443     0.0018780771    0.00064065247    0.00050023549 
    0.0015007065 
   0.00061013317    0.00096846535    0.00061013317     0.0020047233 
    0.0013171129     0.0020725158    0.00070697970    0.00055202525 
    0.0016560757 
   0.00068203091     0.0010825887    0.00068203091     0.0022409587 
    0.0014723207     0.0023167399    0.00079028979    0.00061707559 
    0.0018512268 
   0.00095748692     0.0015198205    0.00095748692     0.0031460285 
    0.0020669559     0.0032524159     0.0011094690    0.00086629769 
    0.0025988931 
   0.00082514485     0.0013097537    0.00082514485     0.0027111902 
    0.0017812651     0.0028028730    0.00095612022    0.00074655962 
    0.0022396789 
    0.0012804139     0.0020324030     0.0012804139     0.0042070741 
    0.0027640680     0.0043493423     0.0014836542     0.0011584697 
    0.0034754091 
    0.0011728193     0.0018616179     0.0011728193     0.0038535491 
    0.0025318004     0.0039838624     0.0013589811     0.0010611222 
    0.0031833667 
    0.0011351619     0.0018018443     0.0011351619     0.0037298177 
    0.0024505082     0.0038559468     0.0013153463     0.0010270513 
    0.0030811538 
    0.0010799360     0.0017141842     0.0010799360     0.0035483613 
    0.0023312905     0.0036683542     0.0012513545    0.00097708499 
    0.0029312550 
    0.0032528482     0.0051632511     0.0032528482      0.010687930 
    0.0070220215      0.011049357     0.0037691733     0.0029430531 
    0.0088291594 
     0.020540003      0.032603179      0.020540003      0.067488580 
     0.044340323      0.069770803      0.023800321      0.018583812 
     0.055751436 
     0.040413460      0.064148349      0.040413460       0.13278708 
     0.087241755       0.13727747      0.046828295      0.036564559 
      0.10969368 
     0.046959505      0.074538897      0.046959505       0.15429552 
      0.10137290       0.15951324      0.054413395      0.042487172 
      0.12746151 
     0.047574507      0.075515091      0.047574507       0.15631624 
      0.10270052       0.16160230      0.055126017      0.043043602 
      0.12913081 
     0.030828146      0.048933566      0.030828146       0.10129248 
     0.066549650       0.10471783      0.035721503      0.027892133 
     0.083676398 
     0.058144397      0.092292694      0.058144397       0.19104588 
      0.12551806       0.19750636      0.067373666      0.052606835 
      0.15782051 
     0.071737447       0.11386896      0.071737447       0.23570876 
      0.15486179       0.24367958      0.083124344      0.064905309 
      0.19471593 
     0.071353033       0.11325878      0.071353033       0.23444568 
      0.15403194       0.24237379      0.082678911      0.064557506 
      0.19367252 
     0.084579180       0.12174276      0.062793633       0.32934620 
      0.23451500       0.30371615      0.098675710      0.076890163 
      0.20760344 
      0.13693531       0.25333032       0.15884496       0.47379617 
      0.25196097       0.20677232       0.10544019       0.10954825 
      0.42860751 
      0.11278840       0.10411237       0.10700438       0.26028092 
      0.20967074       0.16484458       0.10266636      0.096882342 
      0.31089110 
     0.065480682       0.18488663      0.070616422       0.24523157 
      0.24266371       0.19002237       0.10656660      0.087307576 
      0.16819548 
      0.10207916      0.090737032      0.074353957       0.23818471 
      0.11216105       0.24700637      0.091997269      0.071833484 
      0.25078708 
    0.0036811222      0.039265304      0.026994896      0.094482138 
     0.028221937       0.53498977      0.067487241      0.014724489 
    0.0073622445 
     0.048715760      0.057067033      0.098823398       0.18511989 
     0.066810185       0.11135031      0.048715760      0.065418306 
     0.023661940 
     0.057148015      0.091436824       0.12318572       0.33780827 
     0.013969515       0.93849740      0.048258324      0.021589250 
     0.053338147 
     0.055390631      0.074304505      0.091867389       0.29181406 
      0.14455604        1.1402364       0.10537730     0.0013509910 
     0.047284685 
     0.046979793      0.034899275      0.069798550       0.24563721 
      0.20402653       0.20268425      0.091275027     0.0026845596 
     0.032214716 
     0.023673662      0.016710820      0.051525029       0.40245225 
     0.093302079       0.26737312       0.10862033      0.012533115 
    0.0083554101 
     0.024894470      0.024894470      0.096258618       0.31698959 
      0.11783383       0.39001337       0.28545659      0.018255945 
     0.023234839 
    0.0099589222      0.023237485       0.52616305        2.2241593 
     0.019917844       0.40499617      0.068052635      0.023237485 
      0.24399359 
     0.018020686     0.0032764883       0.64710644        8.4680840 
       1.2598098        2.2247356       0.27522502       0.18675983 
      0.65365942 
      0.29672794       0.24727328       0.90529496        4.9990415 
      0.31046534        3.7805337      0.035717252       0.23216214 
      0.45745557 
      0.13209917       0.10360719       0.50638016        1.9698318 
      0.26808361        1.6771414       0.13857462       0.12562372 
      0.16836169 
      0.19487277      0.052149051       0.26897932       0.78360811 
      0.17840465        1.6742590       0.14821309       0.18938340 
      0.25937291 
     0.080074961      0.059410455      0.067159644      0.096864872 
      0.10073947        1.4852614       0.14852614       0.29317768 
      0.14206848 
     0.036907729      0.063878762     0.0099366964       0.11214272 
     0.095108379       0.62175329      0.068137346       0.13343564 
    0.0014195281 
     0.012943100      0.069569164      0.024268313      0.024268313 
     0.071187052       0.39638245      0.080894377      0.027504088 
    0.0016178875 
     0.021285124     0.0096750565      0.011610068      0.023220136 
      0.10255560       0.46440271      0.052245305     0.0019350113 
    0.0038700226 
     0.013415802      0.020123703        0.0000000      0.026831604 
      0.11179835       0.17887736      0.076022877      0.031303538 
       0.0000000 
     0.050836850      0.010167370        0.0000000     0.0050836850 
     0.055920535        1.1539965      0.048295008     0.0025418425 
       0.0000000 
       0.0000000        0.0000000       0.59541007       0.10400176 
     0.041600703        1.7446295       0.53040897      0.031200528 
     0.057200967 
    0.0054852205        0.0000000       0.22763665      0.027426103 
     0.030168713        1.3164529      0.049366985       0.22215143 
     0.016455662 
    0.0057896934        0.0000000       0.30974860      0.023158774 
     0.023158774       0.60791781      0.052107241       0.21421866 
     0.020263927 
      0.99574725       0.72786249        2.7951488        72.334112 
       7.8692782        10.167860        1.1786929       0.11107417 
       1.2087483 
       5.8064541        11.032263        21.411477        3.7351542 
       2.7811354        8.9013368        7.0216924        15.397751 
       8.8814614 
       2.0815315        1.3342805        3.1505716        71.270237 
       9.6348248        28.947559        2.0169044       0.57760479 
       1.8068663 
       1.6807492       0.87111296        2.1110860        78.455843 
       6.0977907        37.547172        1.3362478      0.096274801 
       6.2161043 
       2.4751892        1.3875264        2.7671616        105.25735 
       13.992316        51.417387       0.97850200        1.1692047 
       1.4085694 
       4.4348128        7.0155661        7.5350684        96.104877 
       28.884937        84.360469        4.2306682        3.4765520 
       4.6602859 
       3.7028997        5.7602262        3.9289321        105.11225 
       41.591396        95.325193        6.0553640        2.2430473 
       3.0607950 
       3.8581873        3.3792079        1.4601898        176.81008 
       25.362660        77.304805        5.6159955       0.77349758 
       3.0133854 
       2.2238336        7.5220373        1.4085960        201.04767 
       18.274769        84.340948        6.7404178       0.50090885 
       2.4642026 
      0.32463011        5.8921205       0.99239255        212.15502 
       9.8835570        80.049074        6.0418204        1.7997628 
      0.82250840 
       1.5206012        7.1915493        1.1574459        259.14444 
       14.733731        95.928469        2.8336851      0.051879336 
       2.6029115 
      0.76316018        6.0281946        35.251833        104.57800 
       10.102237        160.63558        3.8890334        74.109406 
       3.1875428 
       1.1560615        4.9862451        14.119631        132.55838 
       8.1191217        129.77750       0.38535383        32.222921 
       19.267692 
       7.3603198        11.614229        14.723840        124.90778 
       5.0429153        113.56402        6.6769415        36.537530 
       13.800400 
       85.557160        18.193984        11.109717        91.156891 
       19.650475        122.90989        17.395625        44.971730 
       16.485085 
       25.243527        28.193036        23.798611        26.699293 
       29.976123        96.221620        34.075778        21.096854 
       25.207359 
       13.921325        23.115722        15.306332        34.464370 
       15.341048        87.818183        19.318831        14.535259 
       15.801499 
       19.518967        23.508203        17.770234        33.064522 
       12.522139        115.59481        15.683528        12.227835 
       15.670237 
       17.751869        22.001388        19.675931        31.800721 
       14.297604        106.74489        13.994202        11.489718 
       20.405227 
