
       0.0000000        0.0000000        0.0000000        0.0000000 
       0.0000000        0.0000000        0.0000000        0.0000000 
       0.0000000 
       0.0000000        0.0000000        0.0000000        0.0000000 
       0.0000000        0.0000000        0.0000000        0.0000000 
       0.0000000 
       0.0000000        0.0000000        0.0000000        0.0000000 
       0.0000000        0.0000000        0.0000000        0.0000000 
       0.0000000 
       0.0000000        0.0000000        0.0000000        0.0000000 
       0.0000000        0.0000000        0.0000000        0.0000000 
       0.0000000 
       0.0000000        0.0000000        0.0000000        0.0000000 
       0.0000000        0.0000000        0.0000000        0.0000000 
       0.0000000 
       0.0000000        0.0000000        0.0000000        0.0000000 
       0.0000000        0.0000000        0.0000000        0.0000000 
       0.0000000 
       0.0000000        0.0000000        0.0000000        0.0000000 
       0.0000000        0.0000000        0.0000000        0.0000000 
       0.0000000 
       0.0000000        0.0000000        0.0000000        0.0000000 
       0.0000000        0.0000000        0.0000000        0.0000000 
       0.0000000 
       0.0000000        0.0000000        0.0000000        0.0000000 
       0.0000000        0.0000000        0.0000000        0.0000000 
       0.0000000 
       0.0000000        0.0000000        0.0000000        0.0000000 
       0.0000000        0.0000000        0.0000000        0.0000000 
       0.0000000 
       0.0000000        0.0000000        0.0000000        0.0000000 
       0.0000000        0.0000000        0.0000000        0.0000000 
       0.0000000 
       0.0000000        0.0000000        0.0000000        0.0000000 
       0.0000000        0.0000000        0.0000000        0.0000000 
       0.0000000 
       0.0000000        0.0000000        0.0000000        0.0000000 
       0.0000000        0.0000000        0.0000000        0.0000000 
       0.0000000 
       0.0000000        0.0000000        0.0000000        0.0000000 
       0.0000000        0.0000000        0.0000000        0.0000000 
       0.0000000 
       0.0000000        0.0000000        0.0000000        0.0000000 
       0.0000000        0.0000000        0.0000000        0.0000000 
       0.0000000 
       0.0000000        0.0000000        0.0000000        0.0000000 
       0.0000000        0.0000000        0.0000000        0.0000000 
       0.0000000 
       0.0000000        0.0000000        0.0000000        0.0000000 
       0.0000000        0.0000000        0.0000000        0.0000000 
       0.0000000 
       0.0000000        0.0000000        0.0000000        0.0000000 
       0.0000000        0.0000000        0.0000000        0.0000000 
       0.0000000 
       0.0000000        0.0000000        0.0000000        0.0000000 
       0.0000000        0.0000000        0.0000000        0.0000000 
       0.0000000 
       0.0000000        0.0000000        0.0000000        0.0000000 
       0.0000000        0.0000000        0.0000000        0.0000000 
       0.0000000 
       0.0000000        0.0000000        0.0000000        0.0000000 
       0.0000000        0.0000000        0.0000000        0.0000000 
       0.0000000 
       0.0000000        0.0000000        0.0000000        0.0000000 
       0.0000000        0.0000000        0.0000000        0.0000000 
       0.0000000 
       0.0000000        0.0000000        0.0000000        0.0000000 
       0.0000000        0.0000000        0.0000000        0.0000000 
       0.0000000 
       0.0000000        0.0000000        0.0000000        0.0000000 
       0.0000000        0.0000000        0.0000000        0.0000000 
       0.0000000 
       0.0000000        0.0000000        0.0000000        0.0000000 
       0.0000000        0.0000000        0.0000000        0.0000000 
       0.0000000 
       0.0000000        0.0000000        0.0000000        0.0000000 
       0.0000000        0.0000000        0.0000000        0.0000000 
       0.0000000 
       0.0000000        0.0000000        0.0000000        0.0000000 
       0.0000000        0.0000000        0.0000000        0.0000000 
       0.0000000 
       0.0000000        0.0000000        0.0000000        0.0000000 
       0.0000000        0.0000000        0.0000000        0.0000000 
       0.0000000 
       0.0000000        0.0000000        0.0000000        0.0000000 
       0.0000000        0.0000000        0.0000000        0.0000000 
       0.0000000 
   3.3316470e-05    4.5810147e-05    2.9984823e-05    9.7450676e-05 
   6.5800029e-05    7.5794970e-05    3.3316470e-05    2.8319000e-05 
   8.7455734e-05 
   4.8437301e-05    6.6601289e-05    4.3593571e-05    0.00014167911 
   9.5663670e-05    0.00011019486    4.8437301e-05    4.1171706e-05 
   0.00012714792 
   4.8402067e-05    6.6552842e-05    4.3561860e-05    0.00014157604 
   9.5594082e-05    0.00011011470    4.8402067e-05    4.1141757e-05 
   0.00012705542 
   4.1185013e-05    5.6629392e-05    3.7066511e-05    0.00012046616 
   8.1340400e-05    9.3695904e-05    4.1185013e-05    3.5007261e-05 
   0.00010811066 
   3.2569499e-05    4.4783062e-05    2.9312549e-05    9.5265786e-05 
   6.4324761e-05    7.4095611e-05    3.2569499e-05    2.7684075e-05 
   8.5494936e-05 
   2.9632572e-05    4.0744786e-05    2.6669314e-05    8.6675272e-05 
   5.8524329e-05    6.7414101e-05    2.9632572e-05    2.5187686e-05 
   7.7785501e-05 
   2.5010658e-05    3.4389654e-05    2.2509592e-05    7.3156174e-05 
   4.9396049e-05    5.6899246e-05    2.5010658e-05    2.1259059e-05 
   6.5652976e-05 
   2.3962029e-05    3.2947790e-05    2.1565826e-05    7.0088935e-05 
   4.7325008e-05    5.4513616e-05    2.3962029e-05    2.0367725e-05 
   6.2900327e-05 
   2.8395771e-05    3.9044185e-05    2.5556194e-05    8.3057629e-05 
   5.6081647e-05    6.4600378e-05    2.8395771e-05    2.4136405e-05 
   7.4538898e-05 
   3.1729030e-05    4.3627416e-05    2.8556127e-05    9.2807412e-05 
   6.2664834e-05    7.2183543e-05    3.1729030e-05    2.6969675e-05 
   8.3288703e-05 
   2.2488617e-05    3.0921849e-05    2.0239756e-05    6.5779205e-05 
   4.4415019e-05    5.1161604e-05    2.2488617e-05    1.9115325e-05 
   5.9032620e-05 
   3.7964370e-05    5.2201009e-05    3.4167933e-05    0.00011104578 
   7.4979632e-05    8.6368943e-05    3.7964370e-05    3.2269715e-05 
   9.9656472e-05 
   3.7232359e-05    5.1194494e-05    3.3509123e-05    0.00010890465 
   7.3533909e-05    8.4703617e-05    3.7232359e-05    3.1647505e-05 
   9.7734943e-05 
   3.2948010e-05    4.5303514e-05    2.9653209e-05    9.6372929e-05 
   6.5072320e-05    7.4956723e-05    3.2948010e-05    2.8005809e-05 
   8.6488526e-05 
   2.6569855e-05    3.6533551e-05    2.3912870e-05    7.7716826e-05 
   5.2475464e-05    6.0446420e-05    2.6569855e-05    2.2584377e-05 
   6.9745870e-05 
   3.3224398e-05    4.5683548e-05    2.9901958e-05    9.7181365e-05 
   6.5618187e-05    7.5585506e-05    3.3224398e-05    2.8240739e-05 
   8.7214046e-05 
   3.3943035e-05    4.6671674e-05    3.0548732e-05    9.9283379e-05 
   6.7037495e-05    7.7220406e-05    3.3943035e-05    2.8851580e-05 
   8.9100468e-05 
   4.5927222e-05    6.3149930e-05    4.1334500e-05    0.00013433712 
   9.0706264e-05    0.00010448443    4.5927222e-05    3.9038139e-05 
   0.00012055896 
   6.2707327e-05    8.6222575e-05    5.6436594e-05    0.00018341893 
   0.00012384697    0.00014265917    6.2707327e-05    5.3301228e-05 
   0.00016460673 
   7.4880511e-05    0.00010296070    6.7392460e-05    0.00021902549 
   0.00014788901    0.00017035316    7.4880511e-05    6.3648434e-05 
   0.00019656134 
   5.1640529e-05    7.1005728e-05    4.6476476e-05    0.00015104855 
   0.00010199005    0.00011748220    5.1640529e-05    4.3894450e-05 
   0.00013555639 
   8.5092555e-05    0.00011700226    7.6583299e-05    0.00024889572 
   0.00016805780    0.00019358556    8.5092555e-05    7.2328672e-05 
   0.00022336796 
   8.6875504e-05    0.00011945382    7.8187954e-05    0.00025411085 
   0.00017157912    0.00019764177    8.6875504e-05    7.3844178e-05 
   0.00022804820 
   7.2073772e-05    9.9101436e-05    6.4866395e-05    0.00021081578 
   0.00014234570    0.00016396783    7.2073772e-05    6.1262706e-05 
   0.00018919365 
   6.1710631e-05    8.4852117e-05    5.5539568e-05    0.00018050359 
   0.00012187850    0.00014039168    6.1710631e-05    5.2454036e-05 
   0.00016199041 
   6.1959012e-05    8.5193642e-05    5.5763111e-05    0.00018123011 
   0.00012236905    0.00014095675    6.1959012e-05    5.2665160e-05 
   0.00016264241 
   5.6273980e-05    7.7376722e-05    5.0646582e-05    0.00016460139 
   0.00011114111    0.00012802330    5.6273980e-05    4.7832883e-05 
   0.00014771920 
   7.2884505e-05    0.00010021619    6.5596055e-05    0.00021318718 
   0.00014394690    0.00016581225    7.2884505e-05    6.1951829e-05 
   0.00019132183 
   0.00010175151    0.00013990833    9.1576360e-05    0.00029762317 
   0.00020095923    0.00023148469    0.00010175151    8.6488784e-05 
   0.00026709772 
   0.00024114063    0.00033156836    0.00021702656    0.00070533633 
   0.00047625274    0.00054859492    0.00024114063    0.00020496953 
   0.00063299414 
   0.00024904062    0.00034243085    0.00022413655    0.00072844380 
   0.00049185522    0.00056656740    0.00024904062    0.00021168452 
   0.00065373162 
   0.00045688157    0.00062821216    0.00041119342     0.0013363786 
   0.00090234111     0.0010394056    0.00045688157    0.00038834934 
    0.0011993141 
   0.00051256547    0.00070477751    0.00046130892     0.0014992540 
    0.0010123168     0.0011660864    0.00051256547    0.00043568065 
    0.0013454843 
   0.00042626487    0.00058611420    0.00038363839     0.0012468248 
   0.00084187312    0.00096975259    0.00042626487    0.00036232514 
    0.0011189453 
   0.00033940847    0.00046668665    0.00030546762    0.00099276978 
   0.00067033173    0.00077215427    0.00033940847    0.00028849720 
   0.00089094724 
   0.00038701934    0.00053215159    0.00034831741     0.0011320316 
   0.00076436320    0.00088046900    0.00038701934    0.00032896644 
    0.0010159258 
   0.00043679327    0.00060059075    0.00039311394     0.0012776203 
   0.00086266671    0.00099370469    0.00043679327    0.00037127428 
    0.0011465823 
   0.00045428014    0.00062463519    0.00040885213     0.0013287694 
   0.00089720328     0.0010334873    0.00045428014    0.00038613812 
    0.0011924854 
   0.00048627757    0.00066863165    0.00043764981     0.0014223619 
   0.00096039819     0.0011062815    0.00048627757    0.00041333593 
    0.0012764786 
   0.00054447015    0.00074864645    0.00049002313     0.0015925752 
    0.0010753285     0.0012386696    0.00054447015    0.00046279962 
    0.0014292341 
   0.00039230144    0.00053941447    0.00035307129     0.0011474817 
   0.00077479534    0.00089248577    0.00039230144    0.00033345622 
    0.0010297913 
   0.00052233737    0.00071821389    0.00047010364     0.0015278368 
    0.0010316163     0.0011883175    0.00052233737    0.00044398677 
    0.0013711356 
   0.00046664556    0.00064163764    0.00041998100     0.0013649382 
   0.00092162497     0.0010616186    0.00046664556    0.00039664872 
    0.0012249446 
   0.00043141300    0.00059319287    0.00038827170     0.0012618830 
   0.00085204067    0.00098146457    0.00043141300    0.00036670105 
    0.0011324591 
   0.00035912159    0.00049379218    0.00032320943     0.0010504306 
   0.00070926514    0.00081700161    0.00035912159    0.00030525335 
   0.00094269417 
   0.00035648882    0.00049017212    0.00032083993     0.0010427298 
   0.00070406541    0.00081101205    0.00035648882    0.00030301549 
   0.00093578314 
   0.00035104245    0.00048268336    0.00031593820     0.0010267992 
   0.00069330883    0.00079862157    0.00035104245    0.00029838608 
   0.00092148642 
   0.00038738614    0.00053265594    0.00034864753     0.0011331045 
   0.00076508762    0.00088130347    0.00038738614    0.00032927822 
    0.0010168886 
   0.00043303550    0.00059542381    0.00038973195     0.0012666288 
   0.00085524511    0.00098515576    0.00043303550    0.00036808017 
    0.0011367182 
   0.00060792821    0.00083590128    0.00054713538     0.0017781900 
    0.0012006582     0.0013830367    0.00060792821    0.00051673897 
    0.0015958115 
   0.00052390149    0.00072036455    0.00047151134     0.0015324119 
    0.0010347054     0.0011918759    0.00052390149    0.00044531627 
    0.0013752414 
   0.00081296119     0.0011178216    0.00073166507     0.0023779115 
    0.0016055983     0.0018494867    0.00081296119    0.00069101701 
    0.0021340231 
   0.00074464717     0.0010238899    0.00067018245     0.0021780930 
    0.0014706782     0.0016940723    0.00074464717    0.00063295010 
    0.0019546988 
   0.00072073772    0.00099101436    0.00064866395     0.0021081578 
    0.0014234570     0.0016396783    0.00072073772    0.00061262706 
    0.0018919365 
   0.00068567368    0.00094280131    0.00061710631     0.0020055955 
    0.0013542055     0.0015599076    0.00068567368    0.00058282263 
    0.0017998934 
    0.0020653004     0.0028397881     0.0018587704     0.0060410038 
    0.0040789684     0.0046985585     0.0020653004     0.0017555054 
    0.0054214137 
     0.013041272      0.017931748      0.011737144      0.038145719 
     0.025756511      0.029668893      0.013041272      0.011085081 
     0.034233338 
     0.025659340      0.035281592      0.023093406      0.075053569 
     0.050677196      0.058374998      0.025659340      0.021810439 
     0.067355767 
     0.029815559      0.040996394      0.026834003      0.087210510 
     0.058885729      0.067830397      0.029815559      0.025343225 
     0.078265842 
     0.030206036      0.041533300      0.027185433      0.088352657 
     0.059656922      0.068718733      0.030206036      0.025675131 
     0.079290846 
     0.019573426      0.026913461      0.017616084      0.057252272 
     0.038657517      0.044529545      0.019573426      0.016637412 
     0.051380244 
     0.036917078      0.050760982      0.033225370       0.10798245 
     0.072911228      0.083986351      0.036917078      0.031379516 
     0.096907328 
     0.045547586      0.062627930      0.040992827       0.13322669 
     0.089956481       0.10362076      0.045547586      0.038715448 
      0.11956241 
     0.045303513      0.062292330      0.040773162       0.13251278 
     0.089474438       0.10306549      0.045303513      0.038507986 
      0.11892172 
     0.049978606      0.073045655      0.037163579       0.19606992 
      0.13968380       0.18069188      0.058949125      0.046134098 
      0.12430576 
     0.057512829       0.10680954      0.067098301       0.19992555 
      0.10544019      0.087638597      0.043819299      0.046558005 
      0.17938525 
     0.075192265      0.069408245      0.070854250       0.17496662 
      0.14026249       0.10989639      0.069408245      0.065070230 
      0.20822473 
     0.037234113       0.10528267      0.039801983       0.13994891 
      0.13866497       0.10785054      0.060344943      0.050073463 
     0.095011186 
     0.094517742      0.084435850      0.069313011       0.22054140 
      0.10459963       0.22810282      0.084435850      0.065532301 
      0.23188353 
       0.0000000        0.0000000        0.0000000        0.0000000 
       0.0000000        0.0000000        0.0000000        0.0000000 
       0.0000000 
       0.0000000        0.0000000        0.0000000        0.0000000 
       0.0000000        0.0000000        0.0000000        0.0000000 
       0.0000000 
       0.0000000        0.0000000        0.0000000        0.0000000 
       0.0000000        0.0000000        0.0000000        0.0000000 
       0.0000000 
       0.0000000        0.0000000        0.0000000        0.0000000 
       0.0000000        0.0000000        0.0000000        0.0000000 
       0.0000000 
       0.0000000        0.0000000        0.0000000        0.0000000 
       0.0000000        0.0000000        0.0000000        0.0000000 
       0.0000000 
       0.0000000        0.0000000        0.0000000        0.0000000 
       0.0000000        0.0000000        0.0000000        0.0000000 
       0.0000000 
       0.0000000        0.0000000        0.0000000        0.0000000 
       0.0000000        0.0000000        0.0000000        0.0000000 
       0.0000000 
       0.0000000        0.0000000        0.0000000        0.0000000 
       0.0000000        0.0000000        0.0000000        0.0000000 
       0.0000000 
       0.0000000        0.0000000        0.0000000        0.0000000 
       0.0000000        0.0000000        0.0000000        0.0000000 
       0.0000000 
       0.0000000        0.0000000        0.0000000        0.0000000 
       0.0000000        0.0000000        0.0000000        0.0000000 
       0.0000000 
       0.0000000        0.0000000        0.0000000        0.0000000 
       0.0000000        0.0000000        0.0000000        0.0000000 
       0.0000000 
      0.18663871       0.33347946        0.0000000        0.0000000 
       1.1472791       0.17703230        0.0000000        0.0000000 
      0.21820261 
      0.29834381       0.30221840        0.0000000        0.0000000 
       1.8391410       0.18339749        0.0000000        0.0000000 
      0.28284543 
      0.36907729       0.42018030        0.0000000        0.0000000 
      0.85029730      0.031229617        0.0000000        0.0000000 
      0.71544214 
      0.24106524       0.21841482        0.0000000     0.0016178875 
       1.2732775      0.029121976        0.0000000        0.0000000 
     0.059861839 
      0.30960181     0.0077400452        0.0000000        0.0000000 
       1.7202251       0.20124118        0.0000000        0.0000000 
      0.25929152 
     0.082730778        0.0000000        0.0000000        0.0000000 
       1.7507621       0.22583266        0.0000000        0.0000000 
      0.30185554 
      0.66596274      0.030502110        0.0000000        0.0000000 
       4.5626073       0.18047082        0.0000000        0.0000000 
      0.93031436 
      0.74621262      0.062401055        0.0000000        0.0000000 
       12.108405       0.38740655        0.0000000        0.0000000 
       1.0790182 
      0.57869076        0.0000000        0.0000000        0.0000000 
       13.112420        0.0000000        0.0000000        0.0000000 
      0.72679172 
      0.63976112        0.0000000        0.0000000        0.0000000 
       9.4545694        0.0000000        0.0000000        0.0000000 
      0.83371585 
      0.22606860        1.5158357        0.0000000        0.0000000 
       13.946995       0.45083045        0.0000000        0.0000000 
       1.4831668 
       1.5133692        1.0633335        0.0000000        0.0000000 
       4.7601566       0.23140636        0.0000000        0.0000000 
      0.26689814 
       2.9715006        1.3113918        0.0000000        0.0000000 
       5.9833932       0.93170749        0.0000000        0.0000000 
       1.0636545 
       2.8476462        1.5125583        0.0000000        0.0000000 
       7.7762201        1.0787417        0.0000000        0.0000000 
       1.8732988 
       6.7442987       0.76807146       0.38009016        2.9341908 
       3.2932379        1.0587286       0.20648496       0.15124695 
      0.57473841 
      0.53626043       0.83638345       0.28031795       0.84857119 
       3.2434615        1.8251136       0.34278010       0.11273657 
      0.69470101 
       1.7031611        8.0263087      0.089261191        1.1474382 
       16.667368        8.6698531       0.17132390      0.027354236 
       18.610958 
       1.3237814        5.7369029        1.6151994        12.031840 
       22.719748        5.4098328        5.5617421        2.5793587 
       15.056076 
      0.67236088        3.3752516        2.7415515        11.149424 
       12.899243        6.8664855        15.721478        4.9721087 
       3.6391532 
      0.55170298       0.57020521      0.070644893        5.8332498 
       9.1771081        13.314880        3.2378909       0.53656479 
       10.014755 
      0.74777801       0.20215051       0.22182888        7.1736599 
       20.290187        14.005632        4.2236935       0.35778852 
       6.9410973 
      0.58586034       0.45481263      0.011563033        2.6209542 
       23.260968        5.5020765        1.3374575       0.41048767 
       3.9025236 
      0.31362130        5.0262818        1.4696828        1.6882168 
       1.5814521        2.8142507        4.8194252        1.2945220 
       5.6468516 
       2.1349569        1.1971122        0.0000000       0.21605635 
       1.2211185       0.68177783      0.052813775       0.15844133 
      0.89463334 
      0.46368391        2.0622716       0.31597815        1.0470282 
       1.8640841       0.42815974       0.50294747       0.19444809 
      0.81518623 
     0.019892456       0.62751658       0.36710624       0.58230645 
       15.100183       0.10488750       0.51901227       0.12839676 
      0.61847455 
      0.19185446       0.77107222      0.036543707       0.75828192 
       1.8271854       0.23022535       0.10963112       0.52622938 
       1.0396685 
     0.087341680        1.8683525      0.028480982       0.63227781 
       1.5569604       0.14430364       0.36455658       0.11012647 
      0.11392393 
       0.0000000        1.9297149        0.0000000       0.21860051 
       2.8644205      0.056534615       0.13002962        0.0000000 
      0.27325064 
