
       0.0000000        0.0000000 
       0.0000000        0.0000000 
       0.0000000        0.0000000 
       0.0000000        0.0000000 
       0.0000000        0.0000000 
       0.0000000        0.0000000 
       0.0000000        0.0000000 
       0.0000000        0.0000000 
       0.0000000        0.0000000 
       0.0000000        0.0000000 
       0.0000000        0.0000000 
       0.0000000        0.0000000 
       0.0000000        0.0000000 
       0.0000000        0.0000000 
       0.0000000        0.0000000 
       0.0000000        0.0000000 
       0.0000000        0.0000000 
       0.0000000        0.0000000 
       0.0000000        0.0000000 
       0.0000000        0.0000000 
       0.0000000        0.0000000 
       0.0000000        0.0000000 
       0.0000000        0.0000000 
       0.0000000        0.0000000 
       0.0000000        0.0000000 
       0.0000000        0.0000000 
       0.0000000        0.0000000 
       0.0000000        0.0000000 
       0.0000000        0.0000000 
   0.00020594850    9.7282206e-05 
   0.00023940751    0.00011308697 
   0.00032487321    0.00015345770 
   0.00040513994    0.00019137264 
   0.00015745205    7.4374335e-05 
   0.00011274427    5.3256086e-05 
   0.00011123938    5.2545232e-05 
   0.00013411302    6.3349867e-05 
   0.00010316051    4.8729086e-05 
   0.00011800792    5.5742434e-05 
   0.00013901524    6.5665489e-05 
   0.00018764373    8.8635730e-05 
   0.00024990247    0.00011804438 
   0.00032411195    0.00015309811 
   0.00012844772    6.0673798e-05 
   0.00012641024    5.9711370e-05 
   0.00015096772    7.1311387e-05 
   0.00025704995    0.00012142058 
   0.00022781280    0.00010761006 
   0.00027849869    0.00013155214 
   0.00031922018    0.00015078742 
   0.00042058077    0.00019866629 
   0.00058310574    0.00027543688 
   0.00070899491    0.00033490212 
   0.00029833019    0.00014091979 
   0.00023573801    0.00011135363 
   0.00025028859    0.00011822677 
   0.00040792710    0.00019268918 
   0.00036965850    0.00017461256 
   0.00089686016    0.00042364249 
    0.0015394650    0.00072718449 
    0.0022581952     0.0010666852 
    0.0034403240     0.0016250777 
    0.0041931984     0.0019807068 
    0.0016408161    0.00077505885 
    0.0014725084    0.00069555675 
    0.0019427162    0.00091766496 
    0.0025425593     0.0012010079 
    0.0017666238    0.00083448559 
    0.0020250159    0.00095654016 
    0.0024250436     0.0011454980 
    0.0025817189     0.0012195054 
    0.0031321109     0.0014794896 
    0.0042438409     0.0020046284 
    0.0017361160    0.00082007489 
    0.0013563477    0.00064068685 
    0.0015613241    0.00073750987 
    0.0021681604     0.0010241562 
    0.0015731978    0.00074311856 
    0.0022610317     0.0010680250 
    0.0032385402     0.0015297627 
    0.0040181639     0.0018980272 
    0.0049980493     0.0023608876 
    0.0070899491     0.0033490212 
    0.0033147799     0.0015657754 
    0.0078579337     0.0037117878 
     0.058003389      0.027398586 
      0.14361269      0.067837150 
      0.10831854      0.051165539 
      0.11234354      0.053066798 
      0.12099474      0.057153295 
      0.18246735      0.086190607 
      0.30571402       0.14440763 
      0.44565394       0.21050990 
      0.19097298       0.10125413 
      0.51592615       0.19648858 
      0.15032150      0.081820565 
      0.31456407       0.12068989 
      0.10334227      0.068054663 
     0.040080153      0.045974293 
      0.13362037       0.15728231 
     0.093976735      0.096516647 
      0.16398458       0.13642414 
      0.19731514       0.38389203 
      0.22420351       0.40523739 
      0.23401241       0.26554600 
      0.33450447       0.22246171 
      0.45707012       0.59468263 
      0.17583878       0.33244519 
      0.25854865       0.42705547 
      0.24153245       0.27858572 
      0.25817558       0.33734943 
      0.52910327        1.1065655 
      0.45787783       0.48997996 
      0.87673467        1.6721827 
      0.59722619       0.60617340 
       2.8899637       0.50226642 
      0.94967933       0.72482489 
      0.63390438        1.3989614 
      0.84366530        2.0775975 
       22.571578        4.4691018 
       24.468327        14.497306 
       64.775072        22.504995 
      0.34798121      0.084675427 
       1.3032697       0.43531345 
       9.0752219        1.9728743 
       8.9319299        2.6591352 
       10.237989        1.6324353 
       17.256178        2.8306452 
       15.106635        2.8434630 
       21.351116        3.6601913 
       20.343326        1.7113370 
       23.960585        3.0564300 
       7.4900020        4.5868260 
       16.614845        3.7196298 
       13.387728        3.3654684 
       19.737359        3.6635257 
       14.546223        10.357609 
       11.129821        10.641737 

       0.0000000 
       0.0000000 
       0.0000000 
       0.0000000 
       0.0000000 
       0.0000000 
       0.0000000 
       0.0000000 
       0.0000000 
       0.0000000 
       0.0000000 
       0.0000000 
       0.0000000 
       0.0000000 
       0.0000000 
       0.0000000 
       0.0000000 
       0.0000000 
       0.0000000 
       0.0000000 
       0.0000000 
       0.0000000 
       0.0000000 
       0.0000000 
       0.0000000 
       0.0000000 
       0.0000000 
       0.0000000 
       0.0000000 
       10.787811 
       23.328243 
       40.711424 
       63.491758 
       72.497663 
       78.983659 
       85.346303 
       92.973434 
       98.773975 
       105.33522 
       112.97907 
       123.47069 
       137.21175 
       155.03327 
       162.17497 
       169.20339 
       177.36911 
       190.35524 
       201.98235 
       215.30799 
       230.73037 
       250.66272 
       277.28340 
       309.21194 
       322.64680 
       331.84744 
       339.35037 
       347.26433 
       352.01427 
       362.69643 
       375.64620 
       392.86265 
       422.81167 
       462.92182 
       477.58849 
       487.47062 
       500.52355 
       520.03357 
       534.05352 
       550.17191 
       569.73824 
       592.73312 
       623.16291 
       667.87959 
       683.11785 
       693.49510 
       705.05581 
       720.91812 
       729.28269 
       742.71318 
       759.58817 
       780.33227 
       804.57011 
       824.98667 
       821.84026 
       817.73333 
       827.65006 
       847.42028 
       856.08216 
       865.06771 
       874.83553 
       892.05565 
       928.63976 
       987.02550 
       1006.0251 
       1021.8990 
       1022.1332 
       1047.4042 
       1073.0750 
       1103.5425 
       1138.1950 
       1224.6517 
       1285.6348 
       1437.2373 
       1633.1579 
       1720.4920 
       1824.5172 
       1920.8144 
       2004.6143 
       2093.4833 
       2273.2059 
       2284.4759 
       2365.3387 
       2432.2772 
       2484.5253 
       2511.1568 
       2581.5658 
       2744.5604 
       2902.6070 
       3080.4595 
       3196.2437 
       3228.2422 
       3284.8410 
       3330.8355 
       3384.1171 
       3453.0488 
       3505.4771 
       3529.9739 
       3593.7901 
       3581.1953 
       3572.7951 
       3564.8623 
       3560.8361 
       3569.7766 
       3563.4289 
       3547.4026 
       3533.4736 
       3507.3564 
       3476.9843 
rc =       1.0000000 
uno-strad

       0.0000000 
       0.0000000 
       0.0000000 
       0.0000000 
       0.0000000 
       0.0000000 
       0.0000000 
       0.0000000 
       0.0000000 
       0.0000000 
       0.0000000 
       0.0000000 
       0.0000000 
       0.0000000 
       0.0000000 
       0.0000000 
       0.0000000 
       0.0000000 
       0.0000000 
       0.0000000 
       0.0000000 
       0.0000000 
       0.0000000 
       0.0000000 
       0.0000000 
       0.0000000 
       0.0000000 
       0.0000000 
       0.0000000 
       2.4958733 
       5.3972338 
       9.4190150 
       14.689484 
       16.773095 
       18.273698 
       19.745763 
       21.510379 
       22.852395 
       24.370409 
       26.138894 
       28.566239 
       31.745378 
       35.868574 
       37.520881 
       39.146979 
       41.036205 
       44.040681 
       46.730735 
       49.813763 
       53.381892 
       57.993449 
       64.152423 
       71.539427 
       74.647723 
       76.776387 
       78.512270 
       80.343246 
       81.448666 
       83.936745 
       86.966458 
       91.009777 
       98.026316 
       107.42771 
       110.98016 
       113.47154 
       116.74778 
       121.57472 
       125.20153 
       129.39357 
       134.47104 
       140.43585 
       148.21217 
       159.38275 
       163.81646 
       167.20131 
       170.92196 
       175.68425 
       178.74793 
       183.00696 
       188.07577 
       194.04288 
       200.80407 
       206.65653 
       207.02580 
       207.13659 
       210.44971 
       216.00036 
       218.94882 
       221.94737 
       225.11443 
       230.00542 
       239.37091 
       253.77225 
       258.18517 
       261.70023 
       262.09611 
       276.13786 
       280.56884 
       286.32926 
       294.52977 
       296.01692 
       295.51608 
       295.51092 
       295.51205 
       295.07481 
       301.99096 
       299.78756 
       314.05237 
       310.87758 
       308.10802 
       330.84781 
       381.37811 
       440.25951 
       447.70568 
       456.91170 
       502.14551 
       515.13862 
       519.38214 
       524.48205 
       541.40449 
       540.78957 
       540.22928 
       540.59038 
       539.23933 
       535.04840 
       535.35551 
       641.62010 
       692.33347 
       750.87778 
       802.18065 
       831.16886 
       913.73698 
       942.49083 
       939.89921 
       947.99508 
       944.04003 
       938.97181 
       934.19259 
rc =       1.0000000 
due-fer

       0.0000000 
       0.0000000 
       0.0000000 
       0.0000000 
       0.0000000 
       0.0000000 
       0.0000000 
       0.0000000 
       0.0000000 
       0.0000000 
       0.0000000 
       0.0000000 
       0.0000000 
       0.0000000 
       0.0000000 
       0.0000000 
       0.0000000 
       0.0000000 
       0.0000000 
       0.0000000 
       0.0000000 
       0.0000000 
       0.0000000 
       0.0000000 
       0.0000000 
       0.0000000 
       0.0000000 
       0.0000000 
       0.0000000 
       0.0000000 
       0.0000000 
       0.0000000 
       0.0000000 
       0.0000000 
       0.0000000 
       0.0000000 
       0.0000000 
       0.0000000 
       0.0000000 
       0.0000000 
       0.0000000 
       0.0000000 
       0.0000000 
       0.0000000 
       0.0000000 
       0.0000000 
       0.0000000 
       0.0000000 
       0.0000000 
       0.0000000 
       0.0000000 
       0.0000000 
       0.0000000 
       0.0000000 
       0.0000000 
       0.0000000 
       0.0000000 
       0.0000000 
       0.0000000 
       0.0000000 
       0.0000000 
       0.0000000 
       0.0000000 
       0.0000000 
       0.0000000 
       0.0000000 
       0.0000000 
       0.0000000 
       0.0000000 
       0.0000000 
       0.0000000 
       0.0000000 
       0.0000000 
       0.0000000 
       0.0000000 
       0.0000000 
       0.0000000 
       0.0000000 
       0.0000000 
       0.0000000 
       0.0000000 
       0.0000000 
       0.0000000 
       0.0000000 
       0.0000000 
       0.0000000 
       0.0000000 
       0.0000000 
       0.0000000 
       0.0000000 
       0.0000000 
       0.0000000 
       0.0000000 
       0.0000000 
       0.0000000 
       0.0000000 
       0.0000000 
       0.0000000 
       0.0000000 
       0.0000000 
       0.0000000 
       0.0000000 
       0.0000000 
       0.0000000 
       0.0000000 
       0.0000000 
       0.0000000 
       0.0000000 
       0.0000000 
       0.0000000 
       0.0000000 
       0.0000000 
       0.0000000 
       0.0000000 
       0.0000000 
       0.0000000 
       0.0000000 
       0.0000000 
       0.0000000 
       0.0000000 
       0.0000000 
       2.2265346 
       2.2265346 
       2.2265346 
       2.2265346 
       2.2265346 
       2.2265346 
       2.2265346 
       2.2265346 
       2.2265346 
       2.2265346 
       2.2265346 
       2.2265346 
       2.2265346 
       2.2265346 
       2.2265346 
       2.2265346 
       2.2265346 
rc =       1.0000000 
tre-mar

       0.0000000 
       0.0000000 
       0.0000000 
       0.0000000 
       0.0000000 
       0.0000000 
       0.0000000 
       0.0000000 
       0.0000000 
       0.0000000 
       0.0000000 
       0.0000000 
       0.0000000 
       0.0000000 
       0.0000000 
       0.0000000 
       0.0000000 
       0.0000000 
       0.0000000 
       0.0000000 
       0.0000000 
       0.0000000 
       0.0000000 
       0.0000000 
       0.0000000 
       0.0000000 
       0.0000000 
       0.0000000 
       0.0000000 
     0.099503256 
      0.21517211 
      0.37550890 
      0.58562728 
      0.66869482 
      0.72851953 
      0.78720648 
      0.85755665 
      0.91105895 
      0.97157777 
       1.0420821 
       1.1388534 
       1.2655965 
       1.4299764 
       1.4958491 
       1.5606769 
       1.6359949 
       1.7557747 
       1.8630194 
       1.9859307 
       2.1281817 
       2.3120312 
       2.5575717 
       2.8520702 
       2.9759890 
       3.0608526 
       3.1300573 
       3.2027596 
       3.2460704 
       3.3437213 
       3.4617419 
       3.6188872 
       3.8929662 
       4.2601072 
       4.3917557 
       4.4784272 
       4.5933722 
       4.7668441 
       4.8885888 
       5.0286059 
       5.1993777 
       5.4012120 
       5.6711030 
       6.0724756 
       6.2018173 
       6.2865676 
       6.3826522 
       6.5189983 
       6.5868146 
       6.7019210 
       6.8492711 
       7.0332169 
       7.2499571 
       7.4318348 
       7.3965610 
       7.3525641 
       7.4377510 
       7.6136394 
       7.6868045 
       7.7624596 
       7.8448119 
       7.9964693 
       8.3271008 
       8.8592055 
       8.7288926 
       8.5957006 
       8.4597809 
       8.3212367 
       10.061526 
       10.019786 
       10.435218 
       10.415041 
       10.392889 
       10.495297 
       12.079883 
       14.194206 
       35.129059 
       40.928431 
       48.413330 
       67.418138 
       67.441783 
       69.970707 
       73.211804 
       73.334065 
       73.269119 
       73.350194 
       74.542449 
       74.892446 
       77.234443 
       79.861636 
       82.676613 
       84.823747 
       88.474035 
       90.319565 
       98.295107 
       101.51336 
       102.62919 
       105.29917 
       106.63733 
       121.61839 
       141.18026 
       156.78379 
       178.29325 
       178.26253 
       178.18882 
       178.03696 
       177.83513 
       177.46775 
       177.12093 
rc =       1.0000000 
qua-com

       0.0000000 
       0.0000000 
       0.0000000 
       0.0000000 
       0.0000000 
       0.0000000 
       0.0000000 
       0.0000000 
       0.0000000 
       0.0000000 
       0.0000000 
       0.0000000 
       0.0000000 
       0.0000000 
       0.0000000 
       0.0000000 
       0.0000000 
       0.0000000 
       0.0000000 
       0.0000000 
       0.0000000 
       0.0000000 
       0.0000000 
       0.0000000 
       0.0000000 
       0.0000000 
       0.0000000 
       0.0000000 
       0.0000000 
       1.5920521 
       3.4427538 
       6.0081425 
       9.3700365 
       10.699117 
       11.656313 
       12.595304 
       13.720906 
       14.576943 
       15.545244 
       16.673314 
       18.221654 
       20.249543 
       22.879622 
       23.933585 
       24.970831 
       26.175918 
       28.092395 
       29.808310 
       31.774892 
       34.050908 
       36.992499 
       40.921147 
       45.633123 
       47.615824 
       48.973642 
       50.080916 
       51.248848 
       51.953967 
       53.541047 
       55.473621 
       58.052748 
       62.528414 
       68.525320 
       70.794597 
       72.391915 
       74.497741 
       77.604581 
       79.957033 
       82.683222 
       85.987689 
       89.874270 
       94.933612 
       102.17670 
       105.14709 
       107.47744 
       110.05512 
       113.33451 
       115.56806 
       118.60337 
       122.19559 
       126.40207 
       131.15457 
       135.36454 
       136.11436 
       136.73504 
       139.43256 
       143.58873 
       146.10817 
       148.67654 
       151.36344 
       155.15508 
       161.79837 
       171.64643 
       178.22993 
       182.20060 
       184.03912 
       186.01933 
       187.78673 
       195.28956 
       200.29850 
       203.31104 
       207.46338 
       207.60421 
       207.56035 
       208.73861 
       217.38273 
       219.61274 
       221.06370 
       222.09653 
       223.54955 
       225.84180 
       225.73301 
       223.87455 
       221.91394 
       219.88606 
       217.84416 
       215.70848 
       213.62002 
       211.49113 
       214.08743 
       213.29056 
       215.58482 
       213.40910 
       212.39628 
       221.74678 
       224.19598 
       225.84441 
       225.86907 
       249.90171 
       271.54554 
       378.23895 
       402.58177 
       427.65878 
       455.74278 
       482.69026 
       508.16067 
       534.30892 
       558.36656 
rc =       1.0000000 
cin-edpub

       0.0000000 
       0.0000000 
       0.0000000 
       0.0000000 
       0.0000000 
       0.0000000 
       0.0000000 
       0.0000000 
       0.0000000 
       0.0000000 
       0.0000000 
       0.0000000 
       0.0000000 
       0.0000000 
       0.0000000 
       0.0000000 
       0.0000000 
       0.0000000 
       0.0000000 
       0.0000000 
       0.0000000 
       0.0000000 
       0.0000000 
       0.0000000 
       0.0000000 
       0.0000000 
       0.0000000 
       0.0000000 
       0.0000000 
       8.2173106 
       17.769630 
       31.010777 
       48.363053 
       55.223047 
       60.163571 
       65.010135 
       70.819887 
       75.238285 
       80.236131 
       86.058617 
       94.050309 
       104.51717 
       118.09221 
       123.53220 
       128.88590 
       135.10591 
       144.99773 
       153.85435 
       164.00478 
       175.75234 
       190.93524 
       211.21280 
       235.53346 
       245.76709 
       252.77541 
       258.49056 
       264.51879 
       268.15823 
       276.34988 
       286.32478 
       299.63684 
       322.73780 
       353.69058 
       365.40337 
       373.64786 
       384.50022 
       400.49463 
       412.55591 
       426.48727 
       443.36368 
       463.20212 
       489.04931 
       526.12117 
       541.07213 
       552.63809 
       565.38706 
       581.65094 
       592.39181 
       607.12890 
       624.60411 
       645.11161 
       668.29970 
       688.54971 
       690.79587 
       692.23412 
       704.25700 
       723.68349 
       734.53706 
       745.52226 
       757.03804 
       774.20317 
       806.06506 
       854.47505 
       865.50935 
       869.26415 
       901.35926 
       918.57182 
       928.51613 
       940.05251 
       983.63046 
       1011.7888 
       1033.7727 
       1053.3004 
       1062.2619 
       1077.1460 
       1115.2477 
       1149.7080 
       1174.5650 
       1208.2871 
       1232.3705 
       1266.6070 
       1291.2105 
       1306.5387 
       1317.0524 
       1311.3910 
       1305.1576 
       1323.2708 
       1319.0329 
       1315.4680 
       1343.1591 
       1366.5550 
       1404.7128 
       1394.2613 
       1413.4087 
       1445.8948 
       1464.9771 
       1487.4069 
       1518.0210 
       1546.7501 
       1581.2681 
       1607.7803 
       1658.0480 
       1666.5959 
       1694.5765 
       1739.4553 
       1800.4093 
       1834.3811 
       1869.0999 
rc =       1.0000000 
sei-idr

       0.0000000 
       0.0000000 
       0.0000000 
       0.0000000 
       0.0000000 
       0.0000000 
       0.0000000 
       0.0000000 
       0.0000000 
       0.0000000 
       0.0000000 
       0.0000000 
       0.0000000 
       0.0000000 
       0.0000000 
       0.0000000 
       0.0000000 
       0.0000000 
       0.0000000 
       0.0000000 
       0.0000000 
       0.0000000 
       0.0000000 
       0.0000000 
       0.0000000 
       0.0000000 
       0.0000000 
       0.0000000 
       0.0000000 
       2.6782960 
       5.7917160 
       10.107448 
       15.763134 
       17.999035 
       19.609317 
       21.188975 
       23.082567 
       24.522670 
       26.151635 
       28.049378 
       30.654137 
       34.065638 
       38.490197 
       40.263271 
       42.008220 
       44.035529 
       47.259602 
       50.146271 
       53.454636 
       57.283559 
       62.232173 
       68.841305 
       76.768222 
       80.103703 
       82.387950 
       84.250708 
       86.207613 
       87.373394 
       90.001831 
       93.178552 
       97.408380 
       104.78567 
       114.66789 
       118.21142 
       120.54433 
       123.63827 
       128.30755 
       131.58451 
       135.35331 
       139.94992 
       145.38262 
       152.64719 
       163.45080 
       166.93225 
       169.21344 
       171.79972 
       175.46971 
       177.29509 
       180.39337 
       184.35955 
       189.31076 
       195.14468 
       200.04022 
       199.09077 
       197.90652 
       200.19946 
       204.93380 
       206.90315 
       208.93954 
       211.15619 
       215.23830 
       224.13780 
       238.46028 
       239.81345 
       239.83864 
       238.93185 
       253.14330 
       262.15437 
       267.12661 
       277.46669 
       294.19229 
       310.46379 
       319.38965 
       323.76834 
       336.48645 
       362.39775 
       381.54821 
       393.48137 
       410.08717 
       429.47372 
       468.60938 
       525.72281 
       583.46970 
       595.42533 
       593.01523 
       608.88851 
       617.11950 
       616.91231 
       617.28131 
       637.91145 
       675.24194 
       716.65497 
       716.80582 
       715.00921 
       730.63869 
       743.37243 
       758.04352 
       772.59190 
       792.93833 
       805.29240 
       815.47438 
       835.48952 
       840.58773 
       850.07747 
       860.71749 
       877.83732 
       902.42347 
       913.22806 
rc =       1.0000000 
set-igien

       0.0000000 
       0.0000000 
       0.0000000 
       0.0000000 
       0.0000000 
       0.0000000 
       0.0000000 
       0.0000000 
       0.0000000 
       0.0000000 
       0.0000000 
       0.0000000 
       0.0000000 
       0.0000000 
       0.0000000 
       0.0000000 
       0.0000000 
       0.0000000 
       0.0000000 
       0.0000000 
       0.0000000 
       0.0000000 
       0.0000000 
       0.0000000 
       0.0000000 
       0.0000000 
       0.0000000 
       0.0000000 
       0.0000000 
       1.9237296 
       4.1599941 
       7.2598388 
       11.322127 
       12.928100 
       14.084711 
       15.219325 
       16.579429 
       17.613806 
       18.783837 
       20.146921 
       22.017832 
       24.468198 
       27.646209 
       28.919749 
       30.173087 
       31.629234 
       33.944977 
       36.018374 
       38.394661 
       41.144847 
       44.699270 
       49.446386 
       55.140024 
       57.535787 
       59.176484 
       60.514440 
       61.925691 
       62.777710 
       64.689848 
       67.010793 
       70.098647 
       75.456024 
       82.629236 
       85.270962 
       87.066787 
       89.434961 
       92.963218 
       95.521735 
       98.464728 
       102.03305 
       106.22331 
       111.74258 
       119.81490 
       122.63431 
       124.59019 
       126.75577 
       129.68616 
       131.27570 
       133.76472 
       136.86479 
       140.65177 
       145.04923 
       148.75848 
       148.26102 
       147.58946 
       149.41545 
       153.00011 
       154.60497 
       156.27005 
       158.08140 
       161.22842 
       167.81987 
       178.29664 
       181.71121 
       187.34876 
       189.01209 
       194.08301 
       196.66777 
       198.21895 
       199.07022 
       203.25411 
       212.03051 
       214.83881 
       216.38687 
       219.34927 
       222.30669 
       223.99647 
       224.37954 
       227.65469 
       231.67857 
       239.58589 
       240.62242 
       243.61146 
       242.61862 
       241.49864 
       239.35255 
       236.17321 
       233.40824 
       230.73828 
       252.24949 
       272.94971 
       289.27231 
       285.10094 
       280.91475 
       294.71140 
       297.55552 
       303.00071 
       307.30647 
       316.03523 
       328.29443 
       328.96835 
       339.09009 
       337.25379 
       335.99464 
       336.20498 
       343.96298 
       339.95354 
       338.07170 
rc =       1.0000000 
ot-bonif

       0.0000000 
       0.0000000 
       0.0000000 
       0.0000000 
       0.0000000 
       0.0000000 
       0.0000000 
       0.0000000 
       0.0000000 
       0.0000000 
       0.0000000 
       0.0000000 
       0.0000000 
       0.0000000 
       0.0000000 
       0.0000000 
       0.0000000 
       0.0000000 
       0.0000000 
       0.0000000 
       0.0000000 
       0.0000000 
       0.0000000 
       0.0000000 
       0.0000000 
       0.0000000 
       0.0000000 
       0.0000000 
       0.0000000 
       1.6500957 
       3.5682708 
       6.2271893 
       9.7116524 
       11.089189 
       12.081282 
       13.054508 
       14.221148 
       15.108394 
       16.111998 
       17.281196 
       18.885985 
       20.987808 
       23.713775 
       24.806164 
       25.881226 
       27.130248 
       29.116597 
       30.895071 
       32.933351 
       35.292347 
       38.341184 
       42.413064 
       47.296831 
       49.351817 
       50.759139 
       51.906783 
       53.117295 
       53.848122 
       55.493064 
       57.496097 
       60.165475 
       64.794762 
       70.991285 
       73.309790 
       74.917583 
       77.035171 
       80.168837 
       82.493969 
       85.175041 
       88.420982 
       92.230715 
       97.211700 
       104.40746 
       107.11724 
       109.10473 
       111.28725 
       114.13461 
       115.83388 
       118.30209 
       121.28827 
       124.85634 
       128.94046 
       132.41739 
       132.26474 
       131.94624 
       133.75649 
       137.06312 
       138.66386 
       140.31308 
       142.08688 
       145.01216 
       150.90355 
       160.12731 
       162.93482 
       173.29011 
       174.81730 
       179.67970 
       179.95138 
       178.77125 
       179.51435 
       179.29655 
       180.23715 
       181.46404 
       182.76393 
       183.43915 
       185.29399 
       188.51651 
       188.52671 
       189.38992 
       189.64850 
       189.87642 
       192.91255 
       194.24907 
       197.69176 
       198.37654 
       210.02500 
       210.93278 
       210.06413 
       209.39073 
       261.30909 
       306.36716 
       413.86483 
       410.96829 
       409.33031 
       417.47091 
       425.06252 
       433.79651 
       449.75138 
       462.31067 
       479.95412 
       495.39923 
       513.37170 
       515.90110 
       525.84198 
       532.50200 
       544.71446 
       552.46890 
       557.27383 
rc =       1.0000000 
nov-al
  rc =         1.0000000 

       0.0000000 
       0.0000000 
       0.0000000 
       0.0000000 
       0.0000000 
       0.0000000 
       0.0000000 
       0.0000000 
       0.0000000 
       0.0000000 
       0.0000000 
       0.0000000 
       0.0000000 
       0.0000000 
       0.0000000 
       0.0000000 
       0.0000000 
       0.0000000 
       0.0000000 
       0.0000000 
       0.0000000 
       0.0000000 
       0.0000000 
       0.0000000 
       0.0000000 
       0.0000000 
       0.0000000 
       0.0000000 
       0.0000000 
       6.7496375 
       14.595842 
       25.472021 
       39.725051 
       45.359798 
       49.417908 
       53.398840 
       58.170926 
       61.800166 
       65.905359 
       70.687905 
       77.252221 
       85.849626 
       97.000063 
       101.46843 
       105.86592 
       110.97499 
       119.10005 
       126.37481 
       134.71230 
       144.36166 
       156.83278 
       173.48861 
       193.46543 
       201.87125 
       207.62784 
       212.32222 
       217.27376 
       220.24567 
       226.92920 
       235.03152 
       245.80338 
       264.54166 
       289.63748 
       298.81401 
       304.99699 
       313.16385 
       325.37073 
       334.14264 
       344.22746 
       356.46958 
       370.85685 
       389.89593 
       417.87393 
       427.40809 
       433.90086 
       441.13407 
       451.05868 
       456.29217 
       464.69526 
       475.25347 
       488.23249 
       503.39744 
       516.17152 
       514.20290 
       511.63331 
       517.83793 
       530.20762 
       535.62712 
       541.24913 
       547.36058 
       558.13474 
       581.02442 
       617.55477 
       626.20943 
       628.92456 
       627.91069 
       634.10027 
       651.52150 
       689.65286 
       705.95583 
       770.04235 
       923.18884 
       1081.8980 
       1156.7504 
       1202.4537 
       1230.9214 
       1243.3479 
       1262.3466 
       1269.7073 
       1364.6130 
       1557.4721 
       1690.9758 
       1793.5265 
       1863.1315 
       1870.7438 
       1870.0849 
       1864.8331 
       1860.5452 
       1858.4888 
       1859.4353 
       1861.7916 
       1867.9877 
       1868.5239 
       1869.1422 
       1878.3053 
       1882.7289 
       1887.0781 
       1892.0726 
       1880.7881 
       1866.0068 
       1851.6243 
       1837.3371 
       1821.6393 
       1806.1158 
       1789.1414 
       1773.1138 
       1754.8483 
       1729.1990 
rc =       2.0000000 
uno-strad

       0.0000000 
       0.0000000 
       0.0000000 
       0.0000000 
       0.0000000 
       0.0000000 
       0.0000000 
       0.0000000 
       0.0000000 
       0.0000000 
       0.0000000 
       0.0000000 
       0.0000000 
       0.0000000 
       0.0000000 
       0.0000000 
       0.0000000 
       0.0000000 
       0.0000000 
       0.0000000 
       0.0000000 
       0.0000000 
       0.0000000 
       0.0000000 
       0.0000000 
       0.0000000 
       0.0000000 
       0.0000000 
       0.0000000 
       1.1359955 
       2.4565483 
       4.2870600 
       6.6859115 
       7.6342658 
       8.3172647 
       8.9872740 
       9.7904385 
       10.401256 
       11.092180 
       11.897104 
       13.001910 
       14.448893 
       16.325563 
       17.077610 
       17.817728 
       18.677608 
       20.045094 
       21.269471 
       22.672709 
       24.296742 
       26.395690 
       29.198943 
       32.561135 
       33.975874 
       34.944734 
       35.734820 
       36.568188 
       37.071320 
       38.203768 
       39.582740 
       41.423055 
       44.616629 
       48.895671 
       50.512565 
       51.646513 
       53.137693 
       55.334672 
       56.985414 
       58.893418 
       61.204427 
       63.919306 
       67.458697 
       72.542977 
       74.560980 
       76.101595 
       77.795044 
       79.962600 
       81.357030 
       83.295525 
       85.602595 
       88.318521 
       91.395874 
       94.059616 
       94.227690 
       94.278115 
       95.786080 
       98.312454 
       99.654444 
       101.01924 
       102.46072 
       104.68685 
       108.94955 
       115.50431 
       117.99547 
       119.16491 
       119.59355 
       124.78299 
       128.22167 
       130.22459 
       146.00448 
       146.17081 
       148.29399 
       148.29628 
       153.85337 
       159.91902 
       158.97670 
       160.37021 
       173.29147 
       174.63078 
       177.90386 
       334.17744 
       554.82294 
       663.14193 
       753.16484 
       874.86277 
       997.09812 
       998.43330 
       999.94235 
       1002.2387 
       1010.8255 
       1017.8716 
       1021.6675 
       1022.3889 
       1027.1662 
       1034.0966 
       1048.2470 
       1054.2269 
       1065.0197 
       1079.8154 
       1083.7314 
       1094.3963 
       1100.4258 
       1101.1770 
       1098.7660 
       1124.5906 
       1121.9610 
       1119.2853 
       1116.5468 
rc =       2.0000000 
due-fer

       0.0000000 
       0.0000000 
       0.0000000 
       0.0000000 
       0.0000000 
       0.0000000 
       0.0000000 
       0.0000000 
       0.0000000 
       0.0000000 
       0.0000000 
       0.0000000 
       0.0000000 
       0.0000000 
       0.0000000 
       0.0000000 
       0.0000000 
       0.0000000 
       0.0000000 
       0.0000000 
       0.0000000 
       0.0000000 
       0.0000000 
       0.0000000 
       0.0000000 
       0.0000000 
       0.0000000 
       0.0000000 
       0.0000000 
       0.0000000 
       0.0000000 
       0.0000000 
       0.0000000 
       0.0000000 
       0.0000000 
       0.0000000 
       0.0000000 
       0.0000000 
       0.0000000 
       0.0000000 
       0.0000000 
       0.0000000 
       0.0000000 
       0.0000000 
       0.0000000 
       0.0000000 
       0.0000000 
       0.0000000 
       0.0000000 
       0.0000000 
       0.0000000 
       0.0000000 
       0.0000000 
       0.0000000 
       0.0000000 
       0.0000000 
       0.0000000 
       0.0000000 
       0.0000000 
       0.0000000 
       0.0000000 
       0.0000000 
       0.0000000 
       0.0000000 
       0.0000000 
       0.0000000 
       0.0000000 
       0.0000000 
       0.0000000 
       0.0000000 
       0.0000000 
       0.0000000 
       0.0000000 
       0.0000000 
       0.0000000 
       0.0000000 
       0.0000000 
       0.0000000 
       0.0000000 
       0.0000000 
       0.0000000 
       0.0000000 
       0.0000000 
       0.0000000 
       0.0000000 
       0.0000000 
       0.0000000 
       0.0000000 
       0.0000000 
       0.0000000 
       0.0000000 
       0.0000000 
       0.0000000 
       0.0000000 
       0.0000000 
       0.0000000 
       0.0000000 
       0.0000000 
       0.0000000 
       0.0000000 
       0.0000000 
       0.0000000 
       0.0000000 
       0.0000000 
       0.0000000 
       0.0000000 
       0.0000000 
       0.0000000 
       0.0000000 
       0.0000000 
       0.0000000 
       0.0000000 
       0.0000000 
       0.0000000 
       0.0000000 
       0.0000000 
       0.0000000 
       0.0000000 
       0.0000000 
       0.0000000 
     0.020885975 
      0.88522393 
      0.88522393 
      0.88522393 
      0.88522393 
      0.88522393 
      0.88522393 
      0.88522393 
      0.88522393 
      0.88522393 
      0.88522393 
      0.88522393 
      0.88522393 
      0.88522393 
      0.88522393 
      0.88522393 
      0.88522393 
      0.88522393 
rc =       2.0000000 
tre-mar

       0.0000000 
       0.0000000 
       0.0000000 
       0.0000000 
       0.0000000 
       0.0000000 
       0.0000000 
       0.0000000 
       0.0000000 
       0.0000000 
       0.0000000 
       0.0000000 
       0.0000000 
       0.0000000 
       0.0000000 
       0.0000000 
       0.0000000 
       0.0000000 
       0.0000000 
       0.0000000 
       0.0000000 
       0.0000000 
       0.0000000 
       0.0000000 
       0.0000000 
       0.0000000 
       0.0000000 
       0.0000000 
       0.0000000 
     0.066335504 
      0.14344807 
      0.25033927 
      0.39041819 
      0.44579654 
      0.48567969 
      0.52480432 
      0.57170444 
      0.60737264 
      0.64771851 
      0.69472143 
      0.75923559 
      0.84373097 
      0.95331757 
      0.99723272 
       1.0404513 
       1.0906633 
       1.1705164 
       1.2420129 
       1.3239538 
       1.4187878 
       1.5413541 
       1.7050478 
       1.9013801 
       1.9839927 
       2.0405684 
       2.0867048 
       2.1351731 
       2.1640469 
       2.2291475 
       2.3078279 
       2.4125915 
       2.5953108 
       2.8400715 
       2.9278371 
       2.9856181 
       3.0622482 
       3.1778961 
       3.2590592 
       3.3524039 
       3.4662518 
       3.6008080 
       3.7807353 
       4.0483171 
       4.1345449 
       4.1910451 
       4.2551015 
       4.3459989 
       4.3912097 
       4.4679473 
       4.5661807 
       4.6888113 
       4.8333047 
       4.9545566 
       4.9310406 
       4.9017094 
       4.9585007 
       5.0757596 
       5.1245363 
       5.1749731 
       5.2298746 
       5.3309796 
       5.5514006 
       5.9061370 
       5.8192617 
       5.7304671 
       5.6398539 
       5.5474912 
       6.6984611 
       6.6024302 
       6.5040710 
       6.4035905 
       6.3008895 
       6.1957649 
       6.0879556 
       7.9779741 
       9.1275399 
       10.764179 
       13.357374 
       24.518060 
       24.506317 
       24.434996 
       24.396209 
       24.292216 
       24.155201 
       24.347057 
       24.429579 
       24.760339 
       24.868719 
       25.032764 
       25.649774 
       25.887216 
       25.808399 
       26.871868 
       27.567216 
       28.259084 
       28.186665 
       34.351925 
       41.582096 
       42.882105 
       45.923000 
       66.251297 
       68.866514 
       68.759629 
       69.084627 
       70.829651 
       70.618399 
       70.343306 
       70.030324 
rc =       2.0000000 
qua-com

       0.0000000 
       0.0000000 
       0.0000000 
       0.0000000 
       0.0000000 
       0.0000000 
       0.0000000 
       0.0000000 
       0.0000000 
       0.0000000 
       0.0000000 
       0.0000000 
       0.0000000 
       0.0000000 
       0.0000000 
       0.0000000 
       0.0000000 
       0.0000000 
       0.0000000 
       0.0000000 
       0.0000000 
       0.0000000 
       0.0000000 
       0.0000000 
       0.0000000 
       0.0000000 
       0.0000000 
       0.0000000 
       0.0000000 
      0.58872760 
       1.2731017 
       2.2217610 
       3.4649614 
       3.9564443 
       4.3104072 
       4.6576384 
       5.0738769 
       5.3904321 
       5.7485018 
       6.1656527 
       6.7382159 
       7.4881123 
       8.4606934 
       8.8504404 
       9.2340051 
       9.6796364 
       10.388333 
       11.022865 
       11.750090 
       12.591742 
       13.679518 
       15.132299 
       16.874749 
       17.607935 
       18.110045 
       18.519505 
       18.951397 
       19.212144 
       19.799033 
       20.513683 
       21.467423 
       23.122486 
       25.340092 
       26.179252 
       26.769927 
       27.548644 
       28.697527 
       29.567444 
       30.575566 
       31.797531 
       33.234756 
       35.105659 
       37.784092 
       38.882519 
       39.744260 
       40.697465 
       41.910157 
       42.736105 
       43.858537 
       45.186910 
       46.742431 
       48.499866 
       50.056679 
       50.333956 
       50.563478 
       51.560998 
       53.097916 
       54.029584 
       54.979344 
       55.972940 
       57.375057 
       59.831690 
       63.473421 
       67.065288 
       68.602745 
       69.768697 
       70.523236 
       71.997200 
       72.182055 
       73.058999 
       73.548851 
       74.077240 
       75.044454 
       75.508306 
       75.675432 
       75.649815 
       76.349017 
       77.208684 
       83.184950 
       86.565276 
       87.446512 
       87.071402 
       87.010547 
       86.406849 
       85.656958 
       84.887336 
       84.097577 
       83.488637 
       82.904795 
       87.646524 
       101.66196 
       134.44681 
       152.08432 
       161.49646 
       167.97243 
       172.17601 
       176.06992 
       182.99245 
       191.63128 
       208.22499 
       216.39990 
       225.75266 
       280.64721 
       302.38936 
       328.98949 
       353.04623 
       373.10633 
       390.08319 
rc =       2.0000000 
cin-edpub

       0.0000000 
       0.0000000 
       0.0000000 
       0.0000000 
       0.0000000 
       0.0000000 
       0.0000000 
       0.0000000 
       0.0000000 
       0.0000000 
       0.0000000 
       0.0000000 
       0.0000000 
       0.0000000 
       0.0000000 
       0.0000000 
       0.0000000 
       0.0000000 
       0.0000000 
       0.0000000 
       0.0000000 
       0.0000000 
       0.0000000 
       0.0000000 
       0.0000000 
       0.0000000 
       0.0000000 
       0.0000000 
       0.0000000 
       4.6351933 
       10.023434 
       17.492456 
       27.280471 
       31.150034 
       33.936868 
       36.670702 
       39.947847 
       42.440163 
       45.259331 
       48.543660 
       53.051587 
       58.955701 
       66.613065 
       69.681636 
       72.701533 
       76.210095 
       81.789837 
       86.785652 
       92.511274 
       99.137800 
       107.70212 
       119.14021 
       132.85894 
       138.63149 
       142.58472 
       145.80850 
       149.20889 
       151.26181 
       155.88253 
       161.50914 
       169.01816 
       182.04887 
       199.50861 
       206.11552 
       210.76605 
       216.88761 
       225.90969 
       232.71317 
       240.57153 
       250.09112 
       261.28152 
       275.86132 
       296.77269 
       305.20618 
       311.73026 
       318.92166 
       328.09574 
       334.15441 
       342.46726 
       352.32462 
       363.89242 
       376.97228 
       388.39484 
       389.66185 
       390.47313 
       397.25496 
       408.21299 
       414.33523 
       420.53173 
       427.02751 
       436.70996 
       454.68251 
       481.98946 
       487.55937 
       487.77262 
       505.11454 
       510.40581 
       517.67004 
       530.34583 
       547.02864 
       559.37363 
       569.84118 
       578.88121 
       585.71796 
       604.15016 
       621.31433 
       632.83612 
       640.53504 
       644.26522 
       654.86627 
       673.58350 
       679.75077 
       682.40661 
       679.54454 
       681.91050 
       676.25960 
       671.63659 
       670.33465 
       670.31959 
       683.68415 
       692.00931 
       703.89980 
       700.83409 
       698.38532 
       706.18557 
       710.36627 
       714.98471 
       714.82213 
       715.01329 
       711.59841 
       708.30877 
       717.84987 
       716.70194 
       725.46150 
       732.39158 
       734.60482 
       740.01085 
       741.21498 
rc =       2.0000000 
sei-idr

       0.0000000 
       0.0000000 
       0.0000000 
       0.0000000 
       0.0000000 
       0.0000000 
       0.0000000 
       0.0000000 
       0.0000000 
       0.0000000 
       0.0000000 
       0.0000000 
       0.0000000 
       0.0000000 
       0.0000000 
       0.0000000 
       0.0000000 
       0.0000000 
       0.0000000 
       0.0000000 
       0.0000000 
       0.0000000 
       0.0000000 
       0.0000000 
       0.0000000 
       0.0000000 
       0.0000000 
       0.0000000 
       0.0000000 
       1.3515859 
       2.9227545 
       5.1006626 
       7.9547706 
       9.0831046 
       9.8957236 
       10.692888 
       11.648478 
       12.375217 
       13.197265 
       14.154949 
       15.469425 
       17.191018 
       19.423845 
       20.318617 
       21.199195 
       22.222264 
       23.849273 
       25.306013 
       26.975559 
       28.907802 
       31.405091 
       34.740349 
       38.740620 
       40.423850 
       41.576581 
       42.516611 
       43.504151 
       44.092456 
       45.418881 
       47.021994 
       49.156551 
       52.879458 
       57.866456 
       59.654681 
       60.831969 
       62.393306 
       64.749633 
       66.403331 
       68.305230 
       70.624881 
       73.366462 
       77.032482 
       82.484461 
       84.241352 
       85.392543 
       86.697693 
       88.549727 
       89.470898 
       91.034427 
       93.035933 
       95.534530 
       98.478584 
       100.94909 
       100.46995 
       99.872330 
       101.02945 
       103.41860 
       104.41243 
       105.44008 
       106.55869 
       108.61871 
       113.10979 
       120.33754 
       121.12089 
       120.69609 
       120.34817 
       125.32592 
       131.84742 
       134.75034 
       149.01318 
       158.37538 
       170.71267 
       178.07604 
       184.70048 
       194.77137 
       208.27525 
       217.57360 
       232.92628 
       242.18349 
       248.96467 
       268.81187 
       286.07771 
       314.97223 
       337.45607 
       343.17039 
       344.32246 
       344.07215 
       344.92389 
       346.65148 
       365.00254 
       384.20570 
       393.53904 
       392.07753 
       393.18151 
       402.21378 
       407.79294 
       413.52137 
       421.28739 
       427.63053 
       432.98690 
       438.48452 
       445.05590 
       449.70613 
       453.77014 
       458.71420 
       466.41917 
       468.71261 
       470.24975 
rc =       2.0000000 
set-igien

       0.0000000 
       0.0000000 
       0.0000000 
       0.0000000 
       0.0000000 
       0.0000000 
       0.0000000 
       0.0000000 
       0.0000000 
       0.0000000 
       0.0000000 
       0.0000000 
       0.0000000 
       0.0000000 
       0.0000000 
       0.0000000 
       0.0000000 
       0.0000000 
       0.0000000 
       0.0000000 
       0.0000000 
       0.0000000 
       0.0000000 
       0.0000000 
       0.0000000 
       0.0000000 
       0.0000000 
       0.0000000 
       0.0000000 
       1.0696600 
       2.3131002 
       4.0367207 
       6.2954933 
       7.1884693 
       7.8315850 
       8.4624697 
       9.2187340 
       9.7938838 
       10.444461 
       11.202383 
       12.242674 
       13.605162 
       15.372246 
       16.080378 
       16.777277 
       17.586945 
       18.874578 
       20.027458 
       21.348755 
       22.877954 
       24.854335 
       27.493896 
       30.659754 
       31.991881 
       32.904166 
       33.648116 
       34.432820 
       34.906571 
       35.969786 
       37.260311 
       38.977265 
       41.956151 
       45.944705 
       47.413595 
       48.412136 
       49.728922 
       51.690755 
       53.113378 
       54.749784 
       56.733892 
       59.063821 
       62.132728 
       66.621216 
       68.188907 
       69.276444 
       70.480579 
       72.109976 
       72.993818 
       74.377797 
       76.101541 
       78.207233 
       80.652374 
       82.714847 
       82.438240 
       82.064830 
       83.080145 
       85.073336 
       85.965692 
       86.891539 
       87.898708 
       89.648563 
       93.313637 
       99.139082 
       100.85378 
       102.58815 
       103.46942 
       104.98938 
       106.96827 
       110.01416 
       111.43068 
       124.71359 
       136.52888 
       140.34970 
       140.98196 
       145.36092 
       148.66633 
       151.97595 
       154.24503 
       159.28143 
       161.69684 
       163.65145 
       169.17536 
       175.85129 
       175.96018 
       175.98536 
       180.95442 
       178.82900 
       181.25126 
       184.75532 
       202.91451 
       213.83888 
       218.31748 
       215.99860 
       213.71440 
       220.48939 
       223.79119 
       230.26750 
       236.68002 
       241.17060 
       246.46590 
       247.40372 
       251.72726 
       254.38361 
       261.30217 
       265.01484 
       267.16650 
       270.90933 
       273.37065 
rc =       2.0000000 
ot-bonif

       0.0000000 
       0.0000000 
       0.0000000 
       0.0000000 
       0.0000000 
       0.0000000 
       0.0000000 
       0.0000000 
       0.0000000 
       0.0000000 
       0.0000000 
       0.0000000 
       0.0000000 
       0.0000000 
       0.0000000 
       0.0000000 
       0.0000000 
       0.0000000 
       0.0000000 
       0.0000000 
       0.0000000 
       0.0000000 
       0.0000000 
       0.0000000 
       0.0000000 
       0.0000000 
       0.0000000 
       0.0000000 
       0.0000000 
      0.77944217 
       1.6855149 
       2.9414864 
       4.5874137 
       5.2381094 
       5.7067363 
       6.1664508 
       6.7175271 
       7.1366285 
       7.6106925 
       8.1629768 
       8.9210182 
       9.9138389 
       11.201481 
       11.717484 
       12.225303 
       12.815293 
       13.753568 
       14.593652 
       15.556457 
       16.670757 
       18.110911 
       20.034312 
       22.341216 
       23.311914 
       23.976679 
       24.518782 
       25.090582 
       25.435796 
       26.212804 
       27.158960 
       28.419873 
       30.606571 
       33.533572 
       34.628745 
       35.388205 
       36.388473 
       37.868697 
       38.967000 
       40.233437 
       41.766695 
       43.566268 
       45.919095 
       49.318097 
       50.598094 
       51.536908 
       52.567845 
       53.912832 
       54.715501 
       55.881388 
       57.291948 
       58.977365 
       60.906549 
       62.548917 
       62.476813 
       62.326366 
       63.181456 
       64.743381 
       65.499514 
       66.278539 
       67.116418 
       68.498205 
       71.281075 
       75.638023 
       77.229316 
       81.005364 
       81.972390 
       83.665760 
       84.216484 
       84.245750 
       86.601336 
       87.570091 
       89.143162 
       94.843326 
       100.26974 
       102.59799 
       104.29628 
       110.53351 
       114.13418 
       118.60738 
       120.70778 
       123.26803 
       134.11969 
       137.25511 
       148.01901 
       150.33900 
       151.44954 
       153.05222 
       156.67422 
       161.48783 
       170.86089 
       197.95995 
       234.88454 
       233.39391 
       232.36613 
       233.24055 
       234.88090 
       235.15119 
       236.65163 
       237.97653 
       239.88947 
       239.73276 
       240.71310 
       242.79495 
       244.02702 
       244.77963 
       245.82121 
       252.25039 
       258.76263 
rc =       2.0000000 
nov-al
  rc =         2.0000000 
