
       0.0000000 
       0.0000000 
       0.0000000 
       0.0000000 
       0.0000000 
       0.0000000 
       0.0000000 
       0.0000000 
       0.0000000 
       0.0000000 
       0.0000000 
       0.0000000 
       0.0000000 
       0.0000000 
       0.0000000 
       0.0000000 
       0.0000000 
       0.0000000 
       0.0000000 
       0.0000000 
       0.0000000 
       0.0000000 
       0.0000000 
       0.0000000 
       0.0000000 
       0.0000000 
       0.0000000 
       0.0000000 
       0.0000000 
   0.00072063364 
    0.0015914371 
   0.00099080339 
    0.0017438229 
   0.00051149594 
   0.00039176477 
   0.00025989772 
   0.00039007565 
   0.00077813060 
   0.00056925610 
   0.00048642771 
    0.0012473426 
   0.00076215646 
    0.0013950584 
   0.00041727300 
   0.00043925141 
   0.00035271833 
   0.00074764501 
    0.0017183718 
    0.0013434444 
    0.0011169821 
    0.0027957679 
    0.0017783651 
    0.0030516901 
   0.00096915020 
   0.00081914453 
   0.00058476987 
    0.0011864801 
    0.0027883014 
    0.0043263463 
    0.0053867365 
     0.015011123 
     0.010492354 
     0.018048567 
    0.0053303261 
    0.0051166854 
    0.0045389280 
    0.0073951843 
     0.013325487 
    0.0097684349 
    0.0084854611 
     0.017161714 
    0.0095523611 
     0.018266545 
    0.0056399157 
    0.0047130489 
    0.0036478501 
    0.0063062231 
     0.011866492 
     0.010906947 
     0.011331964 
     0.026710337 
     0.015243129 
     0.030516901 
     0.010768336 
     0.027304818 
      0.13551810 
      0.41770602 
      0.81703714 
      0.54193180 
      0.42337227 
       1.2129331 
      0.93237142 
       1.9182052 
     0.047422819 
      0.88194800 
      0.49559730 
     0.056493139 
      0.17895856 
      0.26881126 
      0.33961844 
     0.066037706 
     0.060632953 
     0.040268394 
    0.0067755835 
      0.13941165 
     0.064331493 
      0.15642368 
     0.049454655 
     0.096154723 
     0.061225373 
     0.037362410 
     0.031229617 
       1.4123435 
      0.82624983 
       1.2366069 
       2.6771564 
       3.3331834 
       5.0918184 
       5.6248367 
       2.5194235 
       2.9477414 
       4.2626871 
       1.2678115 
       4.8952734 
       6.0222179 
       30.573576 
       74.671899 
       29.076306 
       44.621507 
       43.804224 
       46.516375 
       50.676460 
       15.912161 
       60.999684 
       42.200982 
       21.359908 
       18.653191 
       29.893726 

       0.0000000 
       0.0000000 
       0.0000000 
       0.0000000 
       0.0000000 
       0.0000000 
       0.0000000 
       0.0000000 
       0.0000000 
       0.0000000 
       0.0000000 
       0.0000000 
       0.0000000 
       0.0000000 
       0.0000000 
       0.0000000 
       0.0000000 
       0.0000000 
       0.0000000 
       0.0000000 
       0.0000000 
       0.0000000 
       0.0000000 
       0.0000000 
       0.0000000 
       0.0000000 
       0.0000000 
       0.0000000 
       0.0000000 
       2.5274048 
       8.1088896 
       11.658563 
       18.223688 
       20.182563 
       21.691577 
       22.686907 
       24.172243 
       27.101740 
       29.220923 
       31.011750 
       35.681350 
       38.487296 
       43.623328 
       45.176720 
       46.811932 
       48.089324 
       50.618290 
       56.490430 
       60.794410 
       64.407617 
       73.279089 
       78.715075 
       87.916647 
       90.838865 
       92.979459 
       94.153169 
       95.694362 
       98.100839 
       101.55054 
       104.57615 
       112.27897 
       118.36369 
       129.92539 
       133.07083 
       135.32736 
       137.21921 
       140.88773 
       148.40314 
       153.71050 
       158.16820 
       168.96672 
       174.89022 
       187.82573 
       190.83914 
       193.00851 
       194.06803 
       196.60215 
       202.49414 
       207.18569 
       210.78398 
       221.47218 
       225.74830 
       231.72283 
       230.43493 
       229.00503 
       229.25930 
       232.17834 
       239.05598 
       242.42978 
       244.14755 
       253.82333 
       260.29689 
       277.20089 
       284.11431 
       281.20526 
       279.61747 
       287.46799 
       326.32480 
       354.08841 
       381.30754 
       476.45904 
       523.52301 
       611.40688 
       658.96216 
       762.80246 
       900.48908 
       1123.0539 
       1335.2410 
       1403.1409 
       1428.4687 
       1461.2558 
       1484.6382 
       1505.0645 
       1519.0964 
       1536.5025 
       1559.9721 
       1572.9966 
       1594.1643 
       1613.0817 
       1643.7803 
       1666.1267 
       1690.8927 
       1727.5095 
       1745.8903 
       1895.3510 
       1991.6579 
       2088.4143 
       2201.8650 
       2310.0383 
       2368.8932 
       2452.4623 
       2495.3677 
       2565.1464 
       2617.3812 
       2755.9478 
       2879.1634 
       2982.2198 
       3055.8400 
rc =       1.0000000 
uno-strad

       0.0000000 
       0.0000000 
       0.0000000 
       0.0000000 
       0.0000000 
       0.0000000 
       0.0000000 
       0.0000000 
       0.0000000 
       0.0000000 
       0.0000000 
       0.0000000 
       0.0000000 
       0.0000000 
       0.0000000 
       0.0000000 
       0.0000000 
       0.0000000 
       0.0000000 
       0.0000000 
       0.0000000 
       0.0000000 
       0.0000000 
       0.0000000 
       0.0000000 
       0.0000000 
       0.0000000 
       0.0000000 
       0.0000000 
      0.22290056 
      0.71515100 
       1.0282090 
       1.6072100 
       1.7799700 
       1.9130551 
       2.0008367 
       2.1318336 
       2.3901961 
       2.5770942 
       2.7350334 
       3.1468616 
       3.3943277 
       3.8472921 
       3.9842911 
       4.1285061 
       4.2411637 
       4.4642020 
       4.9820863 
       5.3616692 
       5.6803304 
       6.4627362 
       6.9421546 
       7.7536730 
       8.0113935 
       8.2001799 
       8.3036934 
       8.4396165 
       8.6524301 
       8.9587628 
       9.2293393 
       9.9153367 
       10.461508 
       11.494323 
       11.788837 
       12.009306 
       12.203388 
       12.560130 
       13.263487 
       13.780868 
       14.232505 
       15.253430 
       15.853750 
       17.081669 
       17.443048 
       17.737260 
       17.940551 
       18.278782 
       18.916853 
       19.452325 
       19.892845 
       20.959659 
       21.459437 
       22.106750 
       22.110706 
       22.098135 
       22.230571 
       22.594073 
       23.303722 
       23.702772 
       23.954554 
       24.908575 
       25.579321 
       27.168746 
       30.745756 
       30.505642 
       30.318118 
       30.382795 
       36.164176 
       36.080939 
       37.385294 
       37.759780 
       40.453676 
       40.888324 
       41.017192 
       42.528059 
       46.430541 
       47.036698 
       47.028241 
       47.003844 
       46.896162 
       46.611689 
       46.417865 
       46.381566 
       46.584659 
       47.632626 
       50.738686 
       50.291471 
       49.844201 
       49.386063 
       49.638084 
       50.902930 
       53.406351 
       54.454378 
       55.787603 
       62.902407 
       73.718305 
       105.35940 
       115.29716 
       124.68322 
       125.80754 
       126.19065 
       126.56517 
       126.85520 
       127.36795 
       126.91789 
       131.10999 
       137.70647 
       146.94912 
rc =       1.0000000 
due-fer

       0.0000000 
       0.0000000 
       0.0000000 
       0.0000000 
       0.0000000 
       0.0000000 
       0.0000000 
       0.0000000 
       0.0000000 
       0.0000000 
       0.0000000 
       0.0000000 
       0.0000000 
       0.0000000 
       0.0000000 
       0.0000000 
       0.0000000 
       0.0000000 
       0.0000000 
       0.0000000 
       0.0000000 
       0.0000000 
       0.0000000 
       0.0000000 
       0.0000000 
       0.0000000 
       0.0000000 
       0.0000000 
       0.0000000 
       0.0000000 
       0.0000000 
       0.0000000 
       0.0000000 
       0.0000000 
       0.0000000 
       0.0000000 
       0.0000000 
       0.0000000 
       0.0000000 
       0.0000000 
       0.0000000 
       0.0000000 
       0.0000000 
       0.0000000 
       0.0000000 
       0.0000000 
       0.0000000 
       0.0000000 
       0.0000000 
       0.0000000 
       0.0000000 
       0.0000000 
       0.0000000 
       0.0000000 
       0.0000000 
       0.0000000 
       0.0000000 
       0.0000000 
       0.0000000 
       0.0000000 
       0.0000000 
       0.0000000 
       0.0000000 
       0.0000000 
       0.0000000 
       0.0000000 
       0.0000000 
       0.0000000 
       0.0000000 
       0.0000000 
       0.0000000 
       0.0000000 
       0.0000000 
       0.0000000 
       0.0000000 
       0.0000000 
       0.0000000 
       0.0000000 
       0.0000000 
       0.0000000 
       0.0000000 
       0.0000000 
       0.0000000 
       0.0000000 
       0.0000000 
       0.0000000 
       0.0000000 
       0.0000000 
       0.0000000 
       0.0000000 
       0.0000000 
       0.0000000 
       0.0000000 
       0.0000000 
       0.0000000 
       0.0000000 
       0.0000000 
       0.0000000 
       0.0000000 
       0.0000000 
       0.0000000 
       0.0000000 
       0.0000000 
       0.0000000 
       0.0000000 
       0.0000000 
       0.0000000 
       0.0000000 
       0.0000000 
       0.0000000 
       0.0000000 
       0.0000000 
       0.0000000 
       0.0000000 
       0.0000000 
       0.0000000 
       0.0000000 
       0.0000000 
       0.0000000 
       0.0000000 
       0.0000000 
       0.0000000 
       0.0000000 
       0.0000000 
       0.0000000 
       0.0000000 
       0.0000000 
       0.0000000 
       0.0000000 
       0.0000000 
       0.0000000 
       0.0000000 
       0.0000000 
       0.0000000 
       0.0000000 
       0.0000000 
       0.0000000 
       0.0000000 
rc =       1.0000000 
tre-mar

       0.0000000 
       0.0000000 
       0.0000000 
       0.0000000 
       0.0000000 
       0.0000000 
       0.0000000 
       0.0000000 
       0.0000000 
       0.0000000 
       0.0000000 
       0.0000000 
       0.0000000 
       0.0000000 
       0.0000000 
       0.0000000 
       0.0000000 
       0.0000000 
       0.0000000 
       0.0000000 
       0.0000000 
       0.0000000 
       0.0000000 
       0.0000000 
       0.0000000 
       0.0000000 
       0.0000000 
       0.0000000 
       0.0000000 
    0.0071903408 
     0.023069387 
     0.033168031 
     0.051845484 
     0.057418387 
     0.061711456 
     0.064543120 
     0.068768827 
     0.077103100 
     0.083132072 
     0.088226885 
      0.10151166 
      0.10949444 
      0.12410620 
      0.12852552 
      0.13317762 
      0.13681173 
      0.14400652 
      0.16071246 
      0.17295707 
      0.18323646 
      0.20847536 
      0.22394047 
      0.25011848 
      0.25843205 
      0.26452193 
      0.26786108 
      0.27222449 
      0.27901241 
      0.28875550 
      0.29723585 
      0.31900737 
      0.33613076 
      0.36878372 
      0.37742546 
      0.38345353 
      0.38836637 
      0.39825115 
      0.41897289 
      0.43333821 
      0.44519157 
      0.47504205 
      0.49098065 
      0.52685054 
      0.53448687 
      0.53971775 
      0.54183430 
      0.54820189 
      0.56414158 
      0.57673981 
      0.58624844 
      0.61600583 
      0.62756206 
      0.64398216 
      0.63975335 
      0.63511767 
      0.63525914 
      0.64297313 
      0.66190174 
      0.67085451 
      0.67504196 
      0.70193208 
      0.71976501 
      0.76731712 
      0.75603223 
      0.74450036 
      0.73275624 
      0.72082259 
      0.90234043 
       1.0682646 
       1.0556312 
       1.0427500 
       1.0296142 
       1.0161861 
       1.0024404 
       1.6767318 
       1.6621767 
       1.6471988 
       2.0675117 
       5.3664856 
       9.0720489 
       30.120079 
       32.069342 
       32.745040 
       35.988118 
       36.328401 
       36.439562 
       36.578559 
       37.262151 
       37.891706 
       37.946594 
       37.955421 
       37.936814 
       37.971694 
       38.747212 
       43.055922 
       44.252902 
       44.464130 
       44.678037 
       45.462091 
       59.779980 
       124.06871 
       170.08899 
       172.47536 
       173.05616 
       173.20087 
       173.34136 
       173.59904 
       174.73279 
rc =       1.0000000 
qua-com

       0.0000000 
       0.0000000 
       0.0000000 
       0.0000000 
       0.0000000 
       0.0000000 
       0.0000000 
       0.0000000 
       0.0000000 
       0.0000000 
       0.0000000 
       0.0000000 
       0.0000000 
       0.0000000 
       0.0000000 
       0.0000000 
       0.0000000 
       0.0000000 
       0.0000000 
       0.0000000 
       0.0000000 
       0.0000000 
       0.0000000 
       0.0000000 
       0.0000000 
       0.0000000 
       0.0000000 
       0.0000000 
       0.0000000 
      0.19413920 
      0.62287345 
      0.89553684 
       1.3998281 
       1.5502965 
       1.6662093 
       1.7426642 
       1.8567583 
       2.0817837 
       2.2445659 
       2.3821259 
       2.7408149 
       2.9563499 
       3.3508673 
       3.4701890 
       3.5957956 
       3.6939167 
       3.8881759 
       4.3392364 
       4.6698409 
       4.9473846 
       5.6288347 
       6.0463927 
       6.7531991 
       6.9776653 
       7.1420921 
       7.2322491 
       7.3506338 
       7.5359875 
       7.8027934 
       8.0384568 
       8.6359384 
       9.1116364 
       10.011185 
       10.268095 
       10.461525 
       10.632986 
       10.947904 
       11.566290 
       12.024593 
       12.427549 
       13.328293 
       13.865458 
       14.951919 
       15.287179 
       15.568392 
       15.775177 
       16.105003 
       16.701232 
       17.213678 
       17.649110 
       18.635511 
       19.134090 
       19.766532 
       19.843942 
       19.912636 
       20.112526 
       20.518535 
       21.229147 
       21.671733 
       21.987787 
       22.915874 
       23.597381 
       25.078178 
       25.089803 
       25.013781 
       25.191434 
       26.023934 
       30.744650 
       31.961656 
       32.712689 
       34.154306 
       36.051858 
       36.493887 
       36.724340 
       40.425958 
       41.108549 
       40.878166 
       40.678878 
       41.109464 
       41.217670 
       41.057379 
       41.020104 
       41.124997 
       40.977701 
       40.751211 
       41.741348 
       42.161403 
       42.194525 
       42.192957 
       46.444300 
       54.317868 
       67.202916 
       91.293391 
       111.01925 
       144.38291 
       162.90776 
       245.94702 
       288.00274 
       306.15861 
       328.86774 
       394.05845 
       457.11085 
       486.51379 
       524.12004 
       592.00497 
       635.79465 
       666.23921 
       704.49519 
rc =       1.0000000 
cin-edpub

       0.0000000 
       0.0000000 
       0.0000000 
       0.0000000 
       0.0000000 
       0.0000000 
       0.0000000 
       0.0000000 
       0.0000000 
       0.0000000 
       0.0000000 
       0.0000000 
       0.0000000 
       0.0000000 
       0.0000000 
       0.0000000 
       0.0000000 
       0.0000000 
       0.0000000 
       0.0000000 
       0.0000000 
       0.0000000 
       0.0000000 
       0.0000000 
       0.0000000 
       0.0000000 
       0.0000000 
       0.0000000 
       0.0000000 
      0.72981959 
       2.3415428 
       3.3665552 
       5.2623166 
       5.8279663 
       6.2637128 
       6.5511267 
       6.9800359 
       7.8259647 
       8.4379053 
       8.9550288 
       10.303434 
       11.113686 
       12.596779 
       13.045340 
       13.517528 
       13.886391 
       14.616661 
       16.312315 
       17.555143 
       18.598501 
       21.160249 
       22.729958 
       25.387026 
       26.230853 
       26.848976 
       27.187899 
       27.632938 
       28.329731 
       29.332723 
       30.218643 
       32.464731 
       34.253003 
       37.634640 
       38.600432 
       39.327583 
       39.970662 
       41.149283 
       43.465053 
       45.172570 
       46.667755 
       50.030802 
       52.022341 
       56.074546 
       57.294979 
       58.303466 
       59.022196 
       60.190921 
       62.348882 
       64.176921 
       65.701134 
       69.283055 
       71.016974 
       73.240672 
       73.361514 
       73.434391 
       73.986214 
       75.297199 
       77.741715 
       79.165632 
       80.104972 
       83.340838 
       85.646809 
       90.958452 
       93.237910 
       92.690277 
       92.661129 
       100.85526 
       107.46092 
       116.52288 
       122.10557 
       139.37047 
       145.50462 
       156.05520 
       164.75535 
       186.85902 
       196.41231 
       200.22943 
       204.96312 
       209.90177 
       217.36666 
       228.70118 
       247.64260 
       264.57047 
       276.14235 
       294.40384 
       324.96632 
       357.10793 
       400.85733 
       440.98632 
       461.45967 
       484.36731 
       516.15022 
       570.03550 
       619.06210 
       682.76828 
       744.48302 
       824.23635 
       919.57338 
       1007.3082 
       1082.4193 
       1196.4691 
       1263.4726 
       1351.9466 
       1431.0512 
       1465.3778 
       1532.1799 
       1582.1825 
       1657.4410 
rc =       1.0000000 
sei-idr

       0.0000000 
       0.0000000 
       0.0000000 
       0.0000000 
       0.0000000 
       0.0000000 
       0.0000000 
       0.0000000 
       0.0000000 
       0.0000000 
       0.0000000 
       0.0000000 
       0.0000000 
       0.0000000 
       0.0000000 
       0.0000000 
       0.0000000 
       0.0000000 
       0.0000000 
       0.0000000 
       0.0000000 
       0.0000000 
       0.0000000 
       0.0000000 
       0.0000000 
       0.0000000 
       0.0000000 
       0.0000000 
       0.0000000 
      0.31997016 
       1.0265877 
       1.4759774 
       2.3071240 
       2.5551182 
       2.7461598 
       2.8721688 
       3.0602128 
       3.4310880 
       3.6993772 
       3.9260964 
       4.5172690 
       4.8725027 
       5.5227257 
       5.7193856 
       5.9264039 
       6.0881220 
       6.4082899 
       7.1517045 
       7.6965896 
       8.1540227 
       9.2771536 
       9.9653509 
       11.130273 
       11.500226 
       11.771226 
       11.919818 
       12.113990 
       12.416052 
       12.849620 
       13.226995 
       14.195828 
       14.957819 
       16.410876 
       16.795433 
       17.063682 
       17.282304 
       17.722176 
       18.644293 
       19.283551 
       19.811025 
       21.139371 
       21.848639 
       23.444849 
       23.784666 
       24.017440 
       24.111626 
       24.394984 
       25.104300 
       25.664921 
       26.088055 
       27.412259 
       27.926512 
       28.657206 
       28.469024 
       28.262736 
       28.269032 
       28.612304 
       29.454628 
       29.853026 
       30.039367 
       31.235977 
       32.029543 
       34.145612 
       37.396675 
       36.920401 
       36.600064 
       39.290547 
       43.204021 
       45.124651 
       46.814349 
       48.564808 
       52.966072 
       60.951654 
       61.857230 
       66.541742 
       68.503021 
       73.268033 
       81.652122 
       88.179281 
       89.519879 
       97.670481 
       112.01791 
       130.03482 
       147.45126 
       166.07936 
       183.43711 
       202.24834 
       218.75850 
       233.89148 
       242.95350 
       260.89490 
       290.73382 
       334.48537 
       364.26469 
       393.95867 
       447.87591 
       492.11967 
       541.14499 
       599.32725 
       663.28797 
       723.28756 
       751.31444 
       770.85458 
       798.36098 
       841.63864 
       881.94263 
       906.66107 
       932.93556 
rc =       1.0000000 
set-igien

       0.0000000 
       0.0000000 
       0.0000000 
       0.0000000 
       0.0000000 
       0.0000000 
       0.0000000 
       0.0000000 
       0.0000000 
       0.0000000 
       0.0000000 
       0.0000000 
       0.0000000 
       0.0000000 
       0.0000000 
       0.0000000 
       0.0000000 
       0.0000000 
       0.0000000 
       0.0000000 
       0.0000000 
       0.0000000 
       0.0000000 
       0.0000000 
       0.0000000 
       0.0000000 
       0.0000000 
       0.0000000 
       0.0000000 
      0.37749289 
       1.2111428 
       1.7413216 
       2.7218879 
       3.0144653 
       3.2398514 
       3.3885138 
       3.6103634 
       4.0479128 
       4.3644338 
       4.6319115 
       5.3293623 
       5.7484582 
       6.5155753 
       6.7475898 
       6.9918248 
       7.1826159 
       7.5603421 
       8.4374042 
       9.0802462 
       9.6199144 
       10.944956 
       11.756875 
       13.131220 
       13.567683 
       13.887401 
       14.062707 
       14.292899 
       14.653309 
       15.171003 
       15.625295 
       16.780089 
       17.692717 
       19.424358 
       19.900078 
       20.244702 
       20.537125 
       21.096598 
       22.232548 
       23.041822 
       23.725689 
       25.359416 
       26.265501 
       28.220118 
       28.693341 
       29.041109 
       29.224081 
       29.626215 
       30.528606 
       31.252351 
       31.810472 
       33.427721 
       34.084121 
       34.992877 
       34.815720 
       34.616840 
       34.669444 
       35.120325 
       36.162366 
       36.682920 
       36.955934 
       38.419863 
       39.402866 
       41.943080 
       43.728599 
       43.798148 
       44.126660 
       46.479823 
       47.206275 
       48.070182 
       48.065454 
       49.541092 
       49.440586 
       51.705612 
       52.347966 
       55.547410 
       58.583253 
       59.188061 
       61.730321 
       61.165643 
       60.506835 
       60.197269 
       59.939498 
       59.393517 
       58.521292 
       57.631782 
       56.740605 
       55.820879 
       54.889976 
       53.948674 
       57.593596 
       64.799998 
       76.956481 
       99.170236 
       109.64337 
       110.53656 
       112.42041 
       120.65259 
       126.77773 
       128.34617 
       129.69905 
       132.16343 
       133.63529 
       137.12708 
       142.56135 
       151.46591 
       155.40422 
       159.76669 
       164.70121 
rc =       1.0000000 
ot-bonif

       0.0000000 
       0.0000000 
       0.0000000 
       0.0000000 
       0.0000000 
       0.0000000 
       0.0000000 
       0.0000000 
       0.0000000 
       0.0000000 
       0.0000000 
       0.0000000 
       0.0000000 
       0.0000000 
       0.0000000 
       0.0000000 
       0.0000000 
       0.0000000 
       0.0000000 
       0.0000000 
       0.0000000 
       0.0000000 
       0.0000000 
       0.0000000 
       0.0000000 
       0.0000000 
       0.0000000 
       0.0000000 
       0.0000000 
       5.7738436 
       18.524718 
       26.633929 
       41.631924 
       46.106965 
       49.554299 
       51.828125 
       55.221368 
       61.913790 
       66.755054 
       70.846189 
       81.513866 
       87.924037 
       99.657275 
       103.20599 
       106.94163 
       109.85982 
       115.63723 
       129.05211 
       138.88453 
       147.13888 
       167.40571 
       179.82420 
       200.84514 
       207.52094 
       212.41111 
       215.09245 
       218.61329 
       224.12585 
       232.06086 
       239.06966 
       256.82598 
       270.92632 
       297.59687 
       305.09227 
       310.64141 
       315.46575 
       324.47064 
       342.39409 
       355.42136 
       366.65661 
       392.54223 
       407.42009 
       438.43858 
       446.87576 
       453.46336 
       457.58342 
       465.10816 
       480.30351 
       492.74352 
       502.64564 
       528.71792 
       540.05673 
       555.19646 
       553.64255 
       551.69287 
       553.53664 
       561.43676 
       578.35862 
       587.28724 
       592.44377 
       615.83257 
       631.90061 
       671.78374 
       665.45428 
       678.58156 
       681.90036 
       674.96328 
       670.51465 
       667.74184 
       666.15587 
       658.51000 
       650.46466 
       641.77450 
       632.26427 
       624.24652 
       615.03614 
       606.74570 
       597.00434 
       587.59411 
       577.38646 
       566.60623 
       555.44499 
       556.56478 
       550.45644 
       545.66965 
       546.60526 
       547.79941 
       553.23282 
       556.92609 
       549.36012 
       541.26034 
       534.43347 
       522.08013 
       514.48063 
       507.59259 
       531.00086 
       606.03815 
       624.10706 
       657.05303 
       685.81332 
       714.61882 
       745.56790 
       744.02110 
       779.80263 
       798.29522 
       800.89054 
       801.21481 
       810.66573 
rc =       1.0000000 
nov-al
  rc =         1.0000000 
