
       0.0000000 
       0.0000000 
       0.0000000 
       0.0000000 
       0.0000000 
       0.0000000 
       0.0000000 
       0.0000000 
       0.0000000 
       0.0000000 
       0.0000000 
       0.0000000 
       0.0000000 
       0.0000000 
       0.0000000 
       0.0000000 
       0.0000000 
       0.0000000 
       0.0000000 
       0.0000000 
       0.0000000 
       0.0000000 
       0.0000000 
       0.0000000 
       0.0000000 
       0.0000000 
       0.0000000 
       0.0000000 
       0.0000000 
   4.7114902e-05 
   0.00010404788 
   6.4778553e-05 
   0.00011401084 
   3.3441515e-05 
   2.5613513e-05 
   1.6992067e-05 
   2.5503078e-05 
   5.0874043e-05 
   3.7217864e-05 
   3.1802559e-05 
   8.1551043e-05 
   4.9829656e-05 
   9.1208673e-05 
   2.7281236e-05 
   2.8718181e-05 
   2.3060663e-05 
   4.8880900e-05 
   0.00011234685 
   8.7834160e-05 
   7.3028098e-05 
   0.00018278682 
   0.00011626920 
   0.00019951897 
   6.3362871e-05 
   5.3555526e-05 
   3.8232152e-05 
   7.7571864e-05 
   0.00018229866 
   0.00028285577 
   0.00035218389 
   0.00098142459 
   0.00068598828 
    0.0011800122 
   0.00034849579 
   0.00033452800 
   0.00029675432 
   0.00048349586 
   0.00087121801 
   0.00063865857 
   0.00055477797 
    0.0011220298 
   0.00062453170 
    0.0011942635 
   0.00036873671 
   0.00030813832 
   0.00023849580 
   0.00041229977 
   0.00077582917 
   0.00071309430 
   0.00074088183 
    0.0017463172 
   0.00099659312 
    0.0019951897 
   0.00070403190 
    0.0017851842 
    0.0088601496 
     0.027309546 
     0.053417746 
     0.035431407 
     0.027680005 
     0.079301357 
     0.060958281 
      0.12541192 
     0.097409034 
     0.026884577 
     0.039880095 
      0.13609711 
     0.060493034 
     0.068083200 
     0.029229456 
      0.10286643 
     0.028938455 
      0.16644270 
     0.082274942 
      0.30039891 
      0.29361553 
      0.10702673 
      0.22804091 
     0.015110028 
     0.010903149 
     0.044155576 
     0.052522538 
     0.033667307 
       0.0000000 
       0.0000000 
    0.0025399966 
       0.0000000 
       0.0000000 
       0.0000000 
       1.8791136 
       4.1282267 
       7.6690669 
       15.101224 
       8.1334179 
       1.4701342 
       2.3150457 
       7.6831426 
       6.3050772 
       2.4378441 
       2.4293938 
       3.7792026 
       2.8699727 
       5.4699553 
       7.9725064 
       12.785851 
       6.3586382 
       6.9949464 
       7.8149961 
