
       0.0000000 
       0.0000000 
       0.0000000 
       0.0000000 
       0.0000000 
       0.0000000 
       0.0000000 
       0.0000000 
       0.0000000 
       0.0000000 
       0.0000000 
       0.0000000 
       0.0000000 
       0.0000000 
       0.0000000 
       0.0000000 
       0.0000000 
       0.0000000 
       0.0000000 
       0.0000000 
       0.0000000 
       0.0000000 
       0.0000000 
       0.0000000 
       0.0000000 
       0.0000000 
       0.0000000 
       0.0000000 
       0.0000000 
   8.9742670e-07 
   1.9818644e-06 
   1.2338772e-06 
   2.1716350e-06 
   6.3698125e-07 
   4.8787643e-07 
   3.2365843e-07 
   4.8577292e-07 
   9.6902940e-07 
   7.0891170e-07 
   6.0576303e-07 
   1.5533532e-06 
   9.4913631e-07 
   1.7373080e-06 
   5.1964259e-07 
   5.4701297e-07 
   4.3925072e-07 
   9.3106477e-07 
   2.1399399e-06 
   1.6730316e-06 
   1.3910114e-06 
   3.4816537e-06 
   2.2146514e-06 
   3.8003613e-06 
   1.2069118e-06 
   1.0201053e-06 
   7.2823147e-07 
   1.4775593e-06 
   3.4723554e-06 
   5.3877289e-06 
   6.7082646e-06 
   1.8693802e-05 
   1.3066443e-05 
   2.2476422e-05 
   6.6380151e-06 
   6.3719618e-06 
   5.6524632e-06 
   9.2094450e-06 
   1.6594629e-05 
   1.2164925e-05 
   1.0567199e-05 
   2.1371997e-05 
   1.1895842e-05 
   2.2747876e-05 
   7.0235563e-06 
   5.8693013e-06 
   4.5427772e-06 
   7.8533289e-06 
   1.4777698e-05 
   1.3582749e-05 
   1.4112035e-05 
   3.3263184e-05 
   1.8982726e-05 
   3.8003613e-05 
   1.3410132e-05 
   3.4003509e-05 
   0.00016876475 
   0.00052018184 
    0.0010174809 
   0.00067488394 
   0.00052723819 
    0.0015105020 
    0.0011611101 
    0.0023887985 
       0.0000000 
       0.0000000 
       0.0000000 
       0.0000000 
    0.0088219008 
    0.0082169380 
       0.0000000 
       0.0000000 
       0.0000000 
       0.0000000 
       0.0000000 
     0.053109200 
       0.0000000 
       0.0000000 
     0.030222289 
      0.24862864 
      0.30948168 
       1.8500054 
      0.17886053 
     0.075751441 
      0.44892263 
     0.058140649 
     0.025399966 
     0.037006001 
      0.19142174 
      0.21204173 
     0.030055364 
     0.013888063 
       0.0000000 
     0.034798120 
      0.56350392 
       3.3714061 
      0.97468030 
      0.19223359 
      0.20675140 
      0.74974317 
       14.340221 
       68.152840 
       50.676460 
       2.8341986 
      0.73344813 
      0.22553693 
      0.22839936 
      0.39683600 
       1.5754369 
