
       0.0000000 
       0.0000000 
       0.0000000 
       0.0000000 
       0.0000000 
       0.0000000 
       0.0000000 
       0.0000000 
       0.0000000 
       0.0000000 
       0.0000000 
       0.0000000 
       0.0000000 
       0.0000000 
       0.0000000 
       0.0000000 
       0.0000000 
       0.0000000 
       0.0000000 
       0.0000000 
       0.0000000 
       0.0000000 
       0.0000000 
       0.0000000 
       0.0000000 
       0.0000000 
       0.0000000 
       0.0000000 
       0.0000000 
   9.1088810e-05 
   0.00020115923 
   0.00012523854 
   0.00022042096 
   6.4653597e-05 
   4.9519458e-05 
   3.2851330e-05 
   4.9305951e-05 
   9.8356484e-05 
   7.1954538e-05 
   6.1484947e-05 
   0.00015766535 
   9.6337336e-05 
   0.00017633677 
   5.2743723e-05 
   5.5521816e-05 
   4.4583948e-05 
   9.4503074e-05 
   0.00021720390 
   0.00016981271 
   0.00014118766 
   0.00035338785 
   0.00022478712 
   0.00038573667 
   0.00012250155 
   0.00010354068 
   7.3915494e-05 
   0.00014997227 
   0.00035244407 
   0.00054685449 
   0.00068088885 
    0.0018974209 
    0.0013262440 
    0.0022813569 
   0.00067375853 
   0.00064675413 
   0.00057372501 
   0.00093475867 
    0.0016843548 
    0.0012347399 
    0.0010725707 
    0.0021692577 
    0.0012074280 
    0.0023089095 
   0.00071289096 
   0.00059573408 
   0.00046109189 
   0.00079711288 
    0.0014999364 
    0.0013786490 
    0.0014323715 
    0.0033762132 
    0.0019267467 
    0.0038573667 
    0.0013611283 
    0.0034513561 
     0.017129623 
     0.052798456 
      0.10327431 
     0.068500719 
     0.053514676 
      0.15331596 
      0.11785268 
      0.24246305 
      0.12304299 
    0.0068048100 
     0.031362017 
      0.41471100 
      0.33775277 
      0.45662698 
      0.30342959 
      0.88388929 
      0.36930980 
      0.65369027 
      0.60302693 
       1.7841372 
      0.83136083 
      0.39352904 
      0.40525342 
      0.45604812 
      0.71793040 
       1.1004928 
       1.8340302 
       1.9863711 
       1.7686003 
       3.1753739 
       6.2661715 
       7.8849214 
       12.311153 
       13.599325 
       8.9669524 
       12.334915 
       19.458103 
       36.096090 
       35.924042 
       50.892540 
       50.761120 
       67.639870 
       85.492544 
       83.284363 
       76.885484 
       122.76338 
       75.738249 
       106.00959 
       97.140715 
       45.595662 
       83.415101 
       63.658949 
       95.449614 
