
       0.0000000 
       0.0000000 
       0.0000000 
       0.0000000 
       0.0000000 
       0.0000000 
       0.0000000 
       0.0000000 
       0.0000000 
       0.0000000 
       0.0000000 
       0.0000000 
       0.0000000 
       0.0000000 
       0.0000000 
       0.0000000 
       0.0000000 
       0.0000000 
       0.0000000 
       0.0000000 
       0.0000000 
       0.0000000 
       0.0000000 
       0.0000000 
       0.0000000 
       0.0000000 
       0.0000000 
       0.0000000 
       0.0000000 
   2.7820228e-05 
   6.1437796e-05 
   3.8250193e-05 
   6.7320686e-05 
   1.9746419e-05 
   1.5124169e-05 
   1.0033411e-05 
   1.5058960e-05 
   3.0039911e-05 
   2.1976263e-05 
   1.8778654e-05 
   4.8153949e-05 
   2.9423226e-05 
   5.3856549e-05 
   1.6108920e-05 
   1.6957402e-05 
   1.3616772e-05 
   2.8863008e-05 
   6.6338138e-05 
   5.1863980e-05 
   4.3121353e-05 
   0.00010793126 
   6.8654193e-05 
   0.00011781120 
   3.7414267e-05 
   3.1623263e-05 
   2.2575175e-05 
   4.5804339e-05 
   0.00010764302 
   0.00016701960 
   0.00020795620 
   0.00057950786 
   0.00040505975 
   0.00069676910 
   0.00020577847 
   0.00019753082 
   0.00017522636 
   0.00028549280 
   0.00051443349 
   0.00037711268 
   0.00032758318 
   0.00066253191 
   0.00036877110 
   0.00070518417 
   0.00021773025 
   0.00018194834 
   0.00014082609 
   0.00024345320 
   0.00045810865 
   0.00042106521 
   0.00043747308 
    0.0010311587 
   0.00058846451 
    0.0011781120 
   0.00041571408 
    0.0010541088 
    0.0052317074 
     0.016125637 
     0.031541907 
     0.020921402 
     0.016344384 
     0.046825563 
     0.035994413 
     0.074052755 
      0.15893053 
   0.00033466279 
    0.0030974831 
     0.015407220 
      0.27599947 
    0.0093907862 
     0.075161457 
     0.033018853 
      0.15709447 
     0.042952954 
     0.028554245 
      0.14273097 
      0.33320414 
     0.077388556 
     0.024727327 
     0.026099139 
     0.022645001 
    0.0090575540 
     0.018453865 
     0.040400769 
     0.085140498 
      0.23927113 
      0.69595906 
       0.0000000 
    0.0027345963 
    0.0028654288 
      0.29794013 
      0.88536401 
       1.7530065 
       1.0126253 
       1.3126169 
       5.9521390 
       9.0917373 
       26.731321 
       9.2449812 
       9.2609785 
       1.6959244 
       1.0194789 
       1.0714565 
       1.0578234 
       1.3677311 
      0.24413791 
       5.8945307 
       8.9126706 
       12.285016 
