
       0.0000000 
       0.0000000 
       0.0000000 
       0.0000000 
       0.0000000 
       0.0000000 
       0.0000000 
       0.0000000 
       0.0000000 
       0.0000000 
       0.0000000 
       0.0000000 
       0.0000000 
       0.0000000 
       0.0000000 
       0.0000000 
       0.0000000 
       0.0000000 
       0.0000000 
       0.0000000 
       0.0000000 
       0.0000000 
       0.0000000 
       0.0000000 
       0.0000000 
       0.0000000 
       0.0000000 
       0.0000000 
       0.0000000 
   3.9935488e-05 
   8.8192965e-05 
   5.4907535e-05 
   9.6637759e-05 
   2.8345666e-05 
   2.1710501e-05 
   1.4402800e-05 
   2.1616895e-05 
   4.3121808e-05 
   3.1546571e-05 
   2.6956455e-05 
   6.9124217e-05 
   4.2236566e-05 
   7.7310208e-05 
   2.3124095e-05 
   2.4342077e-05 
   1.9546657e-05 
   4.1432382e-05 
   9.5227328e-05 
   7.4449907e-05 
   6.1900007e-05 
   0.00015493359 
   9.8551987e-05 
   0.00016911608 
   5.3707576e-05 
   4.5394684e-05 
   3.2406300e-05 
   6.5751389e-05 
   0.00015451981 
   0.00023975394 
   0.00029851777 
   0.00083187418 
   0.00058145673 
    0.0010002008 
   0.00029539167 
   0.00028355230 
   0.00025153461 
   0.00040982030 
   0.00073846098 
   0.00054133917 
   0.00047024037 
   0.00095105387 
   0.00052936497 
    0.0010122805 
   0.00031254826 
   0.00026118391 
   0.00020215359 
   0.00034947314 
   0.00065760758 
   0.00060443231 
   0.00062798555 
    0.0014802117 
   0.00084473131 
    0.0016911608 
   0.00059675085 
    0.0015131561 
    0.0075100315 
     0.023148092 
     0.045277899 
     0.030032335 
     0.023462100 
     0.067217341 
     0.051669400 
      0.10630154 
      0.15636713 
    0.0015617597 
    0.0089052640 
      0.14893646 
      0.20290372 
      0.11386328 
      0.10578279 
      0.11302607 
      0.26044609 
      0.48724757 
     0.094374199 
      0.40993664 
      0.20454116 
      0.43633973 
      0.62917311 
      0.54258737 
      0.17193427 
      0.78121403 
       1.3741032 
       2.0537057 
       2.5058397 
       3.1530121 
       3.5686952 
       4.6178202 
       4.7253825 
       5.2208112 
       4.0430998 
       9.4936484 
       17.923213 
       29.036711 
       21.746978 
       23.825314 
       43.926840 
       37.539810 
       44.064942 
       55.135201 
       65.099883 
       64.874705 
       32.296759 
       24.609998 
       34.857497 
       56.584193 
       51.161457 
       32.732324 
       35.175963 
