
       0.0000000 
       0.0000000 
       0.0000000 
       0.0000000 
       0.0000000 
       0.0000000 
       0.0000000 
       0.0000000 
       0.0000000 
       0.0000000 
       0.0000000 
       0.0000000 
       0.0000000 
       0.0000000 
       0.0000000 
       0.0000000 
       0.0000000 
       0.0000000 
       0.0000000 
       0.0000000 
       0.0000000 
       0.0000000 
       0.0000000 
       0.0000000 
       0.0000000 
       0.0000000 
       0.0000000 
       0.0000000 
       0.0000000 
   2.4230521e-05 
   5.3510338e-05 
   3.3314684e-05 
   5.8634146e-05 
   1.7198494e-05 
   1.3172664e-05 
   8.7387775e-06 
   1.3115869e-05 
   2.6163794e-05 
   1.9140616e-05 
   1.6355602e-05 
   4.1940536e-05 
   2.5626680e-05 
   4.6907317e-05 
   1.4030350e-05 
   1.4769350e-05 
   1.1859769e-05 
   2.5138749e-05 
   5.7778379e-05 
   4.5171854e-05 
   3.7557308e-05 
   9.4004649e-05 
   5.9795588e-05 
   0.00010260976 
   3.2586619e-05 
   2.7542842e-05 
   1.9662250e-05 
   3.9894101e-05 
   9.3753595e-05 
   0.00014546868 
   0.00018112314 
   0.00050473265 
   0.00035279397 
   0.00060686341 
   0.00017922641 
   0.00017204297 
   0.00015261651 
   0.00024865502 
   0.00044805498 
   0.00032845298 
   0.00028531438 
   0.00057704392 
   0.00032118773 
   0.00061419266 
   0.00018963602 
   0.00015847113 
   0.00012265498 
   0.00021203988 
   0.00039899786 
   0.00036673421 
   0.00038102494 
   0.00089810597 
   0.00051253360 
    0.0010260976 
   0.00036207355 
   0.00091809474 
    0.0045566484 
     0.014044910 
     0.027471984 
     0.018221866 
     0.014235431 
     0.040783555 
     0.031349973 
     0.064497561 
    0.0051267913 
    0.0018964225 
     0.013551489 
     0.044937724 
      0.22180779 
     0.063387807 
     0.043148244 
     0.078737264 
      0.10886371 
     0.036241555 
     0.027102334 
      0.30205857 
     0.070929594 
       0.0000000 
    0.0027474808 
     0.050824639 
     0.030193335 
    0.0090575540 
     0.021292921 
     0.042084134 
     0.019350113 
     0.011180894 
      0.25399966 
      0.17181357 
     0.095710872 
      0.10602086 
       1.8738866 
       4.1525308 
       7.7310011 
       15.916660 
       14.258519 
       26.281124 
       15.144257 
       69.292459 
       37.396790 
       17.275529 
       23.122176 
       69.530775 
       69.865031 
       35.024997 
       45.642178 
       85.955146 
       53.672023 
       37.809546 
       47.790764 
