
       0.0000000 
       0.0000000 
       0.0000000 
       0.0000000 
       0.0000000 
       0.0000000 
       0.0000000 
       0.0000000 
       0.0000000 
       0.0000000 
       0.0000000 
       0.0000000 
       0.0000000 
       0.0000000 
       0.0000000 
       0.0000000 
       0.0000000 
       0.0000000 
       0.0000000 
       0.0000000 
       0.0000000 
       0.0000000 
       0.0000000 
       0.0000000 
       0.0000000 
       0.0000000 
       0.0000000 
       0.0000000 
       0.0000000 
   0.00031544548 
   0.00069662533 
   0.00043370783 
   0.00076332971 
   0.00022389891 
   0.00017148857 
   0.00011376594 
   0.00017074918 
   0.00034061383 
   0.00024918246 
   0.00021292570 
   0.00054600365 
   0.00033362141 
   0.00061066378 
   0.00018265437 
   0.00019227506 
   0.00015439663 
   0.00032726927 
   0.00075218889 
   0.00058807061 
   0.00048894050 
    0.0012238013 
   0.00077844997 
    0.0013358270 
   0.00042422951 
   0.00035856700 
   0.00025597336 
   0.00051936210 
    0.0012205329 
    0.0018937867 
    0.0023579550 
    0.0065708713 
    0.0045928549 
    0.0079004625 
    0.0023332623 
    0.0022397446 
    0.0019868408 
    0.0032371199 
    0.0058330120 
    0.0042759712 
    0.0037143706 
    0.0075122570 
    0.0041813884 
    0.0079958786 
    0.0024687800 
    0.0020630594 
    0.0015967862 
    0.0027604451 
    0.0051943610 
    0.0047743361 
    0.0049603802 
     0.011692009 
    0.0066724282 
     0.013358270 
    0.0047136612 
     0.011952233 
     0.059320811 
      0.18284392 
      0.35764453 
      0.23722170 
      0.18532422 
      0.53094147 
      0.40813020 
      0.83966269 
      0.44603084 
     0.040828860 
      0.10454006 
      0.54952417 
       1.9572017 
       1.4731796 
       1.4795672 
       4.8410718 
       2.6912763 
       5.2469718 
       3.2464724 
       8.3763166 
       11.175535 
       18.280165 
       15.071306 
       5.4890611 
       2.5580464 
       3.3705423 
       2.6474198 
       2.8718213 
       2.7535211 
       3.8104487 
       5.8242121 
       4.5358784 
       7.4955286 
       8.2810891 
       15.181879 
       14.587095 
       18.297510 
       28.120361 
       17.726338 
       121.60066 
       82.569963 
       86.106697 
       106.22147 
       107.74139 
       66.915667 
       97.846850 
       57.725377 
       94.413540 
       77.204771 
       192.07841 
       169.60023 
       149.55970 
       118.18980 
