
       0.0000000        0.0000000        0.0000000        0.0000000 
       0.0000000        0.0000000        0.0000000 
       0.0000000        0.0000000        0.0000000        0.0000000 
       0.0000000        0.0000000        0.0000000 
       0.0000000        0.0000000        0.0000000        0.0000000 
       0.0000000        0.0000000        0.0000000 
       0.0000000        0.0000000        0.0000000        0.0000000 
       0.0000000        0.0000000        0.0000000 
       0.0000000        0.0000000        0.0000000        0.0000000 
       0.0000000        0.0000000        0.0000000 
       0.0000000        0.0000000        0.0000000        0.0000000 
       0.0000000        0.0000000        0.0000000 
       0.0000000        0.0000000        0.0000000        0.0000000 
       0.0000000        0.0000000        0.0000000 
       0.0000000        0.0000000        0.0000000        0.0000000 
       0.0000000        0.0000000        0.0000000 
       0.0000000        0.0000000        0.0000000        0.0000000 
       0.0000000        0.0000000        0.0000000 
       0.0000000        0.0000000        0.0000000        0.0000000 
       0.0000000        0.0000000        0.0000000 
       0.0000000        0.0000000        0.0000000        0.0000000 
       0.0000000        0.0000000        0.0000000 
       0.0000000        0.0000000        0.0000000        0.0000000 
       0.0000000        0.0000000        0.0000000 
       0.0000000        0.0000000        0.0000000        0.0000000 
       0.0000000        0.0000000        0.0000000 
       0.0000000        0.0000000        0.0000000        0.0000000 
       0.0000000        0.0000000        0.0000000 
       0.0000000        0.0000000        0.0000000        0.0000000 
       0.0000000        0.0000000        0.0000000 
       0.0000000        0.0000000        0.0000000        0.0000000 
       0.0000000        0.0000000        0.0000000 
       0.0000000        0.0000000        0.0000000        0.0000000 
       0.0000000        0.0000000        0.0000000 
       0.0000000        0.0000000        0.0000000        0.0000000 
       0.0000000        0.0000000        0.0000000 
       0.0000000        0.0000000        0.0000000        0.0000000 
       0.0000000        0.0000000        0.0000000 
       0.0000000        0.0000000        0.0000000        0.0000000 
       0.0000000        0.0000000        0.0000000 
       0.0000000        0.0000000        0.0000000        0.0000000 
       0.0000000        0.0000000        0.0000000 
       0.0000000        0.0000000        0.0000000        0.0000000 
       0.0000000        0.0000000        0.0000000 
       0.0000000        0.0000000        0.0000000        0.0000000 
       0.0000000        0.0000000        0.0000000 
       0.0000000        0.0000000        0.0000000        0.0000000 
       0.0000000        0.0000000        0.0000000 
       0.0000000        0.0000000        0.0000000        0.0000000 
       0.0000000        0.0000000        0.0000000 
       0.0000000        0.0000000        0.0000000        0.0000000 
       0.0000000        0.0000000        0.0000000 
       0.0000000        0.0000000        0.0000000        0.0000000 
       0.0000000        0.0000000        0.0000000 
       0.0000000        0.0000000        0.0000000        0.0000000 
       0.0000000        0.0000000        0.0000000 
       0.0000000        0.0000000        0.0000000        0.0000000 
       0.0000000        0.0000000        0.0000000 
   0.00033889904    0.00017975388    0.00012823207    0.00022669598 
   0.00027363808    0.00027592793    0.00028966708 
   0.00042341407    0.00022458111    0.00016021073    0.00028322968 
   0.00034187825    0.00034473915    0.00036190459 
   0.00039036089    0.00020704953    0.00014770412    0.00026111979 
   0.00031519005    0.00031782762    0.00033365306 
   0.00028538251    0.00015136843    0.00010798257    0.00019089776 
   0.00023042710    0.00023235536    0.00024392492 
   0.00027403416    0.00014534920    0.00010368860    0.00018330663 
   0.00022126407    0.00022311565    0.00023422514 
   0.00026048284    0.00013816151    9.8561076e-05    0.00017424190 
   0.00021032230    0.00021208232    0.00022264243 
   0.00020484978    0.00010865343    7.7510726e-05    0.00013702789 
   0.00016540235    0.00016678647    0.00017509119 
   0.00017142277    9.0923562e-05    6.4862669e-05    0.00011466793 
   0.00013841230    0.00013957056    0.00014652014 
   0.00019468677    0.00010326292    7.3665265e-05    0.00013022966 
   0.00015719641    0.00015851186    0.00016640457 
   0.00017834043    9.4592730e-05    6.7480164e-05    0.00011929529 
   0.00014399785    0.00014520285    0.00015243287 
   0.00022875685    0.00012133387    8.6556646e-05    0.00015301978 
   0.00018470570    0.00018625135    0.00019552528 
   0.00033186507    0.00017602303    0.00012557057    0.00022199083 
   0.00026795862    0.00027020096    0.00028365495 
   0.00030027761    0.00015926887    0.00011361856    0.00020086137 
   0.00024245388    0.00024448278    0.00025665620 
   0.00022830601    0.00012109474    8.6386057e-05    0.00015271821 
   0.00018434167    0.00018588428    0.00019513993 
   0.00022355418    0.00011857435    8.4588070e-05    0.00014953962 
   0.00018050490    0.00018201540    0.00019107841 
   0.00029205652    0.00015490836    0.00011050787    0.00019536213 
   0.00023581591    0.00023778926    0.00024962939 
   0.00027801041    0.00014745823    0.00010519313    0.00018596642 
   0.00022447462    0.00022635307    0.00023762376 
   0.00032856030    0.00017427016    0.00012432012    0.00021978020 
   0.00026529025    0.00026751025    0.00028083026 
   0.00042993329    0.00022803894    0.00016267746    0.00028759051 
   0.00034714208    0.00035004703    0.00036747676 
   0.00042088343    0.00022323884    0.00015925319    0.00028153689 
   0.00033983493    0.00034267874    0.00035974158 
   0.00052529351    0.00027861852    0.00019875971    0.00035137876 
   0.00042413901    0.00042768829    0.00044898398 
   0.00074383551    0.00039453438    0.00028145128    0.00049756565 
   0.00060059692    0.00060562283    0.00063577833 
   0.00070064776    0.00037162736    0.00026510996    0.00046867654 
   0.00056572573    0.00057045983    0.00059886447 
   0.00049941939    0.00026489474    0.00018896950    0.00033407108 
   0.00040324741    0.00040662187    0.00042686860 
   0.00051922262    0.00027539849    0.00019646261    0.00034731784 
   0.00041923719    0.00042274545    0.00044379501 
   0.00054464595    0.00028888315    0.00020608225    0.00036432398 
   0.00043976480    0.00044344484    0.00046552508 
   0.00046091200    0.00024447021    0.00017439913    0.00030831275 
   0.00037215529    0.00037526956    0.00039395519 
   0.00052141092    0.00027655917    0.00019729062    0.00034878163 
   0.00042100409    0.00042452713    0.00044566542 
   0.00069762760    0.00037002545    0.00026396720    0.00046665630 
   0.00056328715    0.00056800085    0.00059628305 
    0.0013553873    0.00071890475    0.00051284925    0.00090664421 
    0.0010943837     0.0011035417     0.0011584898 
    0.0025332703     0.0013436603    0.00095853471     0.0016945524 
    0.0020454446     0.0020625613     0.0021652614 
    0.0039938245     0.0021183461     0.0015111769     0.0026715448 
    0.0032247435     0.0032517288     0.0034136406 
    0.0041338218     0.0021926014     0.0015641488     0.0027651916 
    0.0033377818     0.0033657130     0.0035333004 
    0.0029537090     0.0015666632     0.0011176196     0.0019757918 
    0.0023849204     0.0024048779     0.0025246229 
    0.0028557244     0.0015146917     0.0010805444     0.0019102481 
    0.0023058045     0.0023251000     0.0024408726 
    0.0034020638     0.0018044730     0.0012872674     0.0022757048 
    0.0027469366     0.0027699236     0.0029078451 
    0.0035775550     0.0018975545     0.0013536695     0.0023930942 
    0.0028886339     0.0029128066     0.0030578426 
    0.0032498900     0.0017237592     0.0012296881     0.0021739129 
    0.0026240666     0.0026460253     0.0027777776 
    0.0033340109     0.0017683774     0.0012615177     0.0022301830 
    0.0026919886     0.0027145157     0.0028496783 
    0.0030603219     0.0016232113     0.0011579596     0.0020471072 
    0.0024710031     0.0024916810     0.0026157481 
    0.0039905362     0.0021166020     0.0015099326     0.0026693451 
    0.0032220883     0.0032490514     0.0034108299 
    0.0045660058     0.0024218341     0.0017276779     0.0030542876 
    0.0036867411     0.0037175925     0.0039027009 
    0.0037634794     0.0019961698     0.0014240192     0.0025174626 
    0.0030387553     0.0030641842     0.0032167577 
    0.0029893818     0.0015855843     0.0011311174     0.0019996540 
    0.0024137238     0.0024339223     0.0025551135 
    0.0030215872     0.0016026662     0.0011433033     0.0020211968 
    0.0024397275     0.0024601436     0.0025826404 
    0.0031336876     0.0016621248     0.0011857196     0.0020961829 
    0.0025302410     0.0025514145     0.0026784559 
    0.0028752129     0.0015250285     0.0010879184     0.0019232843 
    0.0023215402     0.0023409673     0.0024575300 
    0.0027713347     0.0014699309     0.0010486131     0.0018537982 
    0.0022376655     0.0022563908     0.0023687422 
    0.0029689733     0.0015747595     0.0011233953     0.0019860024 
    0.0023972453     0.0024173059     0.0025376697 
    0.0034170027     0.0018123967     0.0012929199     0.0022856978 
    0.0027589988     0.0027820867     0.0029206138 
    0.0053291874     0.0028266298     0.0020164493     0.0035647942 
    0.0043029587     0.0043389667     0.0045550149 
    0.0071064901     0.0037693207     0.0026889422     0.0047536657 
    0.0057380106     0.0057860274     0.0060741283 
    0.0060055522     0.0031853774     0.0022723711     0.0040172275 
    0.0048490777     0.0048896557     0.0051331240 
    0.0049941939     0.0026489474     0.0018896950     0.0033407108 
    0.0040324741     0.0040662187     0.0042686860 
    0.0057691403     0.0030599832     0.0021829179     0.0038590871 
    0.0046581910     0.0046971716     0.0049310557 
     0.018154865     0.0096294384     0.0068694083      0.012144133 
     0.014658827      0.014781495      0.015517503 
      0.10681452      0.056655001      0.040416307      0.071450256 
     0.086245511      0.086967231      0.091297550 
      0.18356522      0.097363982      0.069457108       0.12279025 
      0.14821651       0.14945681       0.15689865 
      0.20442111       0.10842606      0.077348528       0.13674115 
      0.16505623       0.16643746       0.17472480 
      0.16978010      0.090052280      0.064241117       0.11356912 
      0.13708596       0.13823312       0.14511609 
      0.19910318       0.10560540      0.075336339       0.13318389 
      0.16076237       0.16210766       0.17017941 
      0.32271018       0.17116722       0.12210655       0.21586694 
      0.26056666       0.26274714       0.27582998 
      0.36733961       0.19483891       0.13899337       0.24572041 
      0.29660191       0.29908394       0.31397609 
      0.31392076       0.16650527       0.11878083       0.20998754 
      0.25346980       0.25559089       0.26831741 
      0.42163019       0.19351416       0.11405801       0.20248501 
      0.35498955       0.30885372       0.33832939 
      0.29310107       0.24689144       0.11750448       0.20464264 
      0.39080142       0.31818629       0.15051136 
      0.32492998       0.18818339      0.090328026       0.18818339 
      0.31363898       0.32242087       0.17814694 
      0.49300486       0.23879923      0.074464276       0.18487682 
      0.32866991       0.36205045       0.17075429 
      0.28987362       0.19787026      0.085701767       0.17644481 
      0.26214658       0.25710530       0.21551474 
      0.40967304       0.13147101       0.34745909       0.52001478 
      0.17255570       0.25589892       0.81347685 
      0.48159008       0.56788657       0.37023977       0.49411699 
      0.28672704       0.35075347       0.81146537 
      0.42797514       0.19176334       0.23875171        1.0223145 
      0.11683594       0.12572563       0.39114642 
      0.59668338       0.40376035       0.22048347       0.62837788 
     0.088193386       0.28387246        2.1249094 
      0.37718063       0.36510011       0.27114052       0.30067068 
      0.21208021       0.26711368        1.8657689 
      0.62944089       0.49157663       0.40523739       0.23952176 
      0.10444263       0.30775761        2.7461448 
      0.52105369       0.74839241       0.38830116       0.30035261 
      0.38000413       0.46131505        1.2876996 
      0.32660603       0.68620257       0.38763847       0.50970335 
      0.31176030       0.53774528        3.9275200 
      0.90103428        1.1320267        1.1926417       0.20478052 
      0.48983500       0.41119928        5.9468262 
      0.61406198       0.81874931        2.8436427       0.74456733 
      0.47943542       0.71159756        6.1955695 
      0.49776855       0.40563350        2.5020049       0.55879306 
      0.17469762       0.37571953        1.1211758 
      0.34720289       0.61343752        1.7826741       0.21957495 
      0.20447917       0.73832078        1.3311731 
      0.58641203        1.2231987        1.5319045       0.21441497 
      0.23895644       0.48178785        1.6468620 
      0.11782083        1.0121235       0.85029730      0.092269323 
     0.090849795       0.62175328        1.7559562 
       0.0000000       0.83334818       0.49039335      0.011218149 
     0.040064816       0.39423779        2.2644634 
     0.090976441        1.9599490        1.1114948       0.35599477 
     0.073176702       0.36390576        4.6496872 
      0.48077844        2.3546963        1.6726617       0.15206016 
     0.017889430       0.37791422        2.2071085 
      0.11670049        1.4359235       0.31204697      0.078645985 
     0.038054509       0.56066976        1.0680632 
      0.19032380        1.2397481        0.0000000       0.12688254 
     0.081944971       0.79301585        3.2407914 
     0.029685699       0.28696176        0.0000000      0.019790466 
       0.0000000        1.0340519      0.029685699 
     0.037251031       0.32952835        0.0000000      0.028654639 
       0.0000000       0.87969743      0.025789175 
       1.0454039        0.0000000        0.0000000        0.0000000 
      0.65337747       0.30708741        3.6523800 
      0.80717958      0.040535219        0.0000000        0.0000000 
       1.9174921        0.0000000        2.9273478 
       1.6708764       0.12252196        0.0000000        0.0000000 
       0.0000000        0.0000000        1.0165284 
      0.13571267     0.0011599374        0.0000000        0.0000000 
       0.0000000        0.0000000        0.0000000 
       6.3547504        10.492883        4.8845717        32.266482 
       8.1333861        30.688143        23.669743 
       24.121365        1.3549791      0.049271966        2.0160446 
       3.8610060        1.3371864        149.84563 
       4.1593036        3.0118599       0.58307995        28.016632 
       4.6401646        3.5949398        9.4502143 
       11.509165        6.7172968        3.1609896        4.7004025 
       7.4412704        7.3048471        9.0923022 
       3.6796135        7.3659294        2.8552192        8.6645179 
       8.7851610        9.7251715        4.4822250 
       16.299090        7.2353212        3.8863757        4.9419894 
       16.824676        6.8873980        2.3777217 
       14.527996        7.0520082        5.5385635        2.7549702 
       16.295470        6.5922501        6.1020801 
       18.288893        4.4055225        10.740147        7.4755126 
       25.039787        8.5797840        9.9442241 
       11.424316        3.1182202        7.7184726        2.7671724 
       21.111709        2.3581254        14.345644 
       8.0358976        4.5759082        7.4667149        4.1959186 
       9.1293697        2.0795210        15.983612 
       7.3120066        3.3210880        8.8668371        5.1097979 
       11.035367        3.0497878        11.360927 
       5.0726029        4.3365782        6.8611250        5.9641513 
       7.9642579        9.5448122        8.0998890 
       10.443988        7.2610934        2.3698133        5.0648593 
       18.843396        7.8092384        10.959245 
       6.1120091        7.1525127        5.9050477        5.6145421 
       16.165780        17.139828        12.317056 
       9.6240785        7.4908385        3.7614374        9.1171513 
       7.1685911        17.354247        3.6973648 
