
       0.0000000        0.0000000        0.0000000        0.0000000 
       0.0000000        0.0000000        0.0000000 
       0.0000000        0.0000000        0.0000000        0.0000000 
       0.0000000        0.0000000        0.0000000 
       0.0000000        0.0000000        0.0000000        0.0000000 
       0.0000000        0.0000000        0.0000000 
       0.0000000        0.0000000        0.0000000        0.0000000 
       0.0000000        0.0000000        0.0000000 
       0.0000000        0.0000000        0.0000000        0.0000000 
       0.0000000        0.0000000        0.0000000 
       0.0000000        0.0000000        0.0000000        0.0000000 
       0.0000000        0.0000000        0.0000000 
       0.0000000        0.0000000        0.0000000        0.0000000 
       0.0000000        0.0000000        0.0000000 
       0.0000000        0.0000000        0.0000000        0.0000000 
       0.0000000        0.0000000        0.0000000 
       0.0000000        0.0000000        0.0000000        0.0000000 
       0.0000000        0.0000000        0.0000000 
       0.0000000        0.0000000        0.0000000        0.0000000 
       0.0000000        0.0000000        0.0000000 
       0.0000000        0.0000000        0.0000000        0.0000000 
       0.0000000        0.0000000        0.0000000 
       0.0000000        0.0000000        0.0000000        0.0000000 
       0.0000000        0.0000000        0.0000000 
       0.0000000        0.0000000        0.0000000        0.0000000 
       0.0000000        0.0000000        0.0000000 
       0.0000000        0.0000000        0.0000000        0.0000000 
       0.0000000        0.0000000        0.0000000 
       0.0000000        0.0000000        0.0000000        0.0000000 
       0.0000000        0.0000000        0.0000000 
       0.0000000        0.0000000        0.0000000        0.0000000 
       0.0000000        0.0000000        0.0000000 
       0.0000000        0.0000000        0.0000000        0.0000000 
       0.0000000        0.0000000        0.0000000 
       0.0000000        0.0000000        0.0000000        0.0000000 
       0.0000000        0.0000000        0.0000000 
       0.0000000        0.0000000        0.0000000        0.0000000 
       0.0000000        0.0000000        0.0000000 
       0.0000000        0.0000000        0.0000000        0.0000000 
       0.0000000        0.0000000        0.0000000 
       0.0000000        0.0000000        0.0000000        0.0000000 
       0.0000000        0.0000000        0.0000000 
       0.0000000        0.0000000        0.0000000        0.0000000 
       0.0000000        0.0000000        0.0000000 
       0.0000000        0.0000000        0.0000000        0.0000000 
       0.0000000        0.0000000        0.0000000 
       0.0000000        0.0000000        0.0000000        0.0000000 
       0.0000000        0.0000000        0.0000000 
       0.0000000        0.0000000        0.0000000        0.0000000 
       0.0000000        0.0000000        0.0000000 
       0.0000000        0.0000000        0.0000000        0.0000000 
       0.0000000        0.0000000        0.0000000 
       0.0000000        0.0000000        0.0000000        0.0000000 
       0.0000000        0.0000000        0.0000000 
       0.0000000        0.0000000        0.0000000        0.0000000 
       0.0000000        0.0000000        0.0000000 
       0.0000000        0.0000000        0.0000000        0.0000000 
       0.0000000        0.0000000        0.0000000 
   0.00016830459    6.2971105e-05    2.2898584e-06    4.5797167e-06 
   3.2058017e-05    0.00020150754    5.7246459e-06 
   0.00021027658    7.8674911e-05    2.8609059e-06    5.7218117e-06 
   4.0052682e-05    0.00025175971    7.1522646e-06 
   0.00019386166    7.2533274e-05    2.6375736e-06    5.2751472e-06 
   3.6926031e-05    0.00023210648    6.5939340e-06 
   0.00014172713    5.3027156e-05    1.9282602e-06    3.8565204e-06 
   2.6995643e-05    0.00016968690    4.8206505e-06 
   0.00013609129    5.0918510e-05    1.8515822e-06    3.7031643e-06 
   2.5922150e-05    0.00016293923    4.6289554e-06 
   0.00012936141    4.8400528e-05    1.7600192e-06    3.5200384e-06 
   2.4640269e-05    0.00015488169    4.4000480e-06 
   0.00010173283    3.8063303e-05    1.3841201e-06    2.7682402e-06 
   1.9377681e-05    0.00012180257    3.4603003e-06 
   8.5132253e-05    3.1852203e-05    1.1582619e-06    2.3165239e-06 
   1.6215667e-05    0.00010192705    2.8956549e-06 
   9.6685660e-05    3.6174907e-05    1.3154512e-06    2.6309023e-06 
   1.8416316e-05    0.00011575970    3.2886279e-06 
   8.8567716e-05    3.3137581e-05    1.2050029e-06    2.4100059e-06 
   1.6870041e-05    0.00010604026    3.0125073e-06 
   0.00011360560    4.2505496e-05    1.5456544e-06    3.0913088e-06 
   2.1639161e-05    0.00013601759    3.8641360e-06 
   0.00016481137    6.1664119e-05    2.2423316e-06    4.4846632e-06 
   3.1392642e-05    0.00019732518    5.6058290e-06 
   0.00014912435    5.5794826e-05    2.0289028e-06    4.0578055e-06 
   2.8404639e-05    0.00017854344    5.0722569e-06 
   0.00011338170    4.2421724e-05    1.5426082e-06    3.0852163e-06 
   2.1596514e-05    0.00013574952    3.8565204e-06 
   0.00011102184    4.1538784e-05    1.5105012e-06    3.0210025e-06 
   2.1147017e-05    0.00013292411    3.7762531e-06 
   0.00014504158    5.4267259e-05    1.9733549e-06    3.9467098e-06 
   2.7626968e-05    0.00017365523    4.9333872e-06 
   0.00013806598    5.1657340e-05    1.8784487e-06    3.7568975e-06 
   2.6298282e-05    0.00016530349    4.6961218e-06 
   0.00016317015    6.1050057e-05    2.2200021e-06    4.4400041e-06 
   3.1080029e-05    0.00019536018    5.5500051e-06 
   0.00021351417    7.9886253e-05    2.9049546e-06    5.8099093e-06 
   4.0669365e-05    0.00025563601    7.2623866e-06 
   0.00020901981    7.8204691e-05    2.8438069e-06    5.6876139e-06 
   3.9813297e-05    0.00025025501    7.1095173e-06 
   0.00026087211    9.7605212e-05    3.5492805e-06    7.0985609e-06 
   4.9689926e-05    0.00031233668    8.8732011e-06 
   0.00036940480    0.00013821268    5.0259156e-06    1.0051831e-05 
   7.0362819e-05    0.00044228058    1.2564789e-05 
   0.00034795683    0.00013018793    4.7341065e-06    9.4682130e-06 
   6.6277491e-05    0.00041660137    1.1835266e-05 
   0.00024802247    9.2797521e-05    3.3744553e-06    6.7489107e-06 
   4.7242375e-05    0.00029695207    8.4361383e-06 
   0.00025785718    9.6477177e-05    3.5082610e-06    7.0165219e-06 
   4.9115654e-05    0.00030872697    8.7706524e-06 
   0.00027048295    0.00010120110    3.6800402e-06    7.3600803e-06 
   5.1520562e-05    0.00032384354    9.2001004e-06 
   0.00022889886    8.5642432e-05    3.1142702e-06    6.2285405e-06 
   4.3599783e-05    0.00027405578    7.7856756e-06 
   0.00025894394    9.6883786e-05    3.5230468e-06    7.0460935e-06 
   4.9322655e-05    0.00031002811    8.8076169e-06 
   0.00034645695    0.00012962675    4.7137000e-06    9.4274000e-06 
   6.5991800e-05    0.00041480560    1.1784250e-05 
   0.00067311464    0.00025184561    9.1580223e-06    1.8316045e-05 
   0.00012821231    0.00080590596    2.2895056e-05 
    0.0012580768    0.00047070901    1.7116691e-05    3.4233382e-05 
   0.00023963368     0.0015062688    4.2791728e-05 
    0.0019834196    0.00074209578    2.6985301e-05    5.3970602e-05 
   0.00037779421     0.0023747065    6.7463253e-05 
    0.0020529453    0.00076810878    2.7931228e-05    5.5862457e-05 
   0.00039103720     0.0024579481    6.9828071e-05 
    0.0014668758    0.00054883106    1.9957493e-05    3.9914986e-05 
   0.00027940491     0.0017562594    4.9893733e-05 
    0.0014182145    0.00053062447    1.9295435e-05    3.8590871e-05 
   0.00027013609     0.0016979983    4.8238588e-05 
    0.0016895384    0.00063214023    2.2986918e-05    4.5973835e-05 
   0.00032181685     0.0020228487    5.7467294e-05 
    0.0017766912    0.00066474840    2.4172669e-05    4.8345338e-05 
   0.00033841737     0.0021271949    6.0431673e-05 
    0.0016139656    0.00060386469    2.1958716e-05    4.3917432e-05 
   0.00030742202     0.0019323670    5.4896790e-05 
    0.0016557419    0.00061949528    2.2527101e-05    4.5054202e-05 
   0.00031537941     0.0019823849    5.6317752e-05 
    0.0015198220    0.00056864089    2.0677850e-05    4.1355701e-05 
   0.00028948991     0.0018196508    5.1694626e-05 
    0.0019817865    0.00074148476    2.6963082e-05    5.3926164e-05 
   0.00037748315     0.0023727512    6.7407705e-05 
    0.0022675772    0.00084841323    3.0851390e-05    6.1702781e-05 
   0.00043191946     0.0027149223    7.7128476e-05 
    0.0018690252    0.00069929515    2.5428915e-05    5.0857829e-05 
   0.00035600481     0.0022377445    6.3572287e-05 
    0.0014845916    0.00055545945    2.0198526e-05    4.0397051e-05 
   0.00028277936     0.0017774703    5.0496314e-05 
    0.0015005855    0.00056144357    2.0416130e-05    4.0832260e-05 
   0.00028582582     0.0017966194    5.1040324e-05 
    0.0015562570    0.00058227303    2.1173565e-05    4.2347129e-05 
   0.00029642990     0.0018632737    5.2933911e-05 
    0.0014278929    0.00053424565    1.9427114e-05    3.8854229e-05 
   0.00027197960     0.0017095861    4.8567786e-05 
    0.0013763048    0.00051494395    1.8725235e-05    3.7450469e-05 
   0.00026215329     0.0016478207    4.6813087e-05 
    0.0014744563    0.00055166733    2.0060630e-05    4.0121260e-05 
   0.00028084882     0.0017653355    5.0151575e-05 
    0.0016969574    0.00063491605    2.3087856e-05    4.6175712e-05 
   0.00032322999     0.0020317313    5.7719640e-05 
    0.0026465897    0.00099022062    3.6008023e-05    7.2016045e-05 
   0.00050411232     0.0031687060    9.0020057e-05 
    0.0035292366     0.0013204627    4.8016825e-05    9.6033650e-05 
   0.00067223555     0.0042254806    0.00012004206 
    0.0029824871     0.0011158965    4.0578056e-05    8.1156111e-05 
   0.00056809278     0.0035708689    0.00010144514 
    0.0024802247    0.00092797521    3.3744553e-05    6.7489107e-05 
   0.00047242375     0.0029695207    8.4361383e-05 
    0.0028650798     0.0010719686    3.8980678e-05    7.7961355e-05 
   0.00054572949     0.0034302996    9.7451694e-05 
    0.0090160984     0.0033733701    0.00012266801    0.00024533601 
    0.0017173521      0.010794784    0.00030667001 
     0.053046402      0.019847293    0.00072171976     0.0014434395 
     0.010104077      0.063511339     0.0018042994 
     0.091162455      0.034108401     0.0012403055     0.0024806110 
     0.017364277       0.10914688     0.0031007638 
      0.10151994      0.037983652     0.0013812237     0.0027624474 
     0.019337132       0.12154769     0.0034530593 
     0.084316466      0.031546977     0.0011471628     0.0022943256 
     0.016060279       0.10095033     0.0028679070 
     0.098878946      0.036995524     0.0013452918     0.0026905836 
     0.018834085       0.11838568     0.0033632294 
      0.16026485      0.059963040     0.0021804742     0.0043609483 
     0.030526638       0.19188173     0.0054511854 
      0.18242879      0.068255671     0.0024820244     0.0049640488 
     0.034748341       0.21841815     0.0062050610 
      0.15589984      0.058329871     0.0021210862     0.0042421724 
     0.029695207       0.18665559     0.0053027156 
       0.0000000        0.0000000        0.0000000        0.0000000 
       0.0000000        0.0000000        0.0000000 
       0.0000000        0.0000000        0.0000000        0.0000000 
       0.0000000        0.0000000        0.0000000 
       0.0000000        0.0000000        0.0000000        0.0000000 
       0.0000000        0.0000000        0.0000000 
       0.0000000        0.0000000        0.0000000        0.0000000 
       0.0000000        0.0000000        0.0000000 
     0.050412804      0.034028643      0.015123841      0.030247683 
     0.045371524      0.044111204      0.036549283 
      0.98955409       0.35332833        0.0000000        0.0000000 
      0.15494797        1.1961514        0.0000000 
       0.0000000      0.097431520        0.0000000        0.0000000 
       0.0000000        0.0000000        0.0000000 
      0.21716246       0.11302607        0.0000000        0.0000000 
      0.26034096      0.043178501        0.0000000 
      0.14055821      0.019292303        0.0000000        0.0000000 
       0.0000000      0.031694498        0.0000000 
      0.13020114        0.0000000     0.0053691193        0.0000000 
       0.0000000        0.0000000        0.0000000 
      0.34535695        0.0000000     0.0013925684        0.0000000 
      0.34257181       0.14900481        0.0000000 
      0.75668944      0.064716860        0.0000000        0.0000000 
       1.1599253       0.81144986       0.42480811 
      0.14845729      0.077527694        0.0000000        0.0000000 
      0.30351267       0.25567644      0.061032440 
       2.5687668       0.18348334        0.0000000        0.0000000 
       1.2761922       0.56191774      0.068806254 
      0.33107145      0.089293130      0.010989924      0.016484885 
      0.27337435       0.45745557      0.083798168 
       2.2722656        2.9878078       0.75024250        1.6979172 
       4.1484701        3.6518981        1.7086863 
     0.028819213       0.10704279        0.0000000        0.0000000 
     0.037053273      0.091947011        0.0000000 
      0.56445387      0.090415951     0.0025833129      0.050374601 
      0.57478712       0.27641448     0.0051666258 
     0.092269323      0.083752155     0.0085171683       0.18453865 
     0.036907729        1.1256857      0.015614809 
      0.67308891       0.19391371        0.0000000      0.044872594 
      0.22115779        2.0529212     0.0016025926 
      0.78318849      0.037577225      0.017799738      0.029666231 
      0.60321336        1.0165628        0.0000000 
    0.0022361788      0.029070324       0.14535162      0.035778861 
       1.0264061        3.8395190      0.031306503 
       5.6726588      0.022832705      0.058350247      0.083719919 
       1.6515657        1.2228182      0.030443607 
      0.10309206      0.092518516      0.060797882      0.071371426 
      0.37536083        6.7697120      0.055511109 
      0.66298062      0.076688056      0.032159507       0.28448795 
       11.936125        13.544100       0.11874280 
      0.82811908      0.088829382      0.054443815       0.42408866 
       13.983464        11.533492       0.10029124 
       4.0836092      0.074485031      0.026135099      0.064030992 
       1.3067549       0.88597985      0.026135099 
       2.8709510       0.47408582      0.093407244        1.1719966 
       4.5540438        1.7835496      0.029960814 
       1.8109015       0.48874145      0.070012550       0.84418978 
       5.9914586       0.69877910      0.080783711 
       4.2975679       0.12643317       0.27606509        1.1552976 
       3.3011817        2.9903185       0.15659154 
       7.2721098       0.41127613       0.10281903       0.25771524 
       7.7461456        1.1617215      0.070771542 
       2.2227131       0.32711111      0.027373314       0.29152580 
       7.3565782       0.96354067       0.20803719 
       5.7386585       0.13101303      0.089261622       0.10077925 
       9.3062440        1.8644161        6.1907254 
       3.4229844       0.61080428       0.14882541       0.12402117 
       7.5792439        1.2619154        15.922768 
       15.738893        5.5763906       0.16588421       0.19604498 
       14.921201        4.3950939        12.332402 
       12.343129        1.8624993        4.0966101       0.19987075 
       6.3692146        5.1773927        6.2966689 
       13.755173        3.6959535       0.16279369        1.3327616 
       15.138025        7.2076461        2.5080963 
       23.220534        5.0241458       0.36616329       0.95587890 
       20.938759        26.683668        8.9363114 
       10.667274        3.2006401        8.2328339        11.755522 
       2.0009724        10.557381        1.8727637 
      0.14590317       0.17636647      0.084976571       0.56437270 
       37.814574        1.0758355      0.012826652 
       2.2920184       0.43033816       0.10290695       0.48085612 
       95.353581       0.13097248     0.0074841419 
       42.430832        68.037982        19.147494        45.403865 
       62.947295        56.614227        16.355302 
       28.161860        66.625192        14.931468        47.933449 
       68.191059        53.504429        17.319553 
       39.624579        88.266222        25.479046        55.966940 
       66.840962        59.800475        16.310083 
       46.648608        88.307092        32.192703        55.223027 
       39.804148        59.544157        14.876146 
