
       0.0000000        0.0000000        0.0000000        0.0000000 
       0.0000000        0.0000000        0.0000000 
       0.0000000        0.0000000        0.0000000        0.0000000 
       0.0000000        0.0000000        0.0000000 
       0.0000000        0.0000000        0.0000000        0.0000000 
       0.0000000        0.0000000        0.0000000 
       0.0000000        0.0000000        0.0000000        0.0000000 
       0.0000000        0.0000000        0.0000000 
       0.0000000        0.0000000        0.0000000        0.0000000 
       0.0000000        0.0000000        0.0000000 
       0.0000000        0.0000000        0.0000000        0.0000000 
       0.0000000        0.0000000        0.0000000 
       0.0000000        0.0000000        0.0000000        0.0000000 
       0.0000000        0.0000000        0.0000000 
       0.0000000        0.0000000        0.0000000        0.0000000 
       0.0000000        0.0000000        0.0000000 
       0.0000000        0.0000000        0.0000000        0.0000000 
       0.0000000        0.0000000        0.0000000 
       0.0000000        0.0000000        0.0000000        0.0000000 
       0.0000000        0.0000000        0.0000000 
       0.0000000        0.0000000        0.0000000        0.0000000 
       0.0000000        0.0000000        0.0000000 
       0.0000000        0.0000000        0.0000000        0.0000000 
       0.0000000        0.0000000        0.0000000 
       0.0000000        0.0000000        0.0000000        0.0000000 
       0.0000000        0.0000000        0.0000000 
       0.0000000        0.0000000        0.0000000        0.0000000 
       0.0000000        0.0000000        0.0000000 
       0.0000000        0.0000000        0.0000000        0.0000000 
       0.0000000        0.0000000        0.0000000 
       0.0000000        0.0000000        0.0000000        0.0000000 
       0.0000000        0.0000000        0.0000000 
       0.0000000        0.0000000        0.0000000        0.0000000 
       0.0000000        0.0000000        0.0000000 
       0.0000000        0.0000000        0.0000000        0.0000000 
       0.0000000        0.0000000        0.0000000 
       0.0000000        0.0000000        0.0000000        0.0000000 
       0.0000000        0.0000000        0.0000000 
       0.0000000        0.0000000        0.0000000        0.0000000 
       0.0000000        0.0000000        0.0000000 
       0.0000000        0.0000000        0.0000000        0.0000000 
       0.0000000        0.0000000        0.0000000 
       0.0000000        0.0000000        0.0000000        0.0000000 
       0.0000000        0.0000000        0.0000000 
       0.0000000        0.0000000        0.0000000        0.0000000 
       0.0000000        0.0000000        0.0000000 
       0.0000000        0.0000000        0.0000000        0.0000000 
       0.0000000        0.0000000        0.0000000 
       0.0000000        0.0000000        0.0000000        0.0000000 
       0.0000000        0.0000000        0.0000000 
       0.0000000        0.0000000        0.0000000        0.0000000 
       0.0000000        0.0000000        0.0000000 
       0.0000000        0.0000000        0.0000000        0.0000000 
       0.0000000        0.0000000        0.0000000 
       0.0000000        0.0000000        0.0000000        0.0000000 
       0.0000000        0.0000000        0.0000000 
       0.0000000        0.0000000        0.0000000        0.0000000 
       0.0000000        0.0000000        0.0000000 
    0.0014563499    0.00071558074    0.00033202946    0.00072703003 
    0.0011220306     0.0010613494    0.00062398641 
    0.0018195361    0.00089403308    0.00041483135    0.00090833761 
    0.0014018439     0.0013260299    0.00077959684 
    0.0016774968    0.00082424175    0.00038244817    0.00083742962 
    0.0012924111     0.0012225154    0.00071873881 
    0.0012263735    0.00060258132    0.00027959773    0.00061222262 
   0.00094484751    0.00089374861    0.00052545091 
    0.0011776063    0.00057861943    0.00026847941    0.00058787734 
   0.00090727526    0.00085820833    0.00050455614 
    0.0011193722    0.00055000601    0.00025520279    0.00055880610 
   0.00086240942    0.00081576891    0.00047960524 
   0.00088030039    0.00043253753    0.00020069741    0.00043945813 
   0.00067821885    0.00064153967    0.00037717273 
   0.00073665460    0.00036195686    0.00016794798    0.00036774817 
   0.00056754835    0.00053685441    0.00031562638 
   0.00083662693    0.00041107849    0.00019074042    0.00041765574 
   0.00064457107    0.00060971161    0.00035846044 
   0.00076638187    0.00037656342    0.00017472543    0.00038258843 
   0.00059045144    0.00055851886    0.00032836330 
   0.00098303619    0.00048301700    0.00022411989    0.00049074527 
   0.00075737065    0.00071641081    0.00042119082 
    0.0014261229    0.00070072862    0.00032513808    0.00071194028 
    0.0010987425     0.0010393207    0.00061103536 
    0.0012903822    0.00063403212    0.00029419090    0.00064417663 
   0.00099416236    0.00094039644    0.00055287601 
   0.00098109879    0.00048206505    0.00022367818    0.00048977809 
   0.00075587800    0.00071499888    0.00042036072 
   0.00096067879    0.00047203164    0.00021902268    0.00047958415 
   0.00074014561    0.00070011733    0.00041161159 
    0.0012550537    0.00061667340    0.00028613646    0.00062654017 
   0.00096694389    0.00091464999    0.00053773920 
    0.0011946934    0.00058701523    0.00027237507    0.00059640747 
   0.00092043988    0.00087066099    0.00051187728 
    0.0014119213    0.00069375064    0.00032190030    0.00070485065 
    0.0010878010     0.0010289710    0.00060495056 
    0.0018475512    0.00090779833    0.00042121842    0.00092232310 
    0.0014234278     0.0013464465    0.00079160014 
    0.0018086612    0.00088868967    0.00041235201    0.00090290870 
    0.0013934654     0.0013181045    0.00077493739 
    0.0022573424     0.0011091501    0.00051464567     0.0011268965 
    0.0017391474     0.0016450915    0.00096717892 
    0.0031964823     0.0015705986    0.00072875777     0.0015957282 
    0.0024626987     0.0023295119     0.0013695620 
    0.0030108917     0.0014794083    0.00068644544     0.0015030788 
    0.0023197122     0.0021942584     0.0012900440 
    0.0021461536     0.0010545173    0.00048929602     0.0010713896 
    0.0016534831     0.0015640600    0.00091953908 
    0.0022312540     0.0010963316    0.00050869784     0.0011138729 
    0.0017190479     0.0016260790    0.00095600111 
    0.0023405055     0.0011500126    0.00053360582     0.0011684128 
    0.0018032197     0.0017056986     0.0010028109 
    0.0019806759    0.00097320945    0.00045156919    0.00098878080 
    0.0015259924     0.0014434643    0.00084863864 
    0.0022406577     0.0011009521    0.00051084178     0.0011185673 
    0.0017262929     0.0016329322    0.00096003024 
    0.0029979132     0.0014730313    0.00068348650     0.0014965998 
    0.0023097130     0.0021848000     0.0012844833 
    0.0058245022     0.0028618820     0.0013279132     0.0029076721 
    0.0044874309     0.0042447433     0.0024955611 
     0.010886216     0.0053489660     0.0024819202     0.0054345494 
    0.0083871787     0.0079335864     0.0046642983 
     0.017162651     0.0084329066     0.0039128686     0.0085678331 
     0.013222797      0.012507687     0.0073534945 
     0.017764261     0.0087285088     0.0040500281     0.0088681650 
     0.013686302      0.012946124     0.0076112597 
     0.012692966     0.0062367166     0.0028938365     0.0063365041 
    0.0097791717     0.0092502981     0.0054384169 
     0.012271897     0.0060298235     0.0027978381     0.0061263007 
    0.0094547633     0.0089434343     0.0052580061 
     0.014619680     0.0071834117     0.0033331030     0.0072983463 
     0.011263590      0.010654436     0.0062639350 
     0.015373817     0.0075539591     0.0035050370     0.0076748224 
     0.011844608      0.011204032     0.0065870523 
     0.013965743     0.0068620988     0.0031840138     0.0069718923 
     0.010759771      0.010177865     0.0059837501 
     0.014327236     0.0070397191     0.0032664296     0.0071523546 
     0.011038279      0.010441311     0.0061386350 
     0.013151113     0.0064618282     0.0029982883     0.0065652175 
     0.010132147     0.0095841836     0.0056347142 
     0.017148520     0.0084259632     0.0039096469     0.0085607786 
     0.013211910      0.012497389     0.0073474399 
     0.019621484     0.0096410595     0.0044734516     0.0097953164 
     0.015117181      0.014299619     0.0084070038 
     0.016172790     0.0079465358     0.0036871926     0.0080736804 
     0.012460168      0.011786302     0.0069293793 
     0.012846262     0.0063120392     0.0029287862     0.0064130319 
    0.0098972775     0.0093620166     0.0055040982 
     0.012984659     0.0063800406     0.0029603388     0.0064821212 
     0.010003904     0.0094628762     0.0055633954 
     0.013466387     0.0066167389     0.0030701669     0.0067226068 
     0.010375047     0.0098139472     0.0057697964 
     0.012355645     0.0060709733     0.0028169316     0.0061681088 
    0.0095192861     0.0090044675     0.0052938887 
     0.011909249     0.0058516358     0.0027151590     0.0059452620 
    0.0091753650     0.0086791463     0.0051026265 
     0.012758561     0.0062689469     0.0029087914     0.0063692501 
    0.0098297088     0.0092981021     0.0054665217 
     0.014683877     0.0072149551     0.0033477391     0.0073303943 
     0.011313050      0.010701221     0.0062914408 
     0.022901102      0.011252507     0.0052211633      0.011432547 
     0.017643931      0.016689719     0.0098121862 
     0.030538701      0.015005258     0.0069624396      0.015245342 
     0.023528244      0.022255798      0.013084585 
     0.025807643      0.012680642     0.0058838181      0.012883533 
     0.019883247      0.018807929      0.011057520 
     0.021461536      0.010545173     0.0048929602      0.010713896 
     0.016534831      0.015640600     0.0091953908 
     0.024791711      0.012181462     0.0056521982      0.012376365 
     0.019100532      0.018067544      0.010622235 
     0.078016851      0.038333752      0.017786861      0.038947092 
     0.060107323      0.056856621      0.033427031 
      0.45901377       0.22553743       0.10464937       0.22914602 
      0.35364268       0.33451711       0.19666863 
      0.78883430       0.38759547       0.17984430       0.39379700 
      0.60774970       0.57488160       0.33798325 
      0.87845828       0.43163241       0.20027744       0.43853853 
      0.67679962       0.64019719       0.37638346 
      0.72959554       0.35848838       0.16633861       0.36422419 
      0.56210977       0.53170996       0.31260186 
      0.85560557       0.42040368       0.19506731       0.42713014 
      0.65919297       0.62354274       0.36659201 
       1.3867816       0.68139818       0.31616875       0.69230055 
       1.0684323        1.0106498       0.59417921 
       1.5785675       0.77563262       0.35989354       0.78804274 
       1.2161919        1.1504183       0.67635165 
       1.3490108       0.66283944       0.30755750       0.67344488 
       1.0393322       0.98312346       0.57799600 
       1.1687743       0.53568820       0.31782458       0.56131921 
      0.98294940       0.85607588       0.93809513 
       1.0271740       0.86213963       0.41060555       0.71426882 
       1.3651644        1.1116716       0.52811003 
       1.1843008       0.68749664       0.32869365       0.68624209 
       1.1416459        1.1755189       0.64985997 
       1.5406402       0.74592663       0.23366376       0.57774008 
       1.0258096        1.1298028       0.53280474 
       1.4960000        1.0233799       0.44237236       0.91247176 
       1.3523235        1.3283774        1.1090817 
       3.0649178       0.86277848       0.45545313        1.3017977 
       1.5201335        1.3839671       0.38032684 
       2.5373951       0.86992428       0.67227749        1.6660790 
       2.4524905        1.4795672       0.70985821 
       2.3379888        1.4109210        1.3829820        3.2714064 
       2.2617915        2.3113197       0.44194465 
       2.1276654        3.2521311        1.6053952        2.8952235 
       2.6127291        1.8809996       0.56498888 
       2.5583853        1.9597285        1.0442937        1.6375814 
       2.8966398        1.6818766       0.53422737 
       4.8280345        3.4521769       0.72831325        2.4439575 
       3.9284353        2.2322871       0.33560897 
       7.0806882        3.8415264        2.0925118        3.2723499 
       3.0466706        2.4426466       0.74839241 
       5.6776664        3.0252296        1.3410641        3.1258506 
       2.3390270        1.9662343       0.39258704 
       2.7047411        2.4377073        1.7234328        2.7260383 
       4.1889903        3.1716407       0.47836729 
       3.6184324        2.6059856        1.4685285        1.4328113 
       2.1210553        2.3710760       0.56185985 
       2.6168746        1.5627061        1.2851044        1.3652738 
       1.2671560        2.7054199       0.17350106 
       3.0479748        2.8929000        1.4793862        2.9656342 
       3.6861145        4.4559992        1.2502049 
       4.2443831        3.5210555        1.2516151        4.1927168 
       4.5660055        5.3797491        1.2722816 
       5.8314212        6.2615382        2.5679262        7.5305963 
       8.5370417        5.1287548        1.7417609 
       6.9985221        4.7629054        2.5577379        3.0337079 
       3.3750601        3.9295572        1.1442512 
       2.9864005        2.7055602       0.65067933        3.4274385 
       3.2118639        7.6420210        1.8056846 
       10.434010        11.060140        1.6346467        11.952376 
       3.8864787        8.9201172        2.3368068 
       9.2979849        10.371122        4.4346187        10.964772 
       5.7893592        12.385474        2.9301972 
       10.129456        7.4569924        3.3650306        16.846300 
       5.1942538        19.473826        3.2936592 
       17.173177        15.493461        1.1379518        9.1110358 
       4.8832975        25.121523        8.1239863 
       21.465190        17.780204        1.8998026        13.625281 
       5.7223315        21.390688        6.8885753 
       18.267127        7.4406626        7.4890125        13.731381 
       11.211957        14.193972        4.3658682 
       19.208407        29.003831        20.267610        29.893843 
       54.271371        32.221974        5.3982338 
       21.383448        27.543206        8.8013853        23.094717 
       25.274530        27.786904        4.5036919 
       15.655674        12.032030        8.0476454        16.526787 
       14.618690        21.228014        2.7966090 
       44.618119        36.344525        32.508173        43.079839 
       112.42260        45.141561        10.534277 
       175.70930        42.486121        23.356280        45.420540 
       31.605229        57.281398        13.189832 
       54.055111        47.756408        26.011125        48.466181 
       47.834152        98.124437        12.765852 
       66.866015        65.600999        36.159923        49.411586 
       51.662570        51.750935        15.142985 
       63.681107        68.077876        30.998565        52.875175 
       62.950546        71.717276        31.734153 
       82.445944        96.324377        38.122014        44.430528 
       72.822538        257.58898        12.562247 
       109.04673        86.207311        30.138301        49.347957 
       40.990021        110.93049        17.553096 
       90.349828        72.683413        26.442771        65.072998 
       50.266511        107.91603        18.196388 
       82.540494        62.926080        24.642029        59.177500 
       89.997970        120.46281        18.633006 
       85.173780        79.964556        28.189775        54.825921 
       99.626211        128.00518        25.787984 
       77.707845        78.613426        56.320039        65.753799 
       101.07895        83.098298        27.577192 
       35.743314        27.468009        22.465934        29.299933 
       182.51424        51.114838        16.776662 
       39.603473        35.161671        15.660501        23.266926 
       261.72460        60.400092        14.074535 
       49.150503        35.008768        20.191086        40.120147 
       163.07235        31.526499        17.673371 
       54.881934        73.438484        21.999509        56.536514 
       94.188578        27.453216        24.144056 
