
       0.0000000        0.0000000        0.0000000        0.0000000 
       0.0000000        0.0000000        0.0000000 
       0.0000000        0.0000000        0.0000000        0.0000000 
       0.0000000        0.0000000        0.0000000 
       0.0000000        0.0000000        0.0000000        0.0000000 
       0.0000000        0.0000000        0.0000000 
       0.0000000        0.0000000        0.0000000        0.0000000 
       0.0000000        0.0000000        0.0000000 
       0.0000000        0.0000000        0.0000000        0.0000000 
       0.0000000        0.0000000        0.0000000 
       0.0000000        0.0000000        0.0000000        0.0000000 
       0.0000000        0.0000000        0.0000000 
       0.0000000        0.0000000        0.0000000        0.0000000 
       0.0000000        0.0000000        0.0000000 
       0.0000000        0.0000000        0.0000000        0.0000000 
       0.0000000        0.0000000        0.0000000 
       0.0000000        0.0000000        0.0000000        0.0000000 
       0.0000000        0.0000000        0.0000000 
       0.0000000        0.0000000        0.0000000        0.0000000 
       0.0000000        0.0000000        0.0000000 
       0.0000000        0.0000000        0.0000000        0.0000000 
       0.0000000        0.0000000        0.0000000 
       0.0000000        0.0000000        0.0000000        0.0000000 
       0.0000000        0.0000000        0.0000000 
       0.0000000        0.0000000        0.0000000        0.0000000 
       0.0000000        0.0000000        0.0000000 
       0.0000000        0.0000000        0.0000000        0.0000000 
       0.0000000        0.0000000        0.0000000 
       0.0000000        0.0000000        0.0000000        0.0000000 
       0.0000000        0.0000000        0.0000000 
       0.0000000        0.0000000        0.0000000        0.0000000 
       0.0000000        0.0000000        0.0000000 
       0.0000000        0.0000000        0.0000000        0.0000000 
       0.0000000        0.0000000        0.0000000 
       0.0000000        0.0000000        0.0000000        0.0000000 
       0.0000000        0.0000000        0.0000000 
       0.0000000        0.0000000        0.0000000        0.0000000 
       0.0000000        0.0000000        0.0000000 
       0.0000000        0.0000000        0.0000000        0.0000000 
       0.0000000        0.0000000        0.0000000 
       0.0000000        0.0000000        0.0000000        0.0000000 
       0.0000000        0.0000000        0.0000000 
       0.0000000        0.0000000        0.0000000        0.0000000 
       0.0000000        0.0000000        0.0000000 
       0.0000000        0.0000000        0.0000000        0.0000000 
       0.0000000        0.0000000        0.0000000 
       0.0000000        0.0000000        0.0000000        0.0000000 
       0.0000000        0.0000000        0.0000000 
       0.0000000        0.0000000        0.0000000        0.0000000 
       0.0000000        0.0000000        0.0000000 
       0.0000000        0.0000000        0.0000000        0.0000000 
       0.0000000        0.0000000        0.0000000 
       0.0000000        0.0000000        0.0000000        0.0000000 
       0.0000000        0.0000000        0.0000000 
       0.0000000        0.0000000        0.0000000        0.0000000 
       0.0000000        0.0000000        0.0000000 
       0.0000000        0.0000000        0.0000000        0.0000000 
       0.0000000        0.0000000        0.0000000 
   0.00062055162    0.00035149326    0.00014311615    0.00030226130 
   0.00060910233    0.00057589938    0.00029997145 
   0.00077530549    0.00043914905    0.00017880662    0.00037763957 
   0.00076100096    0.00071951782    0.00037477867 
   0.00071478245    0.00040486755    0.00016484835    0.00034815972 
   0.00070159458    0.00066334976    0.00034552214 
   0.00052255852    0.00029598794    0.00012051626    0.00025453035 
   0.00051291722    0.00048495744    0.00025260209 
   0.00050177877    0.00028421786    0.00011572389    0.00024440885 
   0.00049252086    0.00046567291    0.00024255726 
   0.00047696521    0.00027016295    0.00011000120    0.00023232254 
   0.00046816511    0.00044264483    0.00023056252 
   0.00037509655    0.00021246244    8.6507506e-05    0.00018270385 
   0.00036817595    0.00034810621    0.00018131973 
   0.00031388899    0.00017779321    7.2391371e-05    0.00015289058 
   0.00030809768    0.00029130288    0.00015173231 
   0.00035648726    0.00020192175    8.2215697e-05    0.00017363955 
   0.00034991001    0.00033083597    0.00017232410 
   0.00032655580    0.00018496795    7.5312683e-05    0.00015906039 
   0.00032053078    0.00030305824    0.00015785538 
   0.00041887234    0.00023725795    9.6603399e-05    0.00020402638 
   0.00041114407    0.00038873208    0.00020248073 
   0.00060767186    0.00034419790    0.00014014572    0.00029598777 
   0.00059646020    0.00056394639    0.00029374544 
   0.00054983265    0.00031143658    0.00012680642    0.00026781517 
   0.00053968814    0.00051026905    0.00026578626 
   0.00041804681    0.00023679035    9.6413010e-05    0.00020362428 
   0.00041033377    0.00038796595    0.00020208167 
   0.00040934584    0.00023186194    9.4406328e-05    0.00019938616 
   0.00040179333    0.00037989106    0.00019787566 
   0.00053477917    0.00030290997    0.00012333468    0.00026048284 
   0.00052491240    0.00049629875    0.00025850949 
   0.00050905961    0.00028834188    0.00011740305    0.00024795523 
   0.00049966736    0.00047242986    0.00024607678 
   0.00060162056    0.00034077032    0.00013875013    0.00029304027 
   0.00059052055    0.00055833052    0.00029082027 
   0.00078724271    0.00044591054    0.00018155967    0.00038345401 
   0.00077271793    0.00073059609    0.00038054906 
   0.00077067168    0.00043652436    0.00017773793    0.00037538251 
   0.00075645264    0.00071521744    0.00037253871 
   0.00096185500    0.00054481455    0.00022183003    0.00046850502 
   0.00094410860    0.00089264403    0.00046495574 
    0.0013620231    0.00077147805    0.00031411973    0.00066342086 
    0.0013368936     0.0012640178    0.00065839495 
    0.0012829429    0.00072668535    0.00029588166    0.00062490206 
    0.0012592723     0.0011906278    0.00062016795 
   0.00091447739    0.00051797889    0.00021090346    0.00044542810 
   0.00089760512    0.00084867551    0.00044205365 
   0.00095073872    0.00053851806    0.00021926631    0.00046309045 
   0.00093319742    0.00088232763    0.00045958219 
   0.00099729089    0.00056488617    0.00023000251    0.00048576530 
   0.00097889069    0.00092553010    0.00048208526 
   0.00084396724    0.00047804048    0.00019464189    0.00041108367 
   0.00082839588    0.00078323897    0.00040796940 
   0.00095474567    0.00054078768    0.00022019042    0.00046504217 
   0.00093713044    0.00088604626    0.00046151913 
    0.0012774127    0.00072355295    0.00029460625    0.00062220840 
    0.0012538442     0.0011854956    0.00061749470 
    0.0024818240     0.0014057564    0.00057237639     0.0012088589 
    0.0024360339     0.0023032426     0.0011997009 
    0.0046386233     0.0026274121     0.0010697932     0.0022594032 
    0.0045530399     0.0043048478     0.0022422865 
    0.0073130166     0.0041422437     0.0016865813     0.0035620597 
    0.0071780901     0.0067868032     0.0035350744 
    0.0075693629     0.0042874435     0.0017457018     0.0036869221 
    0.0074297067     0.0070247039     0.0036589909 
    0.0054084807     0.0030634752     0.0012473433     0.0026343891 
    0.0053086932     0.0050193095     0.0026144316 
    0.0052290630     0.0029618493     0.0012059647     0.0025469975 
    0.0051325858     0.0048528020     0.0025277020 
    0.0062294547     0.0035284918     0.0014366823     0.0030342731 
    0.0061145201     0.0057812098     0.0030112862 
    0.0065507933     0.0037105047     0.0015107918     0.0031907923 
    0.0064299300     0.0060794263     0.0031666196 
    0.0059508120     0.0033706629     0.0013724198     0.0028985505 
    0.0058410185     0.0055226171     0.0028765918 
    0.0061048444     0.0034579100     0.0014079438     0.0029735773 
    0.0059922089     0.0056655659     0.0029510502 
    0.0056036975     0.0031740500     0.0012923656     0.0027294762 
    0.0055003082     0.0052004794     0.0027087984 
    0.0073069953     0.0041388331     0.0016851926     0.0035591268 
    0.0071721799     0.0067812152     0.0035321638 
    0.0083607268     0.0047356884     0.0019282119     0.0040723835 
    0.0082064698     0.0077591247     0.0040415321 
    0.0068912359     0.0039033384     0.0015893072     0.0033566167 
    0.0067640913     0.0063953720     0.0033311878 
    0.0054738004     0.0031004737     0.0012624078     0.0026662054 
    0.0053728078     0.0050799292     0.0026460069 
    0.0055327712     0.0031338759     0.0012760081     0.0026949291 
    0.0054306905     0.0051346566     0.0026745130 
    0.0057380360     0.0032501422     0.0013233478     0.0027949105 
    0.0056321682     0.0053251515     0.0027737370 
    0.0052647480     0.0029820621     0.0012141947     0.0025643791 
    0.0051676124     0.0048859193     0.0025449520 
    0.0050745386     0.0028743235     0.0011703272     0.0024717310 
    0.0049809124     0.0047093965     0.0024530057 
    0.0054364308     0.0030793067     0.0012537894     0.0026480032 
    0.0053361276     0.0050452485     0.0026279425 
    0.0062568090     0.0035439859     0.0014429910     0.0030475970 
    0.0061413697     0.0058065958     0.0030245092 
    0.0097581741     0.0055272315     0.0022505014     0.0047530590 
    0.0095781340     0.0090560177     0.0047170510 
     0.013012560     0.0073705826     0.0030010515     0.0063382209 
     0.012772475      0.012076231     0.0062902040 
     0.010996653     0.0062287315     0.0025361285     0.0053563033 
     0.010793763      0.010205381     0.0053157253 
    0.0091447739     0.0051797889     0.0021090346     0.0044542810 
    0.0089760512     0.0084867551     0.0044205365 
     0.010563764     0.0059835340     0.0024362923     0.0051454494 
     0.010368860     0.0098036404     0.0051064688 
     0.033243029      0.018829539     0.0076667503      0.016192177 
     0.032629689      0.030851003      0.016069509 
      0.19558606       0.11078398      0.045107485      0.095267008 
      0.19197746       0.18151252      0.094545289 
      0.33612279       0.19038690      0.077519094       0.16372033 
      0.32992126       0.31193684       0.16248002 
      0.37431163       0.21201784      0.086326482       0.18232153 
      0.36740551       0.34737776       0.18094031 
      0.31088112       0.17608949      0.071697675       0.15142549 
      0.30514531       0.28851145       0.15027833 
      0.36457407       0.20650229      0.084080736       0.17757851 
      0.35784761       0.33834088       0.17623322 
      0.59090850       0.33470279       0.13627964       0.28782259 
      0.58000613       0.54838925       0.28564212 
      0.67262861       0.38099074       0.15512652       0.32762722 
      0.66021849       0.62422913       0.32514519 
      0.57481437       0.32558674       0.13256789       0.27998338 
      0.56420894       0.53345318       0.27786230 
      0.37164971       0.17044625       0.10124251       0.17813555 
      0.31269838       0.27168875       0.29860132 
      0.68654304       0.57696021       0.27461722       0.47661930 
      0.91231008       0.74331487       0.35383372 
      0.99737196       0.57835028       0.27725686       0.57835028 
      0.96224439       0.98984462       0.54698638 
      0.71382996       0.34536018       0.10784481       0.26832817 
      0.47503073       0.52381767       0.24650243 
      0.67301094       0.46001684       0.19913058       0.41086435 
      0.60747429       0.59739173       0.49908676 
      0.65618118       0.21011884        0.0000000       0.10564634 
      0.74774135       0.66909351      0.053997020 
      0.66253433       0.14336352        0.0000000        1.3570819 
       2.0293594       0.81842476      0.027837577 
       1.4375901       0.18668352        0.0000000       0.29462977 
       1.1340706      0.016509427        0.0000000 
      0.70968115        1.7073688        0.0000000       0.61597568 
       1.2057690       0.29489663       0.17363073 
      0.33959679       0.14228166        0.0000000       0.47919389 
      0.53422737       0.17852322       0.58254944 
       2.9048976      0.027851367       0.25344744      0.050132461 
      0.70603215       0.56259761        2.0387201 
       2.7961002      0.028209913      0.043144573       0.55092301 
       1.7423770       0.68201614       0.39161997 
       1.5686987       0.16990112       0.35299843       0.44537186 
      0.59712819       0.19299447       0.21278878 
      0.67168010       0.31290463      0.024573662        0.0000000 
       1.8757895       0.27850150      0.024573662 
      0.51927389       0.19644489      0.017858626        0.0000000 
      0.83248672       0.20743481        0.0000000 
      0.27281545       0.90699173       0.11965590      0.053845155 
      0.74067003       0.44392339        0.0000000 
      0.20447917       0.19898980       0.32524540       0.10978748 
       3.5214333       0.17703231       0.24016010 
      0.78403546       0.17954025       0.54507902        0.0000000 
       4.3218825       0.21312331       0.25316466 
       2.8461537       0.96953766     0.0085171683      0.024131977 
       2.6289659       0.38753116        0.0000000 
       1.2452145        1.2083549      0.027244075      0.075321855 
       2.7212023       0.27885112        0.0000000 
       1.5030890        1.6988861      0.061310210      0.021755236 
       2.9033351        2.0766361        0.0000000 
       3.7053483        1.2813305       0.19231138       0.74688372 
       6.3932352        6.0779340       0.27952235 
       2.3441577        2.9276602       0.34502754      0.055813279 
       6.2891418        5.0409539       0.24101189 
       7.7186876        8.3055193       0.45201903      0.047580951 
       5.4506623        2.5720147       0.22468782 
       13.652948        11.243459       0.79904007        7.8370246 
       7.2779439        4.4825406       0.88809717 
       17.063838        12.903184        1.3324407        11.719748 
       8.5276207        3.8167980       0.75361702 
       5.3158791        4.6703421       0.41946833        1.7445178 
       5.2048049        4.2992237        1.2832333 
       22.408927        7.2205562       0.41592660        3.8649450 
       8.7467953        2.1818522       0.43707541 
       18.504855        6.7669822       0.60857062        2.4854455 
       14.450860        3.9691730       0.11444359 
       40.929549        2.0206109       0.41989732        2.2815968 
       4.5341951        3.5180900       0.12759311 
       44.273608        20.384875        5.0408032        4.9246311 
       10.914841        12.414397        1.8373895 
       13.744141        8.0682844       0.36817108        6.1507837 
       3.8514253        2.7181701       0.79382612 
       58.070444        16.932354        5.7660128        28.838702 
       24.872319        12.502386        8.5043291 
       98.413901        17.181583       0.63095772        17.550546 
       17.150578        17.302504        5.6305612 
       58.471672        3.1652049        4.2007245        15.653438 
       10.437301        7.7999093        6.5716959 
       11.074320       0.34052054       0.53891076        5.8836027 
       4.1735974        4.0595970        6.5365138 
       5.7281913        0.0000000        1.8712330        12.690752 
       12.483235        3.7066872        8.6298547 
       0.0000000        0.0000000        0.0000000        0.0000000 
       13.615493        3.4554251        0.0000000 
       33.783008        13.570287        2.8541712        11.207582 
       20.276826        11.047321        3.2189556 
       59.566973        10.041665        1.4927016        10.022425 
       16.677854        27.117146        8.1930241 
       40.681924        3.2612148       0.17961940        4.3538995 
       12.496646        15.185324       0.83822389 
       47.036864        4.8809110       0.53348230        7.1812143 
       7.2408920        1.6619330       0.32732304 
       6.5704308        1.2095732        0.0000000        2.3771219 
       9.6071538      0.089530342       0.10597469 
       0.0000000        6.4461855       0.82784591        12.034145 
       37.167623        1.0158201        0.0000000 
       0.0000000        6.0322450       0.91586101        10.210154 
       4.4945031        1.4095968        0.0000000 
