
       0.0000000        0.0000000        0.0000000        0.0000000 
       0.0000000        0.0000000        0.0000000 
       0.0000000        0.0000000        0.0000000        0.0000000 
       0.0000000        0.0000000        0.0000000 
       0.0000000        0.0000000        0.0000000        0.0000000 
       0.0000000        0.0000000        0.0000000 
       0.0000000        0.0000000        0.0000000        0.0000000 
       0.0000000        0.0000000        0.0000000 
       0.0000000        0.0000000        0.0000000        0.0000000 
       0.0000000        0.0000000        0.0000000 
       0.0000000        0.0000000        0.0000000        0.0000000 
       0.0000000        0.0000000        0.0000000 
       0.0000000        0.0000000        0.0000000        0.0000000 
       0.0000000        0.0000000        0.0000000 
       0.0000000        0.0000000        0.0000000        0.0000000 
       0.0000000        0.0000000        0.0000000 
       0.0000000        0.0000000        0.0000000        0.0000000 
       0.0000000        0.0000000        0.0000000 
       0.0000000        0.0000000        0.0000000        0.0000000 
       0.0000000        0.0000000        0.0000000 
       0.0000000        0.0000000        0.0000000        0.0000000 
       0.0000000        0.0000000        0.0000000 
       0.0000000        0.0000000        0.0000000        0.0000000 
       0.0000000        0.0000000        0.0000000 
       0.0000000        0.0000000        0.0000000        0.0000000 
       0.0000000        0.0000000        0.0000000 
       0.0000000        0.0000000        0.0000000        0.0000000 
       0.0000000        0.0000000        0.0000000 
       0.0000000        0.0000000        0.0000000        0.0000000 
       0.0000000        0.0000000        0.0000000 
       0.0000000        0.0000000        0.0000000        0.0000000 
       0.0000000        0.0000000        0.0000000 
       0.0000000        0.0000000        0.0000000        0.0000000 
       0.0000000        0.0000000        0.0000000 
       0.0000000        0.0000000        0.0000000        0.0000000 
       0.0000000        0.0000000        0.0000000 
       0.0000000        0.0000000        0.0000000        0.0000000 
       0.0000000        0.0000000        0.0000000 
       0.0000000        0.0000000        0.0000000        0.0000000 
       0.0000000        0.0000000        0.0000000 
       0.0000000        0.0000000        0.0000000        0.0000000 
       0.0000000        0.0000000        0.0000000 
       0.0000000        0.0000000        0.0000000        0.0000000 
       0.0000000        0.0000000        0.0000000 
       0.0000000        0.0000000        0.0000000        0.0000000 
       0.0000000        0.0000000        0.0000000 
       0.0000000        0.0000000        0.0000000        0.0000000 
       0.0000000        0.0000000        0.0000000 
       0.0000000        0.0000000        0.0000000        0.0000000 
       0.0000000        0.0000000        0.0000000 
       0.0000000        0.0000000        0.0000000        0.0000000 
       0.0000000        0.0000000        0.0000000 
       0.0000000        0.0000000        0.0000000        0.0000000 
       0.0000000        0.0000000        0.0000000 
       0.0000000        0.0000000        0.0000000        0.0000000 
       0.0000000        0.0000000        0.0000000 
       0.0000000        0.0000000        0.0000000        0.0000000 
       0.0000000        0.0000000        0.0000000 
   0.00042018901    0.00025875400    0.00011449292    0.00023013077 
   0.00038813099    0.00037324691    0.00030455116 
   0.00052497622    0.00032328236    0.00014304529    0.00028752104 
   0.00048492354    0.00046632765    0.00038050048 
   0.00048399476    0.00029804582    0.00013187868    0.00026507615 
   0.00044706873    0.00042992450    0.00035079729 
   0.00035383575    0.00021789340    9.6413011e-05    0.00019379015 
   0.00032684011    0.00031430642    0.00025645861 
   0.00033976533    0.00020922878    9.2579108e-05    0.00018608401 
   0.00031384318    0.00030180789    0.00024626043 
   0.00032296353    0.00019888217    8.8000961e-05    0.00017688193 
   0.00029832326    0.00028688313    0.00023408256 
   0.00025398604    0.00015640557    6.9206005e-05    0.00013910407 
   0.00023460836    0.00022561158    0.00018408797 
   0.00021254107    0.00013088360    5.7913097e-05    0.00011640533 
   0.00019632540    0.00018879670    0.00015404884 
   0.00024138529    0.00014864598    6.5772558e-05    0.00013220284 
   0.00022296897    0.00021441854    0.00017495500 
   0.00022111804    0.00013616533    6.0250147e-05    0.00012110279 
   0.00020424800    0.00019641548    0.00016026539 
   0.00028362758    0.00017465895    7.7282720e-05    0.00015533827 
   0.00026198842    0.00025194167    0.00020557203 
   0.00041146785    0.00025338347    0.00011211658    0.00022535432 
   0.00038007520    0.00036550005    0.00029823010 
   0.00037230366    0.00022926601    0.00010144514    0.00020390473 
   0.00034389902    0.00033071115    0.00026984407 
   0.00028306860    0.00017431472    7.7130408e-05    0.00015503212 
   0.00026147208    0.00025144513    0.00020516688 
   0.00027717698    0.00017068664    7.5525062e-05    0.00015180538 
   0.00025602996    0.00024621170    0.00020089667 
   0.00036211062    0.00022298910    9.8667744e-05    0.00019832217 
   0.00033448365    0.00032165685    0.00026245620 
   0.00034469534    0.00021226471    9.3922436e-05    0.00018878410 
   0.00031839706    0.00030618714    0.00024983368 
   0.00040737038    0.00025086023    0.00011100010    0.00022311021 
   0.00037629035    0.00036186034    0.00029526027 
   0.00053305918    0.00032825987    0.00014524773    0.00029194794 
   0.00049238981    0.00047350761    0.00038635897 
   0.00052183857    0.00032135018    0.00014219035    0.00028580260 
   0.00048202527    0.00046354053    0.00037822632 
   0.00065129296    0.00040106869    0.00017746402    0.00035670269 
   0.00060160304    0.00057853271    0.00047205430 
   0.00092225552    0.00056792847    0.00025129578    0.00050510452 
   0.00085189270    0.00081922425    0.00066844678 
   0.00086870854    0.00053495403    0.00023670532    0.00047577770 
   0.00080243105    0.00077165936    0.00062963616 
   0.00061921255    0.00038131345    0.00016872277    0.00033913276 
   0.00057197018    0.00055003622    0.00044880256 
   0.00064376589    0.00039643349    0.00017541305    0.00035258023 
   0.00059465023    0.00057184654    0.00046659871 
   0.00067528737    0.00041584454    0.00018400201    0.00036984404 
   0.00062376681    0.00059984655    0.00048944534 
   0.00057146859    0.00035191254    0.00015571351    0.00031298416 
   0.00052786881    0.00050762605    0.00041419794 
   0.00064647908    0.00039810428    0.00017615234    0.00035406620 
   0.00059715643    0.00057425662    0.00046856522 
   0.00086496395    0.00053264810    0.00023568500    0.00047372685 
   0.00079897215    0.00076833310    0.00062692210 
    0.0016804971     0.0010348565    0.00045790112    0.00092038124 
    0.0015522848     0.0014927576     0.0012180170 
    0.0031409128     0.0019341861    0.00085583456     0.0017202275 
    0.0029012792     0.0027900207     0.0022765199 
    0.0049518027     0.0030493390     0.0013492651     0.0027120228 
    0.0045740085     0.0043986041     0.0035890450 
    0.0051253804     0.0031562288     0.0013965614     0.0028070884 
    0.0047343432     0.0045527902     0.0037148534 
    0.0036622000     0.0022551967    0.00099787466     0.0020057281 
    0.0033827951     0.0032530714     0.0026543466 
    0.0035407124     0.0021803842    0.00096477177     0.0019391913 
    0.0032705763     0.0031451560     0.0025662929 
    0.0042180994     0.0025975217     0.0011493459     0.0023101852 
    0.0038962825     0.0037468676     0.0030572600 
    0.0044356848     0.0027315116     0.0012086335     0.0024293532 
    0.0040972674     0.0039401450     0.0032149650 
    0.0040294244     0.0024813349     0.0010979358     0.0022068510 
    0.0037220024     0.0035792707     0.0029205092 
    0.0041337230     0.0025455624     0.0011263550     0.0022639736 
    0.0038183436     0.0036719175     0.0029961044 
    0.0037943855     0.0023365971     0.0010338925     0.0020781240 
    0.0035048956     0.0033704896     0.0027501541 
    0.0049477256     0.0030468283     0.0013481541     0.0027097898 
    0.0045702424     0.0043949824     0.0035860899 
    0.0056612301     0.0034862071     0.0015425695     0.0031005647 
    0.0052293107     0.0050287766     0.0041032349 
    0.0046662058     0.0028734674     0.0012714457     0.0025556059 
    0.0043102010     0.0041449131     0.0033820457 
    0.0037064294     0.0022824334     0.0010099263     0.0020299518 
    0.0034236501     0.0032923597     0.0026864039 
    0.0037463598     0.0023070227     0.0010208065     0.0020518210 
    0.0034605340     0.0033278292     0.0027153453 
    0.0038853491     0.0023926128     0.0010586782     0.0021279432 
    0.0035889192     0.0034512910     0.0028160841 
    0.0035648755     0.0021952639    0.00097135572     0.0019524250 
    0.0032928959     0.0031666197     0.0025838062 
    0.0034360806     0.0021159515    0.00093626174     0.0018818861 
    0.0031739273     0.0030522133     0.0024904562 
    0.0036811256     0.0022668512     0.0010030315     0.0020160933 
    0.0034002768     0.0032698827     0.0026680638 
    0.0042366216     0.0026089277     0.0011543928     0.0023203295 
    0.0039133916     0.0037633206     0.0030706849 
    0.0066074722     0.0040689066     0.0018004011     0.0036188063 
    0.0061033598     0.0058693077     0.0047890670 
    0.0088110873     0.0054259012     0.0024008412     0.0048256909 
    0.0081388518     0.0078267424     0.0063862377 
    0.0074460732     0.0045853203     0.0020289028     0.0040780946 
    0.0068779804     0.0066142231     0.0053968814 
    0.0061921255     0.0038131345     0.0016872277     0.0033913276 
    0.0057197018     0.0055003622     0.0044880256 
    0.0071529543     0.0044048166     0.0019490339     0.0039175581 
    0.0066072248     0.0063538504     0.0051844301 
     0.022509579      0.013861485     0.0061334003      0.012328135 
     0.020792227      0.019994885      0.016314845 
      0.13243558      0.081554333      0.036085988      0.072532836 
      0.12233150       0.11764032      0.095988728 
      0.22759606       0.14015452      0.062015275       0.12465070 
      0.21023178       0.20216980       0.16496063 
      0.25345455       0.15607828      0.069061185       0.13881298 
      0.23411742       0.22513946       0.18370275 
      0.21050437       0.12962940      0.057358140       0.11528986 
      0.19444410       0.18698754       0.15257265 
      0.24686104       0.15201797      0.067264589       0.13520182 
      0.22802696       0.21928256       0.17892381 
      0.40011701       0.24639358       0.10902371       0.21913765 
      0.36959037       0.35541729       0.29000306 
      0.45545148       0.28046876       0.12410122       0.24944345 
      0.42070313       0.40456998       0.33010924 
      0.38921932       0.23968274       0.10605431       0.21316917 
      0.35952411       0.34573705       0.28210447 
      0.70100824       0.32166923       0.19095106       0.33704784 
      0.58951333       0.51390184       0.56388232 
      0.50566535       0.42512857       0.20200209       0.35119317 
      0.67202001       0.54791416       0.26009419 
      0.31238442       0.18191061      0.086564358       0.18191061 
      0.30234798       0.31112987       0.17187416 
      0.58801101       0.28373457      0.089870678       0.22082510 
      0.39157938       0.43137926       0.20285096 
      0.64780453       0.44237236       0.19156866       0.39448019 
      0.58478853       0.57470597       0.48018196 
     0.062213958      0.077473986     0.0046953931      0.056344717 
     0.066909351       0.11973252       0.33454676 
      0.15867419      0.084904610        0.0000000      0.066810185 
     0.055675154       0.36328038        5.4283275 
       1.0439037       0.15239471      0.022859206      0.057148015 
     0.095246692       0.77975292        9.2274996 
       1.0624547      0.078547235     0.0013780217      0.046852736 
      0.13780217       0.65869435        7.6190818 
      0.50201265       0.12617430      0.076509949      0.034899275 
      0.37315379       0.26308684       0.27650964 
       2.6054954       0.29940220        1.2017865       0.11976088 
      0.61133751       0.74223893        3.4619249 
       4.0854592       0.33022193       0.54926361       0.13275253 
      0.27712091       0.89276079        8.5774731 
       3.8862818       0.24742881       0.23258308       0.15670491 
      0.15670491       0.36619464        2.6507873 
       1.4252724        3.4206538       0.89775779        1.3925075 
       2.5474696        1.3318925        2.1297174 
      0.90117374        1.2075179        2.9123298       0.41212214 
      0.66626412        1.8531759        3.6143111 
      0.76579777        1.1163896        1.9958604       0.70118358 
       1.4262983        1.3509151        3.9175342 
       1.0196512       0.72734203        1.8416849       0.91123605 
      0.77811874        1.7085676        2.0996855 
      0.59932859       0.30741423       0.81632687       0.59028700 
      0.70395276       0.81116025       0.94678417 
      0.25125646       0.27964703       0.20867062       0.55787452 
      0.44431228       0.66008054        1.8553232 
      0.14583593       0.13942556       0.15705408       0.40225075 
     0.035257038       0.16346445        2.2580530 
    0.0098887435       0.31446204      0.013844241       0.32632854 
     0.039554974       0.66254582        2.9943115 
       1.5586166       0.35108007        0.0000000       0.38462275 
    0.0044723576       0.49643169        3.8641170 
       2.3619165       0.32473181      0.015221803       0.55052189 
     0.076109017       0.33995361        3.4299797 
       15.841813        1.5120169       0.44144549       0.58154496 
     0.037007406       0.85645712        12.685610 
       2.5455487       0.13111184       0.15584992      0.032159507 
       0.0000000     0.0049476165        10.080769 
       3.1806650       0.15186959       0.26075722      0.048712887 
       0.0000000     0.0028654639        8.5476789 
      0.72524899        1.0872201        1.0088148       0.44298992 
       46.584507       0.45867098        61.902288 
       3.8314594        8.2127879        8.5828921        8.1017566 
       3.0137054        4.2297620        2.9291102 
      0.77821642       0.83880420        6.3563317       0.42276809 
       54.787513        0.0000000        46.663364 
       3.7721163       0.53009137        13.435554       0.58344849 
       65.300993       0.17399060        37.117995 
       4.4746309        9.1148405        42.711293        5.4681031 
       87.336089        5.1129101        31.674939 
       16.634763        7.2238177        9.5697107        29.188165 
       68.783664        7.0376791        16.024338 
       12.506705        8.1069709        31.872158        6.0885064 
       76.043703        7.8751786        24.954382 
       13.952382        5.8817041        12.417620        12.681165 
       154.08701        4.0787463        7.6521064 
       7.1246433        8.0009811        28.542139        9.1437390 
       170.49714        4.0063551        4.9363121 
       6.5453969        4.0151813        16.763974        8.5041303 
       191.10309        85.513590        8.0481289 
       7.0555860        3.7943453        11.932241        5.1378406 
       237.66269        6.3346425        3.0376230 
       62.598505        11.083185        8.1770044        3.2299456 
       113.84209        5.5020852        1.6265359 
       66.995182        66.257982        5.4763456        52.139755 
       231.99070        55.296133        2.8846971 
       72.929138        78.871084        5.0168243        23.599437 
       187.07512        54.267962        23.653950 
       62.056633        50.662027        26.289919        18.824488 
       118.25318        49.269977        30.082508 
       47.286425        40.973249        37.752463        38.483063 
       65.735870        42.000429        70.698160 
       44.754208        36.838995        37.142302        37.809212 
       75.804792        33.173732        61.699196 
       26.069551        28.412583        31.188525        31.435360 
       63.983375        31.959409        26.986637 
       40.284693        21.952397        27.967681        16.771940 
       35.741193        15.963495        16.231092 
