
       0.0000000        0.0000000        0.0000000        0.0000000 
       0.0000000        0.0000000        0.0000000 
       0.0000000        0.0000000        0.0000000        0.0000000 
       0.0000000        0.0000000        0.0000000 
       0.0000000        0.0000000        0.0000000        0.0000000 
       0.0000000        0.0000000        0.0000000 
       0.0000000        0.0000000        0.0000000        0.0000000 
       0.0000000        0.0000000        0.0000000 
       0.0000000        0.0000000        0.0000000        0.0000000 
       0.0000000        0.0000000        0.0000000 
       0.0000000        0.0000000        0.0000000        0.0000000 
       0.0000000        0.0000000        0.0000000 
       0.0000000        0.0000000        0.0000000        0.0000000 
       0.0000000        0.0000000        0.0000000 
       0.0000000        0.0000000        0.0000000        0.0000000 
       0.0000000        0.0000000        0.0000000 
       0.0000000        0.0000000        0.0000000        0.0000000 
       0.0000000        0.0000000        0.0000000 
       0.0000000        0.0000000        0.0000000        0.0000000 
       0.0000000        0.0000000        0.0000000 
       0.0000000        0.0000000        0.0000000        0.0000000 
       0.0000000        0.0000000        0.0000000 
       0.0000000        0.0000000        0.0000000        0.0000000 
       0.0000000        0.0000000        0.0000000 
       0.0000000        0.0000000        0.0000000        0.0000000 
       0.0000000        0.0000000        0.0000000 
       0.0000000        0.0000000        0.0000000        0.0000000 
       0.0000000        0.0000000        0.0000000 
       0.0000000        0.0000000        0.0000000        0.0000000 
       0.0000000        0.0000000        0.0000000 
       0.0000000        0.0000000        0.0000000        0.0000000 
       0.0000000        0.0000000        0.0000000 
       0.0000000        0.0000000        0.0000000        0.0000000 
       0.0000000        0.0000000        0.0000000 
       0.0000000        0.0000000        0.0000000        0.0000000 
       0.0000000        0.0000000        0.0000000 
       0.0000000        0.0000000        0.0000000        0.0000000 
       0.0000000        0.0000000        0.0000000 
       0.0000000        0.0000000        0.0000000        0.0000000 
       0.0000000        0.0000000        0.0000000 
       0.0000000        0.0000000        0.0000000        0.0000000 
       0.0000000        0.0000000        0.0000000 
       0.0000000        0.0000000        0.0000000        0.0000000 
       0.0000000        0.0000000        0.0000000 
       0.0000000        0.0000000        0.0000000        0.0000000 
       0.0000000        0.0000000        0.0000000 
       0.0000000        0.0000000        0.0000000        0.0000000 
       0.0000000        0.0000000        0.0000000 
       0.0000000        0.0000000        0.0000000        0.0000000 
       0.0000000        0.0000000        0.0000000 
       0.0000000        0.0000000        0.0000000        0.0000000 
       0.0000000        0.0000000        0.0000000 
       0.0000000        0.0000000        0.0000000        0.0000000 
       0.0000000        0.0000000        0.0000000 
       0.0000000        0.0000000        0.0000000        0.0000000 
       0.0000000        0.0000000        0.0000000 
       0.0000000        0.0000000        0.0000000        0.0000000 
       0.0000000        0.0000000        0.0000000 
   0.00060566754    0.00039385564    0.00016944952    0.00035492805 
   0.00072703003    0.00062971105    0.00033660918 
   0.00075670960    0.00049207581    0.00021170703    0.00044344041 
   0.00090833761    0.00078674911    0.00042055316 
   0.00069763822    0.00045366266    0.00019518045    0.00040882391 
   0.00083742962    0.00072533274    0.00038772332 
   0.00051002483    0.00033166076    0.00014269126    0.00029888033 
   0.00061222262    0.00053027156    0.00028345425 
   0.00048974348    0.00031847213    0.00013701708    0.00028699524 
   0.00058787734    0.00050918510    0.00027218258 
   0.00046552508    0.00030272331    0.00013024142    0.00027280298 
   0.00055880610    0.00048400528    0.00025872282 
   0.00036609977    0.00023806866    0.00010242489    0.00021453862 
   0.00043945813    0.00038063303    0.00020346566 
   0.00030636028    0.00019922105    8.5711384e-05    0.00017953060 
   0.00036774817    0.00031852203    0.00017026451 
   0.00034793683    0.00022625760    9.7343385e-05    0.00020389493 
   0.00041765574    0.00036174907    0.00019337132 
   0.00031872328    0.00020726050    8.9170217e-05    0.00018677545 
   0.00038258843    0.00033137581    0.00017713543 
   0.00040882559    0.00026585256    0.00011437842    0.00023957643 
   0.00049074527    0.00042505496    0.00022721120 
   0.00059309670    0.00038568103    0.00016593254    0.00034756140 
   0.00071194028    0.00061664119    0.00032962274 
   0.00053664478    0.00034897128    0.00015013881    0.00031447993 
   0.00064417663    0.00055794826    0.00029824871 
   0.00040801986    0.00026532860    0.00011415300    0.00023910426 
   0.00048977809    0.00042421724    0.00022676340 
   0.00039952758    0.00025980621    0.00011177709    0.00023412769 
   0.00047958415    0.00041538784    0.00022204368 
   0.00052195237    0.00033941704    0.00014602826    0.00030587001 
   0.00062654017    0.00054267259    0.00029008317 
   0.00049684969    0.00032309318    0.00013900521    0.00029115955 
   0.00059640747    0.00051657340    0.00027613196 
   0.00058719054    0.00038184035    0.00016428015    0.00034410032 
   0.00070485065    0.00061050057    0.00032634030 
   0.00076836050    0.00049965220    0.00021496664    0.00045026797 
   0.00092232310    0.00079886253    0.00042702833 
   0.00075218693    0.00048913479    0.00021044171    0.00044079007 
   0.00090290870    0.00078204691    0.00041803962 
   0.00093878468    0.00061047624    0.00026264675    0.00055013847 
    0.0011268965    0.00097605212    0.00052174423 
    0.0013293547    0.00086445749    0.00037191776    0.00077901692 
    0.0015957282     0.0013821268    0.00073880960 
    0.0012521712    0.00081426632    0.00035032388    0.00073378651 
    0.0015030788     0.0013018793    0.00069591365 
   0.00089254343    0.00058040632    0.00024970969    0.00052304058 
    0.0010713896    0.00092797521    0.00049604493 
   0.00092793503    0.00060342089    0.00025961131    0.00054378045 
    0.0011138729    0.00096477177    0.00051571436 
   0.00097337063    0.00063296691    0.00027232297    0.00057040623 
    0.0011684128     0.0010120110    0.00054096591 
   0.00082372448    0.00053565448    0.00023045600    0.00048271189 
   0.00098878080    0.00085642432    0.00045779773 
   0.00093184587    0.00060596404    0.00026070546    0.00054607225 
    0.0011185673    0.00096883786    0.00051788787 
    0.0012467737    0.00081075640    0.00034881380    0.00073062350 
    0.0014965998     0.0012962675    0.00069291390 
    0.0024222969     0.0015751798    0.00067769365     0.0014194935 
    0.0029076721     0.0025184561     0.0013462293 
    0.0045273648     0.0029440709     0.0012666351     0.0026530871 
    0.0054345494     0.0047070901     0.0025161536 
    0.0071376121     0.0046414718     0.0019969123     0.0041827217 
    0.0085678331     0.0074209578     0.0039668392 
    0.0073878099     0.0048041713     0.0020669109     0.0043293404 
    0.0088681650     0.0076810878     0.0041058906 
    0.0052787570     0.0034326888     0.0014768545     0.0030934114 
    0.0063365041     0.0054883106     0.0029337515 
    0.0051036426     0.0033188149     0.0014278622     0.0029907925 
    0.0061263007     0.0053062447     0.0028364290 
    0.0060800397     0.0039537498     0.0017010319     0.0035629722 
    0.0072983463     0.0063214023     0.0033790769 
    0.0063936710     0.0041576991     0.0017887775     0.0037467637 
    0.0076748224     0.0066474840     0.0035533823 
    0.0058080804     0.0037768992     0.0016249450     0.0034036010 
    0.0069718923     0.0060386469     0.0032279313 
    0.0059584182     0.0038746614     0.0016670055     0.0034917007 
    0.0071523546     0.0061949528     0.0033114838 
    0.0054692914     0.0035565903     0.0015301609     0.0032050668 
    0.0065652175     0.0056864089     0.0030396440 
    0.0071317352     0.0046376501     0.0019952681     0.0041792777 
    0.0085607786     0.0074148476     0.0039635731 
    0.0081601927     0.0053064391     0.0022830029     0.0047819655 
    0.0097953164     0.0084841323     0.0045351544 
    0.0067259479     0.0043737733     0.0018817397     0.0039414818 
    0.0080736804     0.0069929515     0.0037380505 
    0.0053425100     0.0034741464     0.0014946909     0.0031307715 
    0.0064130319     0.0055545945     0.0029691833 
    0.0054000663     0.0035115743     0.0015107936     0.0031645001 
    0.0064821212     0.0056144357     0.0030011711 
    0.0056004078     0.0036418531     0.0015668438     0.0032819025 
    0.0067226068     0.0058227303     0.0031125140 
    0.0051384718     0.0033414637     0.0014376065     0.0030112027 
    0.0061681088     0.0053424565     0.0028557858 
    0.0049528246     0.0032207404     0.0013856674     0.0029024114 
    0.0059452620     0.0051494395     0.0027526095 
    0.0053060367     0.0034504284     0.0014844866     0.0031093977 
    0.0063692501     0.0055166733     0.0029489126 
    0.0061067380     0.0039711113     0.0017085014     0.0035786177 
    0.0073303943     0.0063491605     0.0033939149 
    0.0095241220     0.0061933799     0.0026645937     0.0055812435 
     0.011432547     0.0099022062     0.0052931793 
     0.012700450     0.0082588939     0.0035532450     0.0074426078 
     0.015245342      0.013204627     0.0070584732 
     0.010732896     0.0069794256     0.0030027761     0.0062895986 
     0.012883533      0.011158965     0.0059649742 
    0.0089254343     0.0058040632     0.0024970969     0.0052304058 
     0.010713896     0.0092797521     0.0049604493 
     0.010310389     0.0067046765     0.0028845701     0.0060420050 
     0.012376365      0.010719686     0.0057301596 
     0.032445687      0.021098897     0.0090774324      0.019013541 
     0.038947092      0.033733701      0.018032197 
      0.19089488       0.12413580      0.053407262       0.11186656 
      0.22914602       0.19847293       0.10609280 
      0.32806081       0.21333255      0.091782608       0.19224735 
      0.39379700       0.34108401       0.18232491 
      0.36533367       0.23757048       0.10221055       0.21408968 
      0.43853853       0.37983652       0.20303989 
      0.30342456       0.19731200      0.084890048       0.17781023 
      0.36422419       0.31546977       0.16863293 
      0.35582967       0.23139019      0.099551591       0.20852023 
      0.42713014       0.36995524       0.19775789 
      0.57673542       0.37504156       0.16135509       0.33797350 
      0.69230055       0.59963040       0.32052970 
      0.65649545       0.42690819       0.18366980       0.38471378 
      0.78804274       0.68255671       0.36485758 
      0.56102731       0.36482683       0.15696038       0.32876836 
      0.67344488       0.58329871       0.31179967 
      0.62027055       0.28450426       0.16788314       0.29731977 
      0.52030959       0.45366895       0.49724168 
      0.57035883       0.47925985       0.22840759       0.39608252 
      0.75915817       0.61788874       0.29310107 
      0.42027623       0.24338385       0.11667370       0.24338385 
      0.40522156       0.41651257       0.22958373 
      0.87174558       0.42110832       0.13223828       0.32738604 
      0.58030781       0.63936568       0.30042484 
      0.94650040       0.64780453       0.27979106       0.57722661 
      0.85449703       0.84063351       0.70199830 
      0.57988104       0.51884093       0.19368496       0.49653782 
       1.6152152        1.1480236       0.21364038 
      0.57484597       0.71960137       0.44818499        1.1510838 
       2.1240071        1.4085814       0.70011506 
      0.72260491       0.84833054        1.1162912        1.5988745 
       1.1480401        1.2407469       0.30986924 
      0.74413170       0.88331188       0.76618004        1.1644283 
      0.71243720       0.54707460       0.33623728 
      0.75033442        1.0134213       0.93288447       0.57986488 
       1.0872466       0.70067006       0.11409378 
       1.7142516        1.5248623       0.83136331        1.0555668 
       2.2350722        1.8465456       0.38434886 
       2.6849200        2.3015970        1.5830740        2.2036921 
       2.1655257        1.1997510       0.27712091 
       2.9295571        1.4845729        1.3031251        2.1427335 
       2.7547074        3.6734931       0.16330301 
       1.4334636        1.6398824        1.1336649        2.7456972 
       1.5333965        3.3633152       0.16382441 
       1.8957618        1.5578217        1.7226705        1.6608522 
      0.70747633        2.7845719       0.16897008 
       4.2800916        1.2910872        1.8953495        1.0745100 
      0.74067003       0.77297712       0.26204642 
       4.0786047        2.4647288        2.5100162        2.1271324 
       2.2273134        2.5429524        2.2341751 
       2.5109801        2.4166892        2.8933104        2.4476890 
       1.9568595        1.8677352        1.0552833 
       1.6622673        3.2365239        3.3614424        4.0413963 
       2.6488393        2.5494724        2.1477459 
       2.8750512        4.0561620        4.7949572        1.9407397 
       1.6041952        1.2484197        4.9151517 
       3.0912212        4.4044464       0.82669896        9.0046899 
      0.48257068        3.4511715        1.4140903 
       1.7017321        5.1633368        2.4262540        13.750263 
      0.37120568        5.6150450        1.6279382 
       1.6160481        4.6756306        5.9999275        10.256959 
      0.53530009        7.6844738        3.6481589 
       4.6576464        5.6859236        1.4538624        14.826753 
       1.5992486        15.180967        5.2629818 
       5.7417090        6.9266631        1.1725851        2.9240414 
       1.9122538        19.958685        14.516307 
       7.1751217        7.9487970        1.9571119        4.3726980 
       2.2407928        16.995067        12.310033 
       4.6206855        1.5563451        2.7807745        4.3998439 
      0.45736423        3.0395120        4.6206855 
       3.8314594        8.2127879        8.5828921        8.1017566 
       3.0137054        4.2297620        2.9291102 
       6.8989289        5.6629382        9.0423901        13.173131 
       1.2117557        5.0786026        1.8014768 
       5.1733206        8.4083859        3.9704656        5.7648886 
       0.0000000       0.47325444        0.0000000 
       48.794975        57.393050        30.052534        86.648403 
       71.371097        74.399585        10.233832 
       44.868968        48.806619        21.245798        38.666175 
       28.804939        64.283491        10.262256 
       60.660471        65.663441        18.661438        43.070172 
       36.143758        72.080200        17.574462 
       54.529009        65.024301        23.534568        44.328268 
       51.829998        62.422957        18.138097 
       57.486421        60.948206        30.877922        43.733111 
       56.635217        94.317743        21.432576 
       55.445627        75.419377        25.117091        34.280054 
       44.546008        188.94744        9.8425241 
       62.942125        98.245100        17.876894        20.467282 
       37.855795        102.45090        16.944856 
       166.59659        105.05610        27.847682        68.196949 
       39.907944        116.40909        23.505756 
       73.559776        99.030583        24.158193        48.933010 
       50.747774        83.471534        19.741096 
       45.278082        80.551376        18.871212        47.133137 
       59.196603        58.181694        35.834459 
       67.482636        59.813262        17.477342        39.699631 
       41.065486        46.033086        48.759184 
       86.165530        71.188240        36.282222        40.293286 
       64.486256        58.406366        18.424128 
       69.840975        83.957535        36.471738        56.067920 
       94.905817        91.816106        31.352064 
       56.696052        116.23830        46.534054        76.585240 
       85.213065        118.76931        17.244258 
       97.889712        117.30182        50.042570        133.51972 
       92.479348        135.54554        9.3244450 
