
       0.0000000        0.0000000        0.0000000        0.0000000 
       0.0000000        0.0000000        0.0000000 
       0.0000000        0.0000000        0.0000000        0.0000000 
       0.0000000        0.0000000        0.0000000 
       0.0000000        0.0000000        0.0000000        0.0000000 
       0.0000000        0.0000000        0.0000000 
       0.0000000        0.0000000        0.0000000        0.0000000 
       0.0000000        0.0000000        0.0000000 
       0.0000000        0.0000000        0.0000000        0.0000000 
       0.0000000        0.0000000        0.0000000 
       0.0000000        0.0000000        0.0000000        0.0000000 
       0.0000000        0.0000000        0.0000000 
       0.0000000        0.0000000        0.0000000        0.0000000 
       0.0000000        0.0000000        0.0000000 
       0.0000000        0.0000000        0.0000000        0.0000000 
       0.0000000        0.0000000        0.0000000 
       0.0000000        0.0000000        0.0000000        0.0000000 
       0.0000000        0.0000000        0.0000000 
       0.0000000        0.0000000        0.0000000        0.0000000 
       0.0000000        0.0000000        0.0000000 
       0.0000000        0.0000000        0.0000000        0.0000000 
       0.0000000        0.0000000        0.0000000 
       0.0000000        0.0000000        0.0000000        0.0000000 
       0.0000000        0.0000000        0.0000000 
       0.0000000        0.0000000        0.0000000        0.0000000 
       0.0000000        0.0000000        0.0000000 
       0.0000000        0.0000000        0.0000000        0.0000000 
       0.0000000        0.0000000        0.0000000 
       0.0000000        0.0000000        0.0000000        0.0000000 
       0.0000000        0.0000000        0.0000000 
       0.0000000        0.0000000        0.0000000        0.0000000 
       0.0000000        0.0000000        0.0000000 
       0.0000000        0.0000000        0.0000000        0.0000000 
       0.0000000        0.0000000        0.0000000 
       0.0000000        0.0000000        0.0000000        0.0000000 
       0.0000000        0.0000000        0.0000000 
       0.0000000        0.0000000        0.0000000        0.0000000 
       0.0000000        0.0000000        0.0000000 
       0.0000000        0.0000000        0.0000000        0.0000000 
       0.0000000        0.0000000        0.0000000 
       0.0000000        0.0000000        0.0000000        0.0000000 
       0.0000000        0.0000000        0.0000000 
       0.0000000        0.0000000        0.0000000        0.0000000 
       0.0000000        0.0000000        0.0000000 
       0.0000000        0.0000000        0.0000000        0.0000000 
       0.0000000        0.0000000        0.0000000 
       0.0000000        0.0000000        0.0000000        0.0000000 
       0.0000000        0.0000000        0.0000000 
       0.0000000        0.0000000        0.0000000        0.0000000 
       0.0000000        0.0000000        0.0000000 
       0.0000000        0.0000000        0.0000000        0.0000000 
       0.0000000        0.0000000        0.0000000 
       0.0000000        0.0000000        0.0000000        0.0000000 
       0.0000000        0.0000000        0.0000000 
       0.0000000        0.0000000        0.0000000        0.0000000 
       0.0000000        0.0000000        0.0000000 
       0.0000000        0.0000000        0.0000000        0.0000000 
       0.0000000        0.0000000        0.0000000 
   4.3507309e-05    2.7478300e-05    1.2594221e-05    2.4043513e-05 
   4.2362380e-05    3.8927592e-05    2.7478300e-05 
   5.4357211e-05    3.4330870e-05    1.5734982e-05    3.0039511e-05 
   5.2926758e-05    4.8635399e-05    3.4330870e-05 
   5.0113899e-05    3.1650883e-05    1.4506655e-05    2.7694523e-05 
   4.8795112e-05    4.4838751e-05    3.1650883e-05 
   3.6636944e-05    2.3139123e-05    1.0605431e-05    2.0246732e-05 
   3.5672814e-05    3.2780424e-05    2.3139123e-05 
   3.5180061e-05    2.2218986e-05    1.0183702e-05    1.9441613e-05 
   3.4254270e-05    3.1476897e-05    2.2218986e-05 
   3.3440365e-05    2.1120231e-05    9.6801057e-06    1.8480202e-05 
   3.2560356e-05    2.9920327e-05    2.1120231e-05 
   2.6298282e-05    1.6609441e-05    7.6126606e-06    1.4533261e-05 
   2.5606222e-05    2.3530042e-05    1.6609441e-05 
   2.2006977e-05    1.3899143e-05    6.3704407e-06    1.2161750e-05 
   2.1427846e-05    1.9690453e-05    1.3899143e-05 
   2.4993572e-05    1.5785414e-05    7.2349813e-06    1.3812237e-05 
   2.4335846e-05    2.2362670e-05    1.5785414e-05 
   2.2895056e-05    1.4460035e-05    6.6275161e-06    1.2652531e-05 
   2.2292554e-05    2.0485050e-05    1.4460035e-05 
   2.9367433e-05    1.8547853e-05    8.5010991e-06    1.6229371e-05 
   2.8594606e-05    2.6276125e-05    1.8547853e-05 
   4.2604300e-05    2.6907979e-05    1.2332824e-05    2.3544482e-05 
   4.1483134e-05    3.8119637e-05    2.6907979e-05 
   3.8549153e-05    2.4346833e-05    1.1158965e-05    2.1303479e-05 
   3.7534701e-05    3.4491347e-05    2.4346833e-05 
   2.9309555e-05    1.8511298e-05    8.4843449e-06    1.6197386e-05 
   2.8538251e-05    2.6224339e-05    1.8511298e-05 
   2.8699524e-05    1.8126015e-05    8.3077568e-06    1.5860263e-05 
   2.7944273e-05    2.5678521e-05    1.8126015e-05 
   3.7493743e-05    2.3680259e-05    1.0853452e-05    2.0720226e-05 
   3.6507065e-05    3.3547033e-05    2.3680259e-05 
   3.5690526e-05    2.2541385e-05    1.0331468e-05    1.9723712e-05 
   3.4751302e-05    3.1933628e-05    2.2541385e-05 
   4.2180039e-05    2.6640025e-05    1.2210011e-05    2.3310022e-05 
   4.1070038e-05    3.7740035e-05    2.6640025e-05 
   5.5194138e-05    3.4859456e-05    1.5977251e-05    3.0502024e-05 
   5.3741661e-05    4.9384229e-05    3.4859456e-05 
   5.4032332e-05    3.4125683e-05    1.5640938e-05    2.9859973e-05 
   5.2610428e-05    4.8344718e-05    3.4125683e-05 
   6.7436329e-05    4.2591365e-05    1.9521042e-05    3.7267445e-05 
   6.5661688e-05    6.0337768e-05    4.2591365e-05 
   9.5492397e-05    6.0310988e-05    2.7642536e-05    5.2772114e-05 
   9.2979439e-05    8.5440566e-05    6.0310988e-05 
   8.9948023e-05    5.6809278e-05    2.6037586e-05    4.9708118e-05 
   8.7580970e-05    8.0479810e-05    5.6809278e-05 
   6.4114651e-05    4.0493464e-05    1.8559504e-05    3.5431781e-05 
   6.2427424e-05    5.7365741e-05    4.0493464e-05 
   6.6656958e-05    4.2099132e-05    1.9295435e-05    3.6836740e-05 
   6.4902828e-05    5.9640436e-05    4.2099132e-05 
   6.9920763e-05    4.4160482e-05    2.0240221e-05    3.8640422e-05 
   6.8080743e-05    6.2560683e-05    4.4160482e-05 
   5.9171135e-05    3.7371243e-05    1.7128486e-05    3.2699838e-05 
   5.7613999e-05    5.2942594e-05    3.7371243e-05 
   6.6937888e-05    4.2276561e-05    1.9376757e-05    3.6991991e-05 
   6.5176365e-05    5.9891795e-05    4.2276561e-05 
   8.9560300e-05    5.6564400e-05    2.5925350e-05    4.9493850e-05 
   8.7203450e-05    8.0132900e-05    5.6564400e-05 
   0.00017400242    0.00010989627    5.0369123e-05    9.6159234e-05 
   0.00016942341    0.00015568638    0.00010989627 
   0.00032521713    0.00020540029    9.4141801e-05    0.00017972526 
   0.00031665879    0.00029098375    0.00020540029 
   0.00051272072    0.00032382361    0.00014841916    0.00028334566 
   0.00049922807    0.00045875012    0.00032382361 
   0.00053069334    0.00033517474    0.00015362176    0.00029327790 
   0.00051672772    0.00047483088    0.00033517474 
   0.00037919237    0.00023948992    0.00010976621    0.00020955368 
   0.00036921362    0.00033927738    0.00023948992 
   0.00036661327    0.00023154522    0.00010612489    0.00020260207 
   0.00035696555    0.00032802240    0.00023154522 
   0.00043675143    0.00027584301    0.00012642805    0.00024136263 
   0.00042525798    0.00039077760    0.00027584301 
   0.00045928071    0.00029007203    0.00013294968    0.00025381302 
   0.00044719438    0.00041093537    0.00029007203 
   0.00041721560    0.00026350459    0.00012077294    0.00023056652 
   0.00040623625    0.00037329817    0.00026350459 
   0.00042801492    0.00027032521    0.00012389906    0.00023653456 
   0.00041675137    0.00038296072    0.00027032521 
   0.00039287916    0.00024813420    0.00011372818    0.00021711743 
   0.00038254023    0.00035152346    0.00024813420 
   0.00051229856    0.00032355699    0.00014829695    0.00028311236 
   0.00049881702    0.00045837240    0.00032355699 
   0.00058617642    0.00037021668    0.00016968265    0.00032393960 
   0.00057075072    0.00052447363    0.00037021668 
   0.00048314938    0.00030514698    0.00013985903    0.00026700360 
   0.00047043492    0.00043229155    0.00030514698 
   0.00038377199    0.00024238231    0.00011109189    0.00021208452 
   0.00037367272    0.00034337493    0.00024238231 
   0.00038790647    0.00024499356    0.00011228871    0.00021436936 
   0.00037769840    0.00034707421    0.00024499356 
   0.00040229773    0.00025408278    0.00011645461    0.00022232243 
   0.00039171095    0.00035995060    0.00025408278 
   0.00036911517    0.00023312537    0.00010684913    0.00020398470 
   0.00035940162    0.00033026095    0.00023312537 
   0.00035577946    0.00022470282    0.00010298879    0.00019661496 
   0.00034641684    0.00031832899    0.00022470282 
   0.00038115197    0.00024072756    0.00011033347    0.00021063662 
   0.00037112166    0.00034103071    0.00024072756 
   0.00043866927    0.00027705427    0.00012698321    0.00024242249 
   0.00042712534    0.00039249356    0.00027705427 
   0.00068415243    0.00043209627    0.00019804412    0.00037808424 
   0.00066614842    0.00061213639    0.00043209627 
   0.00091231967    0.00057620190    0.00026409254    0.00050417666 
   0.00088831126    0.00081628602    0.00057620190 
   0.00077098306    0.00048693667    0.00022317931    0.00042606958 
   0.00075069403    0.00068982695    0.00048693667 
   0.00064114651    0.00040493464    0.00018559504    0.00035431781 
   0.00062427424    0.00057365741    0.00040493464 
   0.00074063287    0.00046776813    0.00021439373    0.00040929711 
   0.00072114253    0.00066267152    0.00046776813 
    0.0023306921     0.0014720161    0.00067467403     0.0012880141 
    0.0022693581     0.0020853561     0.0014720161 
     0.013712675     0.0086606371     0.0039694587     0.0075780575 
     0.013351816      0.012269236     0.0086606371 
     0.023565805      0.014883666     0.0068216803      0.013023208 
     0.022945652      0.021085194      0.014883666 
     0.026243250      0.016574685     0.0075967304      0.014502849 
     0.025552639      0.023480803      0.016574685 
     0.021796093      0.013765954     0.0063093954      0.012045209 
     0.021222512      0.019501768      0.013765954 
     0.025560544      0.016143501     0.0073991048      0.014125564 
     0.024887898      0.022869960      0.016143501 
     0.041429009      0.026165690      0.011992608      0.022894979 
     0.040338772      0.037068061      0.026165690 
     0.047158463      0.029784293      0.013651134      0.026061256 
     0.045917451      0.042194415      0.029784293 
     0.040300638      0.025453035      0.011665974      0.022271405 
     0.039240095      0.036058466      0.025453035 
     0.099960956      0.046135826      0.026912565      0.048698927 
     0.084582347      0.073048391      0.080737695 
     0.081857055      0.068654304      0.033006877      0.056771828 
      0.10958283      0.089778705      0.042248802 
     0.022582007      0.013800115     0.0062727796      0.013800115 
     0.022582007      0.022582007      0.012545559 
     0.051354673      0.025677337     0.0077032010      0.019258003 
     0.034664405      0.038516005      0.017974136 
     0.040330243      0.027727042      0.011342881      0.023946082 
     0.036549283      0.035288963      0.030247683 
       0.0000000        0.0000000        0.0000000        0.0000000 
       0.0000000        0.0000000        0.0000000 
       0.0000000        0.0000000        0.0000000        0.0000000 
       0.0000000        0.0000000        0.0000000 
       0.0000000        0.0000000        0.0000000        0.0000000 
       0.0000000        0.0000000        0.0000000 
       0.0000000        0.0000000        0.0000000        0.0000000 
       0.0000000        0.0000000        0.0000000 
       0.0000000        0.0000000        0.0000000        0.0000000 
       0.0000000        0.0000000        0.0000000 
       0.0000000        0.0000000        0.0000000        0.0000000 
       0.0000000        0.0000000        0.0000000 
       0.0000000        0.0000000        0.0000000        0.0000000 
       0.0000000        0.0000000        0.0000000 
       0.0000000        0.0000000        0.0000000        0.0000000 
       0.0000000        0.0000000        0.0000000 
       0.0000000        0.0000000        0.0000000        0.0000000 
       0.0000000        0.0000000        0.0000000 
       0.0000000        0.0000000        0.0000000        0.0000000 
       0.0000000        0.0000000        0.0000000 
       0.0000000        0.0000000        0.0000000        0.0000000 
       0.0000000        0.0000000        0.0000000 
      0.18389402        0.0000000        0.0000000        0.0000000 
       3.7519870        0.0000000        0.0000000 
     0.052957914        0.0000000        0.0000000        0.0000000 
       5.7155798        0.0000000        0.0000000 
       0.0000000        0.0000000        0.0000000        0.0000000 
       7.9621328        0.0000000        0.0000000 
       0.0000000        0.0000000        0.0000000        0.0000000 
       3.2596734        0.0000000        0.0000000 
       0.0000000        0.0000000        0.0000000        0.0000000 
       3.0833102        0.0000000        0.0000000 
       0.0000000        0.0000000        0.0000000        0.0000000 
       3.0255499        0.0000000        0.0000000 
       0.0000000        0.0000000        0.0000000        0.0000000 
       3.4299797        0.0000000        0.0000000 
     0.023790475        0.0000000        0.0000000        0.0000000 
       4.4276718        0.0000000        0.0000000 
       0.0000000        0.0000000        0.0000000        0.0000000 
       9.8111236        0.0000000        0.0000000 
       0.0000000        0.0000000        0.0000000        0.0000000 
       11.493376        0.0000000        0.0000000 
       0.0000000        0.0000000        0.0000000        0.0000000 
       10.650053        0.0000000       0.35543734 
      0.13218006        0.0000000        0.0000000        0.0000000 
       10.313570        0.0000000       0.10398165 
       0.0000000        0.0000000        0.0000000        0.0000000 
       8.4553618        0.0000000       0.22754079 
       0.0000000        0.0000000        0.0000000        0.0000000 
       11.667810        0.0000000      0.039437870 
       7.2721098       0.41127613       0.10281903       0.25771524 
       7.7461456        1.1617215      0.070771542 
       2.2227131       0.32711111      0.027373314       0.29152580 
       7.3565782       0.96354067       0.20803719 
       5.7386585       0.13101303      0.089261622       0.10077925 
       9.3062440        1.8644161        6.1907254 
       3.4229844       0.61080428       0.14882541       0.12402117 
       7.5792439        1.2619154        15.922768 
       15.738893        5.5763906       0.16588421       0.19604498 
       14.921201        4.3950939        12.332402 
       12.343129        1.8624993        4.0966101       0.19987075 
       6.3692146        5.1773927        6.2966689 
       13.755173        3.6959535       0.16279369        1.3327616 
       15.138025        7.2076461        2.5080963 
       23.220534        5.0241458       0.36616329       0.95587890 
       20.938759        26.683668        8.9363114 
       10.667274        3.2006401        8.2328339        11.755522 
       2.0009724        10.557381        1.8727637 
      0.14590317       0.17636647      0.084976571       0.56437270 
       37.814574        1.0758355      0.012826652 
       2.2920184       0.43033816       0.10290695       0.48085612 
       95.353581       0.13097248     0.0074841419 
      0.50273926       0.60039364      0.065102925       0.85357169 
       120.31021       0.35806609       0.13924792 
      0.77653868      0.018271498        0.0000000      0.016444349 
       210.85675      0.054814495       0.28138107 
      0.28480937      0.072151708        0.0000000       0.11392375 
       119.12817       0.14999960        0.0000000 
      0.20164018       0.46735294        0.0000000      0.024498340 
       67.835902        0.0000000       0.14699004 
