
       0.0000000        0.0000000        0.0000000        0.0000000 
       0.0000000        0.0000000        0.0000000 
       0.0000000        0.0000000        0.0000000        0.0000000 
       0.0000000        0.0000000        0.0000000 
       0.0000000        0.0000000        0.0000000        0.0000000 
       0.0000000        0.0000000        0.0000000 
       0.0000000        0.0000000        0.0000000        0.0000000 
       0.0000000        0.0000000        0.0000000 
       0.0000000        0.0000000        0.0000000        0.0000000 
       0.0000000        0.0000000        0.0000000 
       0.0000000        0.0000000        0.0000000        0.0000000 
       0.0000000        0.0000000        0.0000000 
       0.0000000        0.0000000        0.0000000        0.0000000 
       0.0000000        0.0000000        0.0000000 
       0.0000000        0.0000000        0.0000000        0.0000000 
       0.0000000        0.0000000        0.0000000 
       0.0000000        0.0000000        0.0000000        0.0000000 
       0.0000000        0.0000000        0.0000000 
       0.0000000        0.0000000        0.0000000        0.0000000 
       0.0000000        0.0000000        0.0000000 
       0.0000000        0.0000000        0.0000000        0.0000000 
       0.0000000        0.0000000        0.0000000 
       0.0000000        0.0000000        0.0000000        0.0000000 
       0.0000000        0.0000000        0.0000000 
       0.0000000        0.0000000        0.0000000        0.0000000 
       0.0000000        0.0000000        0.0000000 
       0.0000000        0.0000000        0.0000000        0.0000000 
       0.0000000        0.0000000        0.0000000 
       0.0000000        0.0000000        0.0000000        0.0000000 
       0.0000000        0.0000000        0.0000000 
       0.0000000        0.0000000        0.0000000        0.0000000 
       0.0000000        0.0000000        0.0000000 
       0.0000000        0.0000000        0.0000000        0.0000000 
       0.0000000        0.0000000        0.0000000 
       0.0000000        0.0000000        0.0000000        0.0000000 
       0.0000000        0.0000000        0.0000000 
       0.0000000        0.0000000        0.0000000        0.0000000 
       0.0000000        0.0000000        0.0000000 
       0.0000000        0.0000000        0.0000000        0.0000000 
       0.0000000        0.0000000        0.0000000 
       0.0000000        0.0000000        0.0000000        0.0000000 
       0.0000000        0.0000000        0.0000000 
       0.0000000        0.0000000        0.0000000        0.0000000 
       0.0000000        0.0000000        0.0000000 
       0.0000000        0.0000000        0.0000000        0.0000000 
       0.0000000        0.0000000        0.0000000 
       0.0000000        0.0000000        0.0000000        0.0000000 
       0.0000000        0.0000000        0.0000000 
       0.0000000        0.0000000        0.0000000        0.0000000 
       0.0000000        0.0000000        0.0000000 
       0.0000000        0.0000000        0.0000000        0.0000000 
       0.0000000        0.0000000        0.0000000 
       0.0000000        0.0000000        0.0000000        0.0000000 
       0.0000000        0.0000000        0.0000000 
       0.0000000        0.0000000        0.0000000        0.0000000 
       0.0000000        0.0000000        0.0000000 
       0.0000000        0.0000000        0.0000000        0.0000000 
       0.0000000        0.0000000        0.0000000 
    0.0012182047    0.00078542142    0.00042247887    0.00070642131 
    0.0010544798     0.0010991320    0.00069955173 
    0.0015220019    0.00098129071    0.00052783713    0.00088258945 
    0.0013174471     0.0013732348    0.00087400674 
    0.0014031892    0.00090468775    0.00048663233    0.00081369146 
    0.0012146026     0.0012660353    0.00080577874 
    0.0010258344    0.00066139325    0.00035576401    0.00059486828 
   0.00088796383    0.00092556490    0.00058908350 
   0.00098504171    0.00063509268    0.00034161691    0.00057121310 
   0.00085265359    0.00088875944    0.00056565835 
   0.00093633022    0.00060368659    0.00032472355    0.00054296593 
   0.00081048885    0.00084480922    0.00053768587 
   0.00073635189    0.00047475320    0.00025537016    0.00042700105 
   0.00063738731    0.00066437765    0.00042284869 
   0.00061619535    0.00039728385    0.00021369933    0.00035732381 
   0.00053337962    0.00055596573    0.00035384902 
   0.00069982001    0.00045119975    0.00024270074    0.00040581668 
   0.00060576526    0.00063141655    0.00040187033 
   0.00064106156    0.00041331601    0.00022232304    0.00037174341 
   0.00055490385    0.00057840141    0.00036812840 
   0.00082228814    0.00053015946    0.00028517324    0.00047683438 
   0.00071177385    0.00074191411    0.00047219742 
    0.0011929204    0.00076911973    0.00041371018    0.00069175929 
    0.0010325937     0.0010763192    0.00068503230 
    0.0010793763    0.00069591365    0.00037433256    0.00062591651 
   0.00093430973    0.00097387333    0.00061982980 
   0.00082066754    0.00052911460    0.00028461120    0.00047589462 
   0.00071037106    0.00074045191    0.00047126679 
   0.00080358666    0.00051810193    0.00027868748    0.00046598963 
   0.00069558582    0.00072504060    0.00046145813 
    0.0010498248    0.00067686072    0.00036408398    0.00060877998 
   0.00090872992    0.00094721034    0.00060285992 
   0.00099933472    0.00064430791    0.00034657379    0.00057950143 
   0.00086502564    0.00090165539    0.00057386609 
    0.0011810411    0.00076146071    0.00040959038    0.00068487063 
    0.0010223109     0.0010656010    0.00067821063 
    0.0015454359    0.00099639944    0.00053596413    0.00089617851 
    0.0013377316     0.0013943782    0.00088746364 
    0.0015129053    0.00097542578    0.00052468238    0.00087731444 
    0.0013095731     0.0013650273    0.00086878302 
    0.0018882172     0.0012174032    0.00065484224     0.0010949530 
    0.0016344436     0.0017036546     0.0010843052 
    0.0026737871     0.0017238891    0.00092728143     0.0015504950 
    0.0023144341     0.0024124395     0.0015354172 
    0.0025185447     0.0016237985    0.00087344265     0.0014604719 
    0.0021800560     0.0022723711     0.0014462695 
    0.0017952102     0.0011574382    0.00062258701     0.0010410195 
    0.0015539367     0.0016197386     0.0010308961 
    0.0018663948     0.0012033335    0.00064727415     0.0010822985 
    0.0016155542     0.0016839653     0.0010717737 
    0.0019577814     0.0012622538    0.00067896741     0.0011352924 
    0.0016946585     0.0017664193     0.0011242523 
    0.0016567918     0.0010681947    0.00057458286    0.00096075237 
    0.0014341214     0.0014948497    0.00095140956 
    0.0018742609     0.0012084050    0.00065000213     0.0010868599 
    0.0016223630     0.0016910624     0.0010762908 
    0.0025076884     0.0016167991    0.00086967765     0.0014541765 
    0.0021706589     0.0022625760     0.0014400354 
    0.0048720679     0.0031412017     0.0016896551     0.0028252499 
    0.0042172693     0.0043958507     0.0027977758 
    0.0091060797     0.0058710251     0.0031580295     0.0052804992 
    0.0078822363     0.0082160118     0.0052291492 
     0.014356180     0.0092559582     0.0049787880     0.0083249654 
     0.012426731      0.012952944     0.0082440095 
     0.014859413     0.0095804113     0.0051533116     0.0086167839 
     0.012862331      0.013406990     0.0085329902 
     0.010617386     0.0068454202     0.0036821575     0.0061568867 
    0.0091904256     0.0095795967     0.0060970142 
     0.010265172     0.0066183343     0.0035600078     0.0059526418 
    0.0088855480     0.0092618090     0.0058947555 
     0.012229040     0.0078845127     0.0042410863     0.0070914641 
     0.010585476      0.011033720     0.0070225033 
     0.012859860     0.0082912255     0.0044598574     0.0074572684 
     0.011131514      0.011602881     0.0073847504 
     0.011682037     0.0075318396     0.0040513831     0.0067742639 
     0.010111989      0.010540184     0.0067083877 
     0.011984418     0.0077267956     0.0041562501     0.0069496107 
     0.010373730      0.010813008     0.0068820294 
     0.011000616     0.0070925027     0.0038150634     0.0063791168 
    0.0095221501     0.0099253682     0.0063170833 
     0.014344360     0.0092483372     0.0049746887     0.0083181109 
     0.012416499      0.012942279     0.0082372216 
     0.016412940      0.010582027     0.0056920815     0.0095176539 
     0.014207065      0.014808667     0.0094250997 
     0.013528183     0.0087221177     0.0046916348     0.0078448202 
     0.011710015      0.012205879     0.0077685334 
     0.010745616     0.0069280943     0.0037266280     0.0062312451 
    0.0093014210     0.0096952923     0.0061706496 
     0.010861381     0.0070027325     0.0037667759     0.0062983760 
    0.0094016278     0.0097997423     0.0062371276 
     0.011264336     0.0072625327     0.0039065227     0.0065320447 
    0.0097504265      0.010163311     0.0064685240 
     0.010335225     0.0066635003     0.0035843026     0.0059932648 
    0.0089461862     0.0093250149     0.0059349835 
    0.0099618249     0.0064227555     0.0034548058     0.0057767349 
    0.0086229706     0.0089881127     0.0057205592 
     0.010672255     0.0068807961     0.0037011863     0.0061887044 
    0.0092379202     0.0096291025     0.0061285225 
     0.012282739     0.0079191347     0.0042597095     0.0071226036 
     0.010631958      0.011082171     0.0070533401 
     0.019156268      0.012350752     0.0066434802      0.011108475 
     0.016581694      0.017283851      0.011000451 
     0.025544951      0.016469771     0.0088591042      0.014813190 
     0.022111748      0.023048076      0.014669140 
     0.021587526      0.013918273     0.0074866513      0.012518330 
     0.018686195      0.019477467      0.012396596 
     0.017952102      0.011574382     0.0062258701      0.010410195 
     0.015539367      0.016197386      0.010308961 
     0.020737720      0.013370372     0.0071919350      0.012025539 
     0.017950602      0.018710725      0.011908597 
     0.065259379      0.042075126      0.022632247      0.037843080 
     0.056488617      0.058880643      0.037475076 
      0.38395491       0.24754988       0.13315730       0.22265055 
      0.33235195       0.34642549       0.22048539 
      0.65984253       0.42542479       0.22883637       0.38263425 
      0.57116069       0.59534664       0.37891333 
      0.73481101       0.47375973       0.25483577       0.42610751 
      0.63605352       0.66298738       0.42196384 
      0.61029061       0.39347684       0.21165154       0.35389973 
      0.52826847       0.55063815       0.35045824 
      0.71569522       0.46143508       0.24820633       0.41502251 
      0.61950686       0.64574005       0.41098664 
       1.1600123       0.74790264       0.40229748       0.67267628 
       1.0041084        1.0466276       0.66613486 
       1.3204370       0.85133436       0.45793350       0.76570452 
       1.1429722        1.1913717       0.75825845 
       1.1284179       0.72753257       0.39134041       0.65435510 
      0.97676021        1.0181214       0.64799184 
       1.2533566       0.57541627       0.34089249       0.60104729 
       1.0534347       0.91759031        1.0060173 
       1.1618421       0.97568328       0.46341655       0.80800835 
       1.5447218        1.2582221       0.59808461 
      0.87568003       0.50809515       0.24338385       0.50809515 
      0.84431613       0.86940725       0.48049492 
       1.7255170       0.83451344       0.26190883       0.64706888 
       1.1477770        1.2646088       0.59571421 
       1.8627531        1.2741836       0.55075989        1.1355484 
       1.6825273        1.6535400        1.3813108 
       1.1773698        1.0083357       0.89564623       0.95316479 
      0.73835056        1.2888854       0.56814256 
       1.7927400        1.2777448       0.84765422        1.5435936 
       1.0647873        1.1984077        1.3487306 
       7.1777907        6.3954979        1.6852315        1.2915451 
       1.8287365        3.6092147        1.1048616 
       2.7050565        2.2406632        2.2723577        2.6761181 
       1.8575732        1.9829732        1.0197360 
       2.3973117        2.1449631        2.3369092        3.0281833 
       2.3154327        3.1812032       0.62952923 
       4.0788327        3.1917667        3.4131850        2.3492628 
       4.4241897        3.0525098        1.2198899 
       3.1595103        3.7253680        7.0010367        2.1970544 
       3.1080687        5.8012857        1.2744243 
       3.0334772        2.5320215        4.0182439        2.1971678 
       2.1212897        5.1811593        1.7567445 
       3.1126639        3.0241987        3.3993566        3.8711709 
       4.7984171        9.6017489        5.2259988 
       4.2050195        3.6555234        7.2547233        3.9659887 
       5.6955279        9.4362232        5.1322943 
       6.8861971        3.4101932        6.0222815        2.7078130 
       4.3518851        8.2430950        6.0474092 
       9.1754883        5.6471933        8.8337748        17.100772 
       2.3151434        5.1531497        6.8040788 
       5.3668325        6.1418264        5.4236654        15.426253 
       3.2420577        12.140279        3.0289344 
       4.2827161        6.1706884        6.1110682        8.7031265 
       3.6283137        2.6062535        3.0150776 
       3.6202568        5.1827846        4.7548924        16.053171 
       4.3045639        2.3461956        2.5096601 
       5.9826898        22.127053        7.6024660        16.221495 
       3.5164372        3.5243482        2.4820746 
       10.858884        28.193742        6.4737376        10.199211 
       3.3296702        4.0318304        2.2182894 
       17.829806        17.297043        5.4265729        5.9111337 
       3.6329371        5.9466512        7.1821543 
       10.351500        13.972939        10.404368        12.682967 
       2.8971512        10.676637        3.1403428 
       16.433508        9.6750641        12.868751        8.3342600 
       4.9426689        6.8895560        4.2920573 
       20.539646        11.103673        21.473787        12.461903 
       5.7911026        5.8656047        3.6391392 
       19.577802        12.836254        11.696763        11.759488 
       15.695434        9.3746599        7.5687246 
       32.946321        12.490135        24.758207        19.123811 
       23.973939        10.814092        2.9537838 
       30.579327        12.475698        24.826181        10.714613 
       16.710111        4.0257216        2.9297559 
       22.911083        8.7876854        24.938653        10.741020 
       15.644075        4.5689932        6.9480247 
       32.134286        39.160698        51.121089        36.451350 
       14.038136        14.815288        15.368107 
       27.912569        42.993896        45.030471        43.995759 
       31.232952        35.412857        12.200286 
       36.888085        42.304250        41.837786        46.973209 
       28.652981        51.554346        15.951916 
       36.026600        44.960776        28.052039        48.636453 
       33.088849        41.468029        35.285574 
       42.645648        48.485108        23.761657        53.976043 
       26.502936        54.167061        39.939557 
       25.430962        37.572740        19.973750        39.980072 
       25.413196        35.144681        12.753234 
       32.295764        43.517796        29.356533        33.682194 
       41.215428        46.231620        10.420585 
       47.863323        40.761683        22.162515        39.615014 
       33.340131        49.856023        6.8800155 
       22.210641        41.396166        17.543232        46.449728 
       19.970041        52.628169        10.183439 
       45.749462        41.494220        20.097761        54.522892 
       26.948796        44.030690        10.452118 
       52.325378        37.403870        18.077945        38.202802 
       32.870351        74.876968        10.013782 
       83.461950        70.707202        22.435191        50.811025 
       56.151273        83.489076        10.651562 
       80.263038        73.813199        21.313703        52.060980 
       112.09199        88.532718        29.621753 
       106.82820        97.030756        22.594877        76.429544 
       89.097865        116.51931        36.163195 
       87.894389        88.751831        37.525803        62.350159 
       133.74586        116.84200        12.595916 
